 

 Nonlinear constraints      15     Linear constraints       0
 Nonlinear variables       216     Linear variables         0
 Jacobian  variables       216     Objective variables    216
 Total constraints          15     Total variables        216
 

 
 The user has defined       0   out of    3456   first  derivatives
 XXX  Some first  derivatives are missing --- derivative level reduced to 0
 

        Minor   QPmult   nInf   SumInf   rgNorm  Elastic QPobj    nS
          100 -3.3E+00      2  1.0E+00  1.1E-11  2.7095614E+05    94

 Major Minors     Step   nCon Feasible  Optimal  MeritFunction    nS Penalty
     0    106               1  3.8E+00  1.0E+00  3.1136453E+06   100           r iT

        Minor   QPmult   nInf   SumInf   rgNorm  Elastic QPobj    nS
          100 -2.1E+01                  1.1E-13  7.7828803E+03   195

 Major Minors     Step   nCon Feasible  Optimal  MeritFunction    nS Penalty
     1    102  1.2E-01      2  2.6E+00  1.7E+02  2.7848968E+06   197         n rl
     2      1  1.3E-01      4  1.8E+00  2.2E+00  2.3846627E+06   197         sM l
     3      1  1.0E+00      5  3.9E-01  3.2E+00  1.0314158E+05   197
     4      1  1.0E+00      6  1.4E-01  1.3E+00  1.1651550E+04   197
     5      1  1.0E+00      8  2.5E-02  2.8E+00 -3.3965393E+03   197 1.4E+03 n
     6      1  1.0E+00      9  1.1E-03  1.2E+00  1.0987068E+02   197 4.8E+04
     7      1  1.0E+00     10  1.6E-06  8.1E-01  9.0939337E+01   197 2.6E+02
     8      2  1.0E+00     11 (7.0E-07) 2.0E+00  9.0650676E+01   197 3.0E+01
     9      2  1.0E+00     12  8.0E-02  1.4E+00  4.8696032E+01   197 1.2E+01

 Major Minors     Step   nCon Feasible  Optimal  MeritFunction    nS Penalty
    10      2  1.0E+00     14  1.9E-02  1.4E+00  2.8510400E+01   197 1.4E+02 sM
    11      2  6.2E-03     16  1.9E-01  1.1E+00 -1.0709918E+03   197 2.9E+01  m
    12      2  2.0E-03     17  1.9E-01  3.8E+00 -1.0743767E+03   197 2.9E+01
    13      1  2.1E-02     18  1.9E-01  2.9E-01 -3.5795769E+02   197 8.2E+01   R
    14      1  1.0E+00     19  8.9E-02  1.9E-01  1.2014467E+04   197 1.9E+03 s
    15      1  1.0E+00     20  1.2E-02  9.5E-02  2.5185448E+02   197 2.1E+02
    16      1  1.0E+00     22  8.6E-04  2.7E-01  1.9562821E+02   197 1.6E+02 n
    17      2  1.0E+00     23  8.9E-05  4.5E-01  1.9522297E+02   197 2.6E+03
    18      1  1.0E+00     24  2.5E-03  5.3E-01  1.9228533E+02   197 4.4E+02
    19      2  1.0E+00     25  5.3E-04  9.2E-01  1.8776900E+02   197 4.4E+02

 Major Minors     Step   nCon Feasible  Optimal  MeritFunction    nS Penalty
    20      2  1.0E+00     26  2.7E-03  9.1E-01  1.8400786E+02   197 4.4E+02
    21      2  1.0E+00     27  3.5E-03  1.1E+00  1.8216192E+02   197 4.4E+02
    22      2  1.0E+00     28  3.6E-04  5.6E-01  1.7829260E+02   197 4.4E+02
    23      2  1.0E+00     29  3.0E-03  1.9E-01  1.7353955E+02   197 4.4E+02
    24      2  1.0E+00     30  6.9E-03  4.9E-01  1.6859826E+02   197 4.4E+02
    25      1  1.0E+00     31  5.3E-04  5.1E-01  1.6202660E+02   197 4.4E+02   R
    26      2  1.0E+00     32  2.3E-05  9.2E-01  1.6063500E+02   197 4.4E+02 s
    27      1  3.7E-01     33  3.1E-03  5.8E-01  1.4829937E+02   197 4.4E+02
    28      1  2.8E-01     34  3.9E-03  5.4E-01  1.4129967E+02   197 4.4E+02
    29      2  1.8E-01     35  4.0E-03  5.5E-01  1.3718082E+02   197 4.4E+02

 Major Minors     Step   nCon Feasible  Optimal  MeritFunction    nS Penalty
    30      1  9.3E-02     36  3.9E-03  5.8E-01  1.3467586E+02   197 4.4E+02
    31      1  8.3E-02     37  3.9E-03  5.7E-01  1.3212096E+02   197 4.4E+02
    32      1  7.4E-02     38  4.0E-03  5.7E-01  1.2962689E+02   197 4.4E+02
    33      1  8.8E-02     39  4.0E-03  5.2E-01  1.2660501E+02   197 4.4E+02
    34      1  1.1E-01     40  4.1E-03  4.6E-01  1.2295672E+02   197 4.4E+02
    35      1  2.7E-01     41  4.5E-03  2.4E-01  1.1511318E+02   197 4.4E+02
    36      1  1.0E+00     42  1.0E-02  9.1E-01  1.0578838E+02   197 4.4E+02   R
    37      1  1.0E+00     43  5.2E-04  1.4E+00  9.5378292E+01   197 4.4E+02 s
    38      1  1.0E+00     44  1.9E-03  1.2E+00  9.1588214E+01   197 4.4E+02
    39      1  1.0E+00     45  5.4E-03  1.7E+00  8.7611624E+01   197 4.4E+02

 Major Minors     Step   nCon Feasible  Optimal  MeritFunction    nS Penalty
    40      1  1.0E+00     46  8.9E-04  1.4E+00  8.3415737E+01   197 4.4E+02
    41      1  1.0E+00     47  9.6E-03  8.3E-01  7.7657905E+01   197 4.4E+02
    42      1  1.0E+00     48  3.5E-03  8.7E-01  7.2907826E+01   197 4.4E+02
    43      1  1.0E+00     49  2.3E-03  9.7E-01  7.0430495E+01   197 4.4E+02
    44      1  1.0E+00     50  2.4E-03  8.9E-01  6.8666366E+01   197 4.4E+02
    45      1  1.0E+00     51  1.0E-03  7.2E-01  6.6857198E+01   197 4.4E+02
    46      1  1.0E+00     52  4.2E-03  4.5E-01  6.4305156E+01   197 4.4E+02
    47      1  1.0E+00     53  4.3E-03  4.3E-01  6.1872485E+01   197 4.4E+02   R
    48      1  1.0E+00     54  7.4E-05  5.5E-01  6.0080860E+01   197 4.4E+02 s
    49      1  4.6E-01     55  2.6E-03  5.1E-01  5.7921599E+01   197 4.4E+02

 Major Minors     Step   nCon Feasible  Optimal  MeritFunction    nS Penalty
    50      1  2.1E-01     56  1.7E-03  7.8E-01  5.6708399E+01   197 4.4E+02
    51      1  1.0E+00     57  7.7E-03  6.4E-01  5.4336436E+01   197 4.4E+02
    52      1  1.0E+00     58  6.8E-03  8.5E-01  5.1603408E+01   197 4.4E+02
    53      1  2.9E-02     59  6.7E-03  6.2E-01  5.1352398E+01   197 4.4E+02
    54      1  3.0E-02     60  6.7E-03  1.3E+00  5.0837170E+01   197 4.4E+02
    55      1  8.9E-02     61  8.3E-03  1.4E+00  4.9558807E+01   197 4.4E+02
    56      1  3.0E-02     62  8.2E-03  1.1E+00  4.9009055E+01   197 4.4E+02
    57      1  3.7E-02     63  8.1E-03  1.2E+00  4.8367591E+01   197 4.4E+02
    58      1  4.0E-02     64  8.0E-03  8.0E-01  4.7685573E+01   197 4.4E+02   R
    59      1  1.0E+00     65  1.8E-03  7.6E-01  4.4973599E+01   197 4.4E+02 s

 Major Minors     Step   nCon Feasible  Optimal  MeritFunction    nS Penalty
    60      1  3.0E-01     66  2.1E-03  5.6E-01  4.3867944E+01   197 4.4E+02
    61      1  1.0E+00     67  6.5E-03  3.1E-01  4.1742887E+01   197 4.4E+02
    62      1  1.0E+00     68  2.4E-03  4.4E-01  3.9674721E+01   197 4.4E+02
    63      1  1.0E+00     69  5.1E-03  6.1E-01  3.8043579E+01   197 4.4E+02
    64      1  1.0E+00     70  5.4E-03  5.7E-01  3.5035296E+01   197 4.4E+02
    65      1  1.0E+00     71  3.8E-03  9.9E-01  3.1884470E+01   197 4.4E+02
    66      1  1.0E+00     72  2.4E-03  4.8E-01  2.9034306E+01   197 4.4E+02
    67      1  1.0E+00     73  2.5E-03  5.0E-01  2.6825334E+01   197 4.4E+02
    68      1  1.0E+00     74  2.8E-03  6.7E-01  2.4168684E+01   197 4.4E+02
    69      1  1.0E+00     75  2.0E-03  5.8E-01  2.1049261E+01   197 4.4E+02   R

 Major Minors     Step   nCon Feasible  Optimal  MeritFunction    nS Penalty
    70      1  1.0E+00     76  1.5E-03  4.4E-01  1.9741249E+01   197 4.4E+02 s
    71      1  1.0E+00     77  3.1E-03  8.2E-01  1.7976169E+01   197 4.4E+02
    72      1  1.0E+00     78  3.8E-03  9.1E-01  1.6568666E+01   197 4.4E+02
    73      1  1.0E+00     79  2.5E-03  1.3E+00  1.4851534E+01   197 4.4E+02
    74      1  1.0E+00     80  3.2E-03  1.2E+00  1.3371923E+01   197 4.4E+02
    75      1  1.0E+00     81  5.4E-03  9.8E-01  1.3340370E+01   197 4.4E+02
    76      1  1.0E+00     82  2.2E-03  8.4E-01  1.1317730E+01   197 4.4E+02
    77      1  1.0E+00     83  1.6E-03  8.4E-01  1.0534807E+01   197 4.4E+02
    78      1  1.0E+00     84  1.6E-03  1.3E+00  9.6223136E+00   197 4.4E+02
    79      1  1.0E+00     85  2.6E-03  1.5E+00  8.3343836E+00   197 4.4E+02

 Major Minors     Step   nCon Feasible  Optimal  MeritFunction    nS Penalty
    80      1  1.0E+00     86  4.6E-03  1.2E+00  7.7051109E+00   197 4.4E+02   R
    81      1  1.0E+00     87  9.7E-04  7.2E-01  6.6533492E+00   197 4.4E+02 s
    82      1  1.0E+00     88  9.9E-04  9.4E-01  6.1783256E+00   197 4.4E+02
    83      1  1.0E+00     89  4.5E-04  1.1E+00  5.9060768E+00   197 4.4E+02
    84      1  1.0E+00     90  3.0E-04  1.4E+00  5.5539164E+00   197 4.4E+02
    85      1  1.0E+00     91  9.5E-04  1.5E+00  5.3083990E+00   197 4.4E+02
    86      1  1.0E+00     92  1.7E-04  1.3E+00  5.1099920E+00   197 4.4E+02
    87      1  1.0E+00     93  3.3E-04  1.2E+00  4.9273756E+00   197 4.4E+02
    88      1  1.0E+00     94  1.6E-04  9.3E-01  4.7128644E+00   197 4.4E+02
    89      1  1.0E+00     95  1.9E-04  8.3E-01  4.5663495E+00   197 4.4E+02

 Major Minors     Step   nCon Feasible  Optimal  MeritFunction    nS Penalty
    90      1  1.0E+00     96  4.6E-04  7.8E-01  4.3863322E+00   197 4.4E+02
    91      1  1.0E+00     97  5.2E-04  8.8E-01  4.2141566E+00   197 4.4E+02   R
    92      1  1.0E+00     98  3.5E-05  1.1E+00  4.1271297E+00   197 4.4E+02 s
    93      1  1.0E+00     99  5.7E-04  1.3E+00  4.0772694E+00   197 4.4E+02
    94      1  3.5E-01    100  4.0E-04  1.3E+00  3.9940273E+00   197 4.4E+02
    95      1  4.3E-01    101  3.4E-04  1.2E+00  3.9478804E+00   197 4.4E+02
    96      1  1.0E+00    102  1.8E-04  1.2E+00  3.8982412E+00   197 4.4E+02
    97      1  1.0E+00    103  5.3E-04  8.1E-01  3.8814782E+00   197 4.4E+02
    98      1  1.0E+00    104  4.0E-04  1.1E+00  3.7802501E+00   197 4.4E+02
    99      1  5.0E-01    105  5.2E-04  1.2E+00  3.7232751E+00   197 4.4E+02

 Major Minors     Step   nCon Feasible  Optimal  MeritFunction    nS Penalty
   100      1  1.0E+00    106  2.6E-04  1.2E+00  3.6456458E+00   197 4.4E+02
   101      1  1.0E+00    107  3.3E-03  1.1E+00  3.5454057E+00   197 4.4E+02
   102      1  1.0E+00    108  1.4E-03  9.1E-01  3.4485002E+00   197 4.4E+02   R
   103      1  4.3E-01    109  1.0E-03  9.2E-01  3.3485701E+00   197 4.4E+02 s
   104      1  1.0E+00    110  3.1E-05  9.8E-01  3.2630310E+00   197 4.4E+02
   105      1  1.0E+00    111  6.1E-05  1.0E+00  3.2122938E+00   197 4.4E+02
   106      1  1.0E+00    112  1.6E-04  1.1E+00  3.1325529E+00   197 4.4E+02
   107      1  1.0E+00    113  1.6E-04  1.1E+00  3.0722756E+00   197 4.4E+02
   108      1  1.0E+00    114  6.3E-05  1.1E+00  3.0322064E+00   197 4.4E+02
   109      1  1.0E+00    115  1.2E-04  1.1E+00  2.9788405E+00   197 4.4E+02

 Major Minors     Step   nCon Feasible  Optimal  MeritFunction    nS Penalty
   110      1  1.0E+00    116  8.8E-05  1.0E+00  2.9243877E+00   197 4.4E+02
   111      1  1.0E+00    117  1.1E-04  1.0E+00  2.8608415E+00   197 4.4E+02
   112      1  1.0E+00    118  1.0E-04  9.7E-01  2.7857574E+00   197 4.4E+02
   113      1  1.0E+00    119  1.3E-04  9.2E-01  2.7010656E+00   197 4.4E+02   R
   114      1  1.0E+00    120  3.5E-05  8.5E-01  2.6538157E+00   197 4.4E+02 s
   115      1  4.8E-01    121  2.2E-04  7.9E-01  2.5725174E+00   197 4.4E+02
   116      1  1.0E+00    122  1.1E-03  8.0E-01  2.5643058E+00   197 4.4E+02
   117      1  1.0E+00    123  1.1E-04  8.5E-01  2.3887371E+00   197 4.4E+02
   118      1  1.0E+00    124  9.0E-04  5.6E-01  2.3349038E+00   197 4.4E+02
   119      1  1.0E+00    125  4.8E-04  6.8E-01  2.1701365E+00   197 4.4E+02

 Major Minors     Step   nCon Feasible  Optimal  MeritFunction    nS Penalty
   120      1  1.0E+00    126  1.1E-03  5.1E-01  2.0117416E+00   197 4.4E+02
   121      1  1.0E+00    127  6.4E-04  6.1E-01  1.9052798E+00   197 4.4E+02
   122      1  1.0E+00    128  4.5E-04  3.0E-01  1.7420867E+00   197 4.4E+02
   123      1  1.0E+00    129  2.2E-04  2.7E-01  1.5843593E+00   197 4.4E+02
   124      1  1.0E+00    130  1.4E-03  2.5E-01  1.3480491E+00   197 4.4E+02   R
   125      1  1.0E+00    131  1.2E-03  5.1E-01  1.3133069E+00   197 4.4E+02 s
   126      1  1.0E+00    132  3.7E-04  2.1E-01  1.1770827E+00   197 4.4E+02
   127      1  1.0E+00    133  8.9E-05  1.1E-01  1.1311944E+00   197 4.4E+02
   128      1  1.0E+00    134  1.6E-04  1.8E-01  1.0701137E+00   197 4.4E+02
   129      1  1.0E+00    135  9.4E-05  9.7E-02  1.0367593E+00   197 4.4E+02

 Major Minors     Step   nCon Feasible  Optimal  MeritFunction    nS Penalty
   130      1  1.0E+00    136  9.6E-05  9.8E-02  1.0050737E+00   197 4.4E+02
   131      1  1.0E+00    137  1.1E-04  1.9E-01  9.7094274E-01   197 4.4E+02
   132      1  1.0E+00    138  8.2E-05  1.7E-01  9.4001373E-01   197 4.4E+02
   133      1  1.0E+00    139  7.3E-05  1.5E-01  9.1882962E-01   197 4.4E+02
   134      1  1.0E+00    140  3.4E-05  7.9E-02  9.0240828E-01   197 4.4E+02
   135      1  1.0E+00    141  3.7E-05  6.5E-02  8.8448918E-01   197 4.4E+02   R
   136      1  1.0E+00    142  3.4E-05  7.2E-02  8.7567593E-01   197 4.4E+02 s
   137      1  1.0E+00    143  3.9E-05  7.7E-02  8.5944341E-01   197 4.4E+02
   138      1  1.0E+00    144  5.6E-05  5.4E-02  8.5141902E-01   197 4.4E+02
   139      1  1.0E+00    145  6.1E-05  8.6E-02  8.4278442E-01   197 4.4E+02

 Major Minors     Step   nCon Feasible  Optimal  MeritFunction    nS Penalty
   140      1  1.0E+00    146  2.3E-05  3.3E-02  8.3440457E-01   197 4.4E+02
   141      1  1.0E+00    147  4.8E-05  2.6E-02  8.2273132E-01   197 4.4E+02
   142      1  1.0E+00    148  7.2E-06  1.3E-02  8.1874181E-01   197 4.4E+02
   143      1  1.0E+00    149  2.7E-05  1.1E-02  8.1172495E-01   197 4.4E+02
   144      1  1.0E+00    150  2.0E-05  1.3E-02  8.0560159E-01   197 4.4E+02
   145      1  1.0E+00    151  2.0E-05  2.1E-02  7.9985690E-01   197 4.4E+02
   146      1  1.0E+00    152  1.2E-05  4.6E-03  7.9611166E-01   197 4.4E+02   R
   147      1  1.0E+00    153  1.1E-06  5.8E-03  7.9480046E-01   197 4.4E+02 s
   148      1  1.0E+00    154  5.3E-06  2.3E-02  7.9445234E-01   197 4.4E+02
   149      1  4.3E-01    155  1.4E-05  7.7E-03  7.9348480E-01   197 4.4E+02

 Major Minors     Step   nCon Feasible  Optimal  MeritFunction    nS Penalty
   150      1  1.0E+00    156  9.2E-06  1.4E-02  7.9314231E-01   197 4.4E+02
   151      1  1.0E+00    157  4.4E-06  8.7E-03  7.9262427E-01   197 4.4E+02
   152      1  1.0E+00    158  5.1E-06  1.4E-02  7.9259574E-01   197 4.4E+02
   153      1  1.0E+00    159  1.7E-06  3.8E-03  7.9211115E-01   197 4.4E+02
   154      1  1.0E+00    160  2.3E-06  5.6E-03  7.9207409E-01   197 4.4E+02
   155      1  1.0E+00    161  1.4E-06  8.1E-03  7.9178437E-01   197 4.4E+02
   156      1  1.0E+00    162 (4.1E-07) 3.0E-03  7.9167962E-01   197 4.4E+02
   157      1  1.0E+00    163 (3.4E-07) 6.0E-03  7.9156633E-01   197 4.4E+02   R
   158      1  1.0E+00    164  1.4E-06  3.5E-03  7.9152782E-01   197 4.4E+02 s
   159      1  1.0E+00    165 (8.9E-07) 1.9E-03  7.9147535E-01   197 4.4E+02

 Major Minors     Step   nCon Feasible  Optimal  MeritFunction    nS Penalty
   160      1  1.0E+00    166 (2.9E-07) 6.8E-03  7.9142646E-01   197 4.4E+02
   161      1  1.0E+00    167 (9.7E-08) 4.4E-03  7.9136616E-01   197 4.4E+02
   162      1  1.0E+00    168 (5.3E-07) 2.5E-03  7.9130830E-01   197 4.4E+02
   163      1  1.0E+00    169 (5.9E-08) 1.5E-03  7.9129401E-01   197 4.4E+02
   164      1  1.0E+00    170 (2.4E-08) 1.1E-03  7.9127673E-01   197 4.4E+02
   165      1  1.0E+00    171 (6.7E-08) 1.3E-03  7.9124896E-01   197 4.4E+02
   166      1  1.0E+00    172 (3.0E-08) 1.8E-03  7.9122788E-01   197 4.4E+02
   167      1  1.0E+00    173 (2.0E-08) 7.6E-04  7.9121444E-01   197 4.4E+02
   168      1  1.0E+00    174 (1.4E-08) 7.3E-04  7.9120740E-01   197 4.4E+02   R
   169      1  1.0E+00    175 (1.6E-08) 3.0E-04  7.9120525E-01   197 4.4E+02 s

 Major Minors     Step   nCon Feasible  Optimal  MeritFunction    nS Penalty
   170      1  1.0E+00    176 (4.9E-08) 4.9E-04  7.9120216E-01   197 4.4E+02
   171      1  1.0E+00    177 (5.4E-08) 2.0E-03  7.9120095E-01   197 4.4E+02
   172      1  1.0E+00    178 (1.4E-08) 2.7E-04  7.9119923E-01   197 4.4E+02
   173      1  1.0E+00    179 (1.9E-09) 1.1E-04  7.9119859E-01   197 4.4E+02
   174      1  1.0E+00    180 (7.5E-10) 3.2E-04  7.9119809E-01   197 4.4E+02
   175      1  1.0E+00    181 (1.7E-09) 3.5E-04  7.9119780E-01   197 4.4E+02
   176      1  1.0E+00    182 (2.3E-10) 1.7E-04  7.9119764E-01   197 4.4E+02
   177      1  1.0E+00    183 (6.7E-10) 1.6E-04  7.9119741E-01   197 4.4E+02
   178      1  1.0E+00    184 (3.6E-10) 5.2E-05  7.9119730E-01   197 4.4E+02
   179      1  1.0E+00    185 (2.9E-10) 6.1E-05  7.9119721E-01   197 4.4E+02   R

 Major Minors     Step   nCon Feasible  Optimal  MeritFunction    nS Penalty
   180      1  1.0E+00    186 (1.1E-10) 1.8E-04  7.9119716E-01   197 4.4E+02 s
   181      1  1.0E+00    187 (6.4E-10) 1.6E-04  7.9119712E-01   197 4.4E+02
   182      1  3.8E-01    188 (7.6E-10) 5.3E-05  7.9119709E-01   197 4.4E+02
   183      1  1.0E+00    189 (4.5E-10) 1.7E-04  7.9119706E-01   197 4.4E+02
   184      1  1.0E+00    190 (1.1E-10) 3.1E-05  7.9119705E-01   197 4.4E+02
   185      1  1.0E+00    191 (9.2E-11) 6.4E-05  7.9119703E-01   197 4.4E+02
   186      1  1.0E+00    192 (1.3E-10) 5.8E-05  7.9119702E-01   197 4.4E+02
   187      1  1.0E+00    193 (8.6E-11) 1.9E-05  7.9119700E-01   197 4.4E+02
   188      1  1.0E+00    194 (3.0E-11) 2.9E-05  7.9119700E-01   197 4.4E+02
   189      1  1.0E+00    195 (7.1E-12) 1.5E-05  7.9119699E-01   197 4.4E+02

 Major Minors     Step   nCon Feasible  Optimal  MeritFunction    nS Penalty
   190      1  1.0E+00    196 (9.0E-12) 1.2E-05  7.9119699E-01   197 4.4E+02   R
   191      1  1.0E+00    197 (9.9E-12) 2.6E-05  7.9119699E-01   197 4.4E+02 s
   192      1  1.0E+00    198 (5.6E-12) 2.6E-06  7.9119699E-01   197 4.4E+02
   193      1  1.0E+00    199 (8.6E-13) 5.0E-06  7.9119699E-01   197 4.4E+02
   194      1  1.0E+00    200 (8.4E-14) 2.8E-06  7.9119699E-01   197 4.4E+02
   195      1  1.0E+00    201 (9.5E-13) 2.5E-06  7.9119699E-01   197 4.4E+02
   196      1  1.0E+00    202 (1.1E-13) 3.1E-06  7.9119699E-01   197 4.4E+02
   197      1  1.0E+00    203 (4.2E-14) 2.5E-06  7.9119699E-01   197 4.4E+02
   198      1  1.0E+00    204 (5.9E-14)(1.4E-06) 7.9119699E-01   197 4.4E+02
 
 SNOPTA EXIT   0 -- finished successfully
 SNOPTA INFO   1 -- optimality conditions satisfied

 Problem name
 No. of iterations                 419   Objective value      7.9119699006E-01
 No. of major iterations           198   Linear objective     0.0000000000E+00
 Penalty parameter           4.350E+02   Nonlinear objective  7.9119699006E-01
 No. of calls to funobj          44529   No. of calls to funcon          44529
 Calls with modes 1,2 (known g)    204   Calls with modes 1,2 (known g)    204
 Calls for forward differencing  44064   Calls for forward differencing  44064
 Calls for central differencing      0   Calls for central differencing      0
 No. of superbasics                197   No. of basic nonlinears            15
 No. of degenerate steps             2   Percentage                        .48
 Max x                      10 1.0E+01   Max pi                      2 1.3E+00
 Max Primal infeas           0 0.0E+00   Max Dual infeas             3 3.2E-06
 Nonlinear constraint violn    6.5E-13

 Solution not printed
