
 
 ===>  WARNING - variable      403 has no Jacobian entries.
 ===>  WARNING - variable      404 has no Jacobian entries.
 ===>  WARNING - variable      405 has no Jacobian entries.
 

 Nonlinear constraints       3     Linear constraints       0
 Nonlinear variables       402     Linear variables         3
 Jacobian  variables       402     Objective variables    402
 Total constraints           3     Total variables        405
 

 
 The user has defined       0   out of    1608   first  derivatives
 XXX  Some first  derivatives are missing --- derivative level reduced to 0
 

 Major Minors     Step   nCon Feasible  Optimal  MeritFunction    nS Penalty
     0     99               1 (0.0E+00) 1.7E+00  1.9986700E+02    99           r  T

        Minor   QPmult   nInf   SumInf   rgNorm    QPobjective    nS
          100 -1.5E+00                  2.7E-48 -1.3647602E+02   198

 Major Minors     Step   nCon Feasible  Optimal  MeritFunction    nS Penalty
     1    100  1.4E-01      2 (0.0E+00) 1.7E+00  1.4397369E+02   198         n rl T

        Minor   QPmult   nInf   SumInf   rgNorm    QPobjective    nS
          100 -1.8E-01                  7.2E-19 -1.2102983E+01   297

 Major Minors     Step   nCon Feasible  Optimal  MeritFunction    nS Penalty
     2    100  8.1E-02      3 (0.0E+00) 1.3E+00  1.0243212E+02   297         s  l T

        Minor   QPmult   nInf   SumInf   rgNorm    QPobjective    nS
          100  1.9E-03                  4.3E-19 -1.7472421E+02   396

 Major Minors     Step   nCon Feasible  Optimal  MeritFunction    nS Penalty
     3    100  4.3E-01      4 (0.0E+00) 3.4E+00  4.8637278E+01   396              T
     4      5  1.2E-01      5 (0.0E+00) 6.5E-01  1.1474971E+01   400
     5      1  1.0E+00      6 (0.0E+00) 7.6E-01  6.5989145E+00   400
     6      1  1.0E+00      7 (0.0E+00) 9.2E-02  4.9149441E+00   400
     7      1  1.0E+00      8 (0.0E+00) 3.3E-01  3.3440533E+00   400
     8      1  1.0E+00      9 (0.0E+00) 2.0E-01  1.7414485E+00   400
     9      1  1.0E+00     10 (0.0E+00) 1.4E-01  1.5583077E+00   400

 Major Minors     Step   nCon Feasible  Optimal  MeritFunction    nS Penalty
    10      1  1.0E+00     11 (0.0E+00) 4.8E-02  1.4199556E+00   400
    11      1  1.0E+00     12 (0.0E+00) 7.8E-02  1.3049392E+00   400
    12      1  1.0E+00     13 (0.0E+00) 1.2E-01  1.2105574E+00   400           R
    13      1  5.4E-02     14 (0.0E+00) 3.6E-02  1.1954402E+00   400         s
    14      1  1.0E+00     15 (0.0E+00) 3.4E-02  1.1905009E+00   400
    15      1  1.0E+00     16 (0.0E+00) 2.2E-02  1.1277284E+00   400
    16      1  1.0E+00     17 (0.0E+00) 2.2E-02  1.1264651E+00   400
    17      1  1.0E+00     18 (0.0E+00) 2.2E-02  1.0854831E+00   400
    18      1  1.0E+00     19 (0.0E+00) 2.6E-02  1.0672646E+00   400
    19      1  1.0E+00     20 (0.0E+00) 2.8E-02  1.0553847E+00   400

 Major Minors     Step   nCon Feasible  Optimal  MeritFunction    nS Penalty
    20      1  1.0E+00     21 (0.0E+00) 2.6E-02  1.0490846E+00   400
    21      1  1.0E+00     22 (0.0E+00) 3.1E-02  1.0330213E+00   400
    22      1  1.0E+00     23 (0.0E+00) 3.3E-02  1.0082152E+00   400
    23      1  1.0E+00     24 (0.0E+00) 2.7E-02  9.7924697E-01   400           R
    24      1  1.0E+00     25 (0.0E+00) 2.1E-02  9.7624302E-01   400         s
    25      1  1.0E+00     26 (0.0E+00) 3.5E-02  9.7009686E-01   400
    26      1  1.0E+00     27 (0.0E+00) 4.6E-02  9.5402199E-01   400
    27      1  1.0E+00     28 (0.0E+00) 3.0E-02  9.4875717E-01   400
    28      1  1.0E+00     29 (0.0E+00) 3.5E-02  9.4561963E-01   400
    29      1  1.0E+00     30 (0.0E+00) 5.5E-02  9.4202149E-01   400

 Major Minors     Step   nCon Feasible  Optimal  MeritFunction    nS Penalty
    30      1  1.0E+00     31 (0.0E+00) 8.2E-02  9.3352238E-01   400
    31      1  1.0E+00     32 (0.0E+00) 9.3E-02  9.2035479E-01   400
    32      1  1.0E+00     33 (0.0E+00) 7.7E-02  9.0611674E-01   400
    33      1  1.0E+00     34 (0.0E+00) 4.1E-02  8.9760508E-01   400
    34      1  1.0E+00     35 (0.0E+00) 2.0E-02  8.9339172E-01   400           R
    35      1  1.0E+00     36 (0.0E+00) 2.3E-02  8.9149895E-01   400         s
    36      1  1.0E+00     37 (0.0E+00) 1.1E-02  8.7869067E-01   400
    37      1  1.0E+00     38 (0.0E+00) 1.2E-02  8.7683924E-01   400
    38      1  1.0E+00     39 (0.0E+00) 2.2E-02  8.6779068E-01   400
    39      1  1.0E+00     40 (0.0E+00) 2.3E-02  8.5935518E-01   400

 Major Minors     Step   nCon Feasible  Optimal  MeritFunction    nS Penalty
    40      1  1.0E+00     41 (0.0E+00) 2.0E-02  8.4793636E-01   400
    41      1  1.0E+00     42 (0.0E+00) 1.6E-02  8.3605600E-01   400
    42      1  1.0E+00     43 (0.0E+00) 2.7E-02  8.2250825E-01   400
    43      1  1.0E+00     44 (0.0E+00) 2.7E-02  8.1194239E-01   400
    44      1  1.0E+00     45 (0.0E+00) 1.7E-02  8.0580632E-01   400
    45      1  1.0E+00     46 (0.0E+00) 2.6E-02  8.0104354E-01   400           R
    46      1  1.0E+00     47 (0.0E+00) 2.3E-02  7.9822597E-01   400         s
    47      1  3.9E-01     48 (0.0E+00) 6.0E-02  7.8973588E-01   400
    48      1  4.6E-02     49 (0.0E+00) 2.2E-02  7.7465988E-01   400
    49      1  1.0E+00     50 (0.0E+00) 9.1E-03  7.7073246E-01   400

 Major Minors     Step   nCon Feasible  Optimal  MeritFunction    nS Penalty
    50      1  1.0E+00     51 (0.0E+00) 7.8E-03  7.6753769E-01   400
    51      1  1.0E+00     52 (0.0E+00) 9.8E-03  7.6383711E-01   400
    52      1  1.0E+00     53 (0.0E+00) 1.3E-02  7.5260882E-01   400
    53      1  1.0E+00     54 (0.0E+00) 9.3E-03  7.4574021E-01   400
    54      1  1.0E+00     55 (0.0E+00) 4.0E-03  7.4278415E-01   400
    55      1  1.0E+00     56 (0.0E+00) 1.3E-03  7.4216653E-01   400
    56      1  1.0E+00     57 (0.0E+00) 9.5E-04  7.4199265E-01   400           R
    57      1  1.5E-01     58 (0.0E+00) 2.2E-03  7.4198306E-01   400         s
    58      1  1.0E+00     59 (0.0E+00) 2.2E-03  7.4195767E-01   400
    59      1  1.0E+00     60 (0.0E+00) 1.4E-03  7.4194962E-01   400

 Major Minors     Step   nCon Feasible  Optimal  MeritFunction    nS Penalty
    60      1  1.0E+00     61 (0.0E+00) 1.1E-03  7.4192977E-01   400
    61      1  1.0E+00     62 (0.0E+00) 2.0E-03  7.4189114E-01   400
    62      1  1.0E+00     63 (0.0E+00) 2.7E-03  7.4183486E-01   400
    63      1  1.0E+00     64 (0.0E+00) 2.2E-03  7.4178690E-01   400
    64      1  1.0E+00     65 (0.0E+00) 1.2E-03  7.4176288E-01   400
    65      1  1.0E+00     66 (0.0E+00) 7.3E-04  7.4174917E-01   400
    66      1  1.0E+00     67 (0.0E+00) 1.7E-03  7.4172894E-01   400
    67      1  1.0E+00     68 (0.0E+00) 2.7E-03  7.4169229E-01   400           R
    68      1  2.4E-01     69 (0.0E+00) 1.5E-03  7.4168473E-01   400         s
    69      1  1.0E+00     70 (0.0E+00) 1.4E-03  7.4168061E-01   400

 Major Minors     Step   nCon Feasible  Optimal  MeritFunction    nS Penalty
    70      1  1.0E+00     71 (0.0E+00) 7.7E-04  7.4165476E-01   400
    71      1  1.0E+00     72 (0.0E+00) 7.5E-04  7.4165386E-01   400
    72      1  1.0E+00     73 (0.0E+00) 5.4E-04  7.4162457E-01   400
    73      1  1.0E+00     74 (0.0E+00) 5.9E-04  7.4161793E-01   400
    74      1  1.0E+00     75 (0.0E+00) 7.4E-04  7.4161590E-01   400
    75      1  1.0E+00     76 (0.0E+00) 7.6E-04  7.4161527E-01   400
    76      1  1.0E+00     77 (0.0E+00) 7.5E-04  7.4161350E-01   400
    77      1  1.0E+00     78 (0.0E+00) 6.7E-04  7.4161109E-01   400
    78      1  1.0E+00     79 (0.0E+00) 5.1E-04  7.4160841E-01   400           R
    79      1  1.0E+00     80 (0.0E+00) 6.2E-04  7.4160800E-01   400         s

 Major Minors     Step   nCon Feasible  Optimal  MeritFunction    nS Penalty
    80      1  4.4E-01     81 (0.0E+00) 7.8E-04  7.4160292E-01   400
    81      1  1.0E+00     82 (0.0E+00) 4.7E-04  7.4160013E-01   400
    82      1  1.0E+00     83 (0.0E+00) 1.2E-03  7.4159400E-01   400
    83      1  1.0E+00     84 (0.0E+00) 1.8E-03  7.4158459E-01   400
    84      1  1.0E+00     85 (0.0E+00) 1.5E-03  7.4157519E-01   400
    85      1  1.0E+00     86 (0.0E+00) 6.3E-04  7.4156767E-01   400
    86      1  1.0E+00     87 (0.0E+00) 9.1E-04  7.4156148E-01   400
    87      1  1.0E+00     88 (0.0E+00) 1.7E-03  7.4155355E-01   400
    88      1  1.0E+00     89 (0.0E+00) 2.1E-03  7.4154138E-01   400
    89      1  1.0E+00     90 (0.0E+00) 1.8E-03  7.4152627E-01   400           R

 Major Minors     Step   nCon Feasible  Optimal  MeritFunction    nS Penalty
    90      1  1.3E-01     91 (0.0E+00) 4.0E-04  7.4152353E-01   400         s
    91      1  1.0E+00     92 (0.0E+00) 3.8E-04  7.4152268E-01   400
    92      1  1.0E+00     93 (0.0E+00) 2.4E-04  7.4151615E-01   400
    93      1  1.0E+00     94 (0.0E+00) 2.4E-04  7.4151608E-01   400
    94      1  1.0E+00     95 (0.0E+00) 1.5E-04  7.4151451E-01   400
    95      1  1.0E+00     96 (0.0E+00) 1.6E-04  7.4151440E-01   400
    96      1  1.0E+00     97 (0.0E+00) 1.8E-04  7.4151399E-01   400
    97      1  1.0E+00     98 (0.0E+00) 1.9E-04  7.4151345E-01   400
    98      1  1.0E+00     99 (0.0E+00) 1.7E-04  7.4151263E-01   400
    99      1  1.0E+00    100 (0.0E+00) 1.4E-04  7.4151214E-01   400

 Major Minors     Step   nCon Feasible  Optimal  MeritFunction    nS Penalty
   100      1  1.0E+00    101 (0.0E+00) 2.0E-04  7.4151200E-01   400           R
   101      1  1.0E+00    102 (0.0E+00) 1.9E-04  7.4151198E-01   400         s
   102      1  1.3E-02    103 (0.0E+00) 6.4E-04  7.4151157E-01   400
   103      1  4.9E-01    104 (0.0E+00) 2.4E-04  7.4151012E-01   400
   104      1  1.0E+00    105 (0.0E+00) 2.8E-04  7.4150848E-01   400
   105      1  1.0E+00    106 (0.0E+00) 2.4E-04  7.4150717E-01   400
   106      1  3.3E-01    107 (0.0E+00) 1.4E-04  7.4150599E-01   400
   107      1  1.0E+00    108 (0.0E+00) 1.6E-04  7.4150552E-01   400
   108      1  1.0E+00    109 (0.0E+00) 3.1E-05  7.4150440E-01   400
   109      1  1.0E+00    110 (0.0E+00) 2.0E-05  7.4150426E-01   400

 Major Minors     Step   nCon Feasible  Optimal  MeritFunction    nS Penalty
   110      1  1.0E+00    111 (0.0E+00) 1.4E-05  7.4150405E-01   400
   111      1  1.0E+00    112 (0.0E+00) 8.9E-06  7.4150403E-01   400           R
   112      1  6.2E-02    113 (0.0E+00) 2.1E-05  7.4150403E-01   400         s
   113      1  1.0E+00    114 (0.0E+00) 1.7E-05  7.4150403E-01   400
   114      1  1.0E+00    115 (0.0E+00) 1.8E-05  7.4150403E-01   400
   115      1  1.0E+00    116 (0.0E+00) 2.2E-05  7.4150403E-01   400
   116      1  1.0E+00    117 (0.0E+00) 2.6E-05  7.4150402E-01   400
   117      1  1.0E+00    118 (0.0E+00) 1.8E-05  7.4150401E-01   400
   118      1  1.0E+00    119 (0.0E+00) 8.1E-06  7.4150401E-01   400
   119      1  1.0E+00    120 (0.0E+00) 9.2E-06  7.4150401E-01   400

 Major Minors     Step   nCon Feasible  Optimal  MeritFunction    nS Penalty
   120      1  1.0E+00    121 (0.0E+00) 1.3E-05  7.4150401E-01   400
   121      1  1.0E+00    122 (0.0E+00) 1.7E-05  7.4150401E-01   400
   122      1  1.0E+00    123 (0.0E+00) 1.6E-05  7.4150401E-01   400           R
   122      2  1.0E+00    123 (0.0E+00) 1.7E-05  7.4150401E-01   400           R   c
   123      1  1.0E+00    124 (0.0E+00) 1.6E-05  7.4150401E-01   400         s
   124      1  1.0E+00    125 (0.0E+00) 8.5E-06  7.4150401E-01   400
   125      1  1.0E+00    126 (0.0E+00) 6.7E-06  7.4150401E-01   400
   125      2  1.0E+00    126 (0.0E+00) 7.1E-06  7.4150401E-01   400               c
   126      1  1.0E+00    127 (0.0E+00) 6.9E-06  7.4150401E-01   400               c
   127      1  1.0E+00    128 (0.0E+00) 9.4E-06  7.4150401E-01   400               c
   128      1  1.0E+00    129 (0.0E+00) 1.2E-05  7.4150401E-01   400
   129      1  1.0E+00    130 (0.0E+00) 1.3E-05  7.4150401E-01   400

 Major Minors     Step   nCon Feasible  Optimal  MeritFunction    nS Penalty
   130      1  1.0E+00    131 (0.0E+00) 1.1E-05  7.4150401E-01   400
   131      1  1.0E+00    132 (0.0E+00) 9.0E-06  7.4150400E-01   400
   132      1  1.0E+00    133 (0.0E+00) 1.2E-05  7.4150400E-01   400
   133      1  1.0E+00    134 (0.0E+00) 1.1E-05  7.4150400E-01   400           R
   133      2  1.0E+00    134 (0.0E+00) 1.0E-05  7.4150400E-01   400           R   c
   134      1  1.0E+00    135 (0.0E+00) 6.8E-06  7.4150400E-01   400         s     c
   135      1  1.0E+00    136 (0.0E+00) 7.4E-06  7.4150400E-01   400               c
   136      1  1.0E+00    137 (0.0E+00) 7.3E-06  7.4150400E-01   400               c
   137      1  1.0E+00    138 (0.0E+00) 7.2E-06  7.4150400E-01   400               c
   138      1  1.0E+00    139 (0.0E+00) 6.7E-06  7.4150400E-01   400               c
   139      1  1.0E+00    140 (0.0E+00) 6.6E-06  7.4150400E-01   400               c

 Major Minors     Step   nCon Feasible  Optimal  MeritFunction    nS Penalty
   140      1  1.0E+00    141 (0.0E+00) 5.4E-06  7.4150400E-01   400               c
   141      1  1.0E+00    142 (0.0E+00) 5.2E-06  7.4150400E-01   400               c
   142      1  1.0E+00    143 (0.0E+00) 5.2E-06  7.4150400E-01   400               c
   143      1  1.0E+00    144 (0.0E+00) 5.1E-06  7.4150400E-01   400               c
   144      1  1.0E+00    145 (0.0E+00) 4.9E-06  7.4150400E-01   400           R   c
   145      1  1.0E+00    146 (0.0E+00) 1.1E-05  7.4150400E-01   400         s
   145      1  1.0E+00    146 (0.0E+00) 1.1E-05  7.4150400E-01   400         s     c
   146      1  1.0E+00    147 (0.0E+00) 8.1E-06  7.4150400E-01   400               c
   147      1  1.0E+00    148 (0.0E+00) 6.9E-06  7.4150400E-01   400               c
   148      1  1.0E+00    149 (0.0E+00) 6.9E-06  7.4150400E-01   400               c
   149      1  1.0E+00    150 (0.0E+00) 6.0E-06  7.4150400E-01   400               c

 Major Minors     Step   nCon Feasible  Optimal  MeritFunction    nS Penalty
   150      1  1.0E+00    151 (0.0E+00) 4.6E-06  7.4150400E-01   400               c
   151      1  1.0E+00    152 (0.0E+00) 4.6E-06  7.4150400E-01   400               c
   152      1  1.0E+00    153 (0.0E+00) 5.6E-06  7.4150400E-01   400               c
   153      1  1.0E+00    154 (0.0E+00) 5.6E-06  7.4150400E-01   400               c
   154      1  1.0E+00    155 (0.0E+00) 5.0E-06  7.4150400E-01   400               c
   155      1  1.0E+00    156 (0.0E+00) 4.7E-06  7.4150400E-01   400           R   c
   156      1  1.0E+00    157 (0.0E+00) 8.6E-06  7.4150400E-01   400         s     c
   157      1  1.0E+00    158 (0.0E+00) 7.2E-06  7.4150400E-01   400               c
   158      1  1.0E+00    159 (0.0E+00) 5.0E-06  7.4150400E-01   400               c
   159      1  1.0E+00    160 (0.0E+00) 5.4E-06  7.4150400E-01   400               c

 Major Minors     Step   nCon Feasible  Optimal  MeritFunction    nS Penalty
   160      1  1.0E+00    161 (0.0E+00) 7.3E-06  7.4150400E-01   400               c
   161      1  1.0E+00    162 (0.0E+00) 6.6E-06  7.4150400E-01   400               c
   162      1  1.0E+00    163 (0.0E+00) 4.8E-06  7.4150400E-01   400               c
   163      1  1.0E+00    164 (0.0E+00) 3.9E-06  7.4150400E-01   400               c
   164      1  1.0E+00    165 (0.0E+00) 4.8E-06  7.4150400E-01   400               c
   165      1  1.0E+00    166 (0.0E+00) 6.1E-06  7.4150400E-01   400               c
   166      1  1.0E+00    167 (0.0E+00) 7.5E-06  7.4150400E-01   400           R   c
   167      1  1.0E+00    168 (0.0E+00) 4.0E-06  7.4150400E-01   400         s     c
   168      1  1.0E+00    169 (0.0E+00) 4.8E-06  7.4150400E-01   400               c
   169      1  1.0E+00    170 (0.0E+00) 4.4E-06  7.4150400E-01   400               c

 Major Minors     Step   nCon Feasible  Optimal  MeritFunction    nS Penalty
   170      1  1.0E+00    171 (0.0E+00) 4.2E-06  7.4150400E-01   400               c
   171      1  1.0E+00    172 (0.0E+00) 3.6E-06  7.4150400E-01   400               c
   172      1  1.0E+00    173 (0.0E+00) 3.3E-06  7.4150400E-01   400               c
   173      1  1.0E+00    174 (0.0E+00) 4.2E-06  7.4150400E-01   400               c
   174      1  1.0E+00    175 (0.0E+00) 4.5E-06  7.4150400E-01   400               c
   175      1  1.0E+00    176 (0.0E+00) 4.3E-06  7.4150400E-01   400               c
   176      1  1.0E+00    177 (0.0E+00) 3.7E-06  7.4150400E-01   400               c
   177      1  1.0E+00    178 (0.0E+00) 3.0E-06  7.4150400E-01   400           R   c
   178      1  1.0E+00    179 (0.0E+00) 8.1E-06  7.4150400E-01   400         s     c
   179      1  1.0E+00    180 (0.0E+00) 6.0E-06  7.4150400E-01   400               c

 Major Minors     Step   nCon Feasible  Optimal  MeritFunction    nS Penalty
   180      1  1.0E+00    181 (0.0E+00) 4.2E-06  7.4150400E-01   400               c
   181      1  1.0E+00    182 (0.0E+00) 4.2E-06  7.4150400E-01   400               c
   182      1  1.0E+00    183 (0.0E+00) 3.2E-06  7.4150400E-01   400               c
   183      1  1.0E+00    184 (0.0E+00) 2.4E-06  7.4150400E-01   400               c
   184      1  1.0E+00    185 (0.0E+00) 2.6E-06  7.4150400E-01   400               c
   185      1  1.0E+00    186 (0.0E+00) 2.8E-06  7.4150400E-01   400               c
   186      1  1.0E+00    187 (0.0E+00) 3.0E-06  7.4150400E-01   400               c
   187      1  1.0E+00    188 (0.0E+00) 3.2E-06  7.4150400E-01   400               c
   188      1  1.0E+00    189 (0.0E+00) 3.3E-06  7.4150400E-01   400           R   c
   189      1  1.0E+00    190 (0.0E+00) 4.3E-06  7.4150400E-01   400         s     c

 Major Minors     Step   nCon Feasible  Optimal  MeritFunction    nS Penalty
   190      1  1.9E-01    191 (0.0E+00) 4.6E-06  7.4150400E-01   400               c
   191      1  1.0E+00    192 (0.0E+00) 2.5E-06  7.4150400E-01   400               c
   192      1  1.0E+00    193 (0.0E+00) 2.8E-06  7.4150400E-01   400               c
   193      1  1.0E+00    194 (0.0E+00) 5.2E-06  7.4150400E-01   400               c
   194      1  1.0E+00    195 (0.0E+00) 5.6E-06  7.4150399E-01   400               c
   195      1  1.0E+00    196 (0.0E+00) 4.2E-06  7.4150399E-01   400               c
   196      1  1.0E+00    197 (0.0E+00) 2.0E-06  7.4150399E-01   400               c
   197      1  1.0E+00    198 (0.0E+00) 2.4E-06  7.4150399E-01   400               c
   198      1  1.0E+00    199 (0.0E+00) 3.1E-06  7.4150399E-01   400               c
   199      1  1.0E+00    200 (0.0E+00) 2.7E-06  7.4150399E-01   400           R   c

 Major Minors     Step   nCon Feasible  Optimal  MeritFunction    nS Penalty
   200      1  1.1E-01    201 (0.0E+00) 2.0E-06  7.4150399E-01   400         s     c
   201      1  1.0E+00    202 (0.0E+00)(1.9E-06) 7.4150399E-01   400               c
 
 SNOPTA EXIT   0 -- finished successfully
 SNOPTA INFO   1 -- optimality conditions satisfied

 Problem name
 No. of iterations                 604   Objective value      7.4150399415E-01
 No. of major iterations           201   Linear objective     0.0000000000E+00
 Penalty parameter           0.000E+00   Nonlinear objective  7.4150399415E-01
 No. of calls to funobj         113812   No. of calls to funcon         113812
 Calls with modes 1,2 (known g)    202   Calls with modes 1,2 (known g)    202
 Calls for forward differencing  52260   Calls for forward differencing  52260
 Calls for central differencing  61104   Calls for central differencing  61104
 No. of superbasics                400   No. of basic nonlinears             0
 No. of degenerate steps             0   Percentage                        .00
 Max x       (scaled)      202 1.4E+00   Max pi      (scaled)        1 0.0E+00
 Max x                     202 1.4E+00   Max pi                      1 0.0E+00
 Max Prim inf(scaled)        0 0.0E+00   Max Dual inf(scaled)        1 3.8E-06
 Max Primal infeas           0 0.0E+00   Max Dual infeas             1 3.8E-06
 Nonlinear constraint violn    0.0E+00

 Solution not printed
