
 
 ===>  WARNING - variable      103 has no Jacobian entries.
 ===>  WARNING - variable      104 has no Jacobian entries.
 ===>  WARNING - variable      105 has no Jacobian entries.
 

 Nonlinear constraints       3     Linear constraints       0
 Nonlinear variables       102     Linear variables         3
 Jacobian  variables       102     Objective variables    102
 Total constraints           3     Total variables        105
 

 
 The user has defined       0   out of     408   first  derivatives
 XXX  Some first  derivatives are missing --- derivative level reduced to 0
 

 Major Minors     Step   nCon Feasible  Optimal  MeritFunction    nS Penalty
     0     99               1 (0.0E+00) 5.5E+00  1.9767500E+02    99           r  T
     1      2  1.1E-01      2 (0.0E+00) 5.4E+00  1.1934280E+02   100         n rl
     2      1  1.1E-01      3 (0.0E+00) 3.7E+00  6.0759309E+01   100         s  l
     3      1  1.9E-01      4 (0.0E+00) 9.6E+00  3.8290589E+01   100
     4      1  4.9E-01      5 (0.0E+00) 8.2E-01  3.6028344E+00   100
     5      1  1.0E+00      6 (0.0E+00) 2.8E-01  2.4279023E+00   100
     6      1  1.0E+00      7 (0.0E+00) 2.8E-01  2.1580270E+00   100
     7      1  1.0E+00      8 (0.0E+00) 3.1E-01  1.2308073E+00   100
     8      1  1.0E+00      9 (0.0E+00) 9.1E-02  1.1530299E+00   100
     9      1  1.0E+00     10 (0.0E+00) 1.7E-01  1.1050284E+00   100

 Major Minors     Step   nCon Feasible  Optimal  MeritFunction    nS Penalty
    10      1  1.0E+00     11 (0.0E+00) 1.7E-01  1.0562851E+00   100
    11      1  1.0E+00     12 (0.0E+00) 9.1E-02  9.5245743E-01   100
    12      1  1.0E+00     13 (0.0E+00) 1.3E-01  8.8762459E-01   100           R
    13      1  1.0E+00     14 (0.0E+00) 1.4E-01  8.7667228E-01   100         s
    14      1  1.4E-01     15 (0.0E+00) 6.3E-02  8.6606371E-01   100
    15      1  1.0E+00     16 (0.0E+00) 2.8E-02  8.6215538E-01   100
    16      1  1.0E+00     17 (0.0E+00) 1.4E-01  8.4029310E-01   100
    17      1  1.0E+00     18 (0.0E+00) 1.2E-01  8.3132108E-01   100
    18      1  1.0E+00     19 (0.0E+00) 3.8E-02  8.2548244E-01   100
    19      1  1.0E+00     20 (0.0E+00) 5.9E-02  8.2128151E-01   100

 Major Minors     Step   nCon Feasible  Optimal  MeritFunction    nS Penalty
    20      1  1.0E+00     21 (0.0E+00) 1.3E-01  8.1340493E-01   100
    21      1  1.0E+00     22 (0.0E+00) 1.4E-01  8.0555592E-01   100
    22      1  1.0E+00     23 (0.0E+00) 7.3E-02  8.0155113E-01   100
    23      1  1.0E+00     24 (0.0E+00) 2.1E-02  8.0058084E-01   100           R
    24      1  1.7E-01     25 (0.0E+00) 1.7E-02  8.0054146E-01   100         s
    25      1  1.0E+00     26 (0.0E+00) 1.7E-02  8.0047298E-01   100
    26      1  1.0E+00     27 (0.0E+00) 1.6E-02  7.9753879E-01   100
    27      1  1.0E+00     28 (0.0E+00) 1.4E-02  7.9750845E-01   100
    28      1  1.0E+00     29 (0.0E+00) 2.3E-02  7.9706100E-01   100
    29      1  1.0E+00     30 (0.0E+00) 2.3E-02  7.9694357E-01   100

 Major Minors     Step   nCon Feasible  Optimal  MeritFunction    nS Penalty
    30      1  1.0E+00     31 (0.0E+00) 1.6E-02  7.9683003E-01   100
    31      1  1.0E+00     32 (0.0E+00) 1.1E-02  7.9670139E-01   100
    32      1  1.0E+00     33 (0.0E+00) 1.7E-02  7.9647985E-01   100
    33      1  1.0E+00     34 (0.0E+00) 1.5E-02  7.9629499E-01   100
    34      1  1.0E+00     35 (0.0E+00) 8.6E-03  7.9621308E-01   100           R
    35      1  1.0E+00     36 (0.0E+00) 1.4E-02  7.9620148E-01   100         s
    36      1  1.0E+00     37 (0.0E+00) 1.2E-02  7.9618818E-01   100
    37      1  1.0E+00     38 (0.0E+00) 1.1E-02  7.9609439E-01   100
    38      1  1.0E+00     39 (0.0E+00) 1.2E-02  7.9605839E-01   100
    39      1  1.0E+00     40 (0.0E+00) 8.4E-03  7.9603162E-01   100

 Major Minors     Step   nCon Feasible  Optimal  MeritFunction    nS Penalty
    40      1  1.0E+00     41 (0.0E+00) 1.2E-02  7.9600549E-01   100
    41      1  1.0E+00     42 (0.0E+00) 1.8E-02  7.9594327E-01   100
    42      1  1.0E+00     43 (0.0E+00) 2.1E-02  7.9584008E-01   100
    43      1  1.0E+00     44 (0.0E+00) 1.7E-02  7.9571450E-01   100
    44      1  1.0E+00     45 (0.0E+00) 7.4E-03  7.9563674E-01   100
    45      1  1.0E+00     46 (0.0E+00) 1.0E-02  7.9560716E-01   100           R
    46      1  1.0E+00     47 (0.0E+00) 1.0E-02  7.9559678E-01   100         s
    47      1  7.0E-02     48 (0.0E+00) 1.1E-02  7.9557405E-01   100
    48      1  1.0E+00     49 (0.0E+00) 5.7E-03  7.9540189E-01   100
    49      1  1.0E+00     50 (0.0E+00) 6.1E-03  7.9533304E-01   100

 Major Minors     Step   nCon Feasible  Optimal  MeritFunction    nS Penalty
    50      1  1.0E+00     51 (0.0E+00) 6.2E-03  7.9522361E-01   100
    51      1  1.0E+00     52 (0.0E+00) 5.6E-03  7.9514596E-01   100
    52      1  1.0E+00     53 (0.0E+00) 5.0E-03  7.9490925E-01   100
    53      1  1.0E+00     54 (0.0E+00) 4.8E-03  7.9466007E-01   100
    54      1  1.0E+00     55 (0.0E+00) 2.4E-03  7.9448038E-01   100
    55      1  1.0E+00     56 (0.0E+00) 1.4E-03  7.9442833E-01   100
    56      1  1.0E+00     57 (0.0E+00) 1.3E-03  7.9441241E-01   100           R
    57      1  1.0E+00     58 (0.0E+00) 6.5E-03  7.9441205E-01   100         s
    58      1  1.0E+00     59 (0.0E+00) 5.7E-03  7.9440041E-01   100
    59      1  1.0E+00     60 (0.0E+00) 3.5E-03  7.9438942E-01   100

 Major Minors     Step   nCon Feasible  Optimal  MeritFunction    nS Penalty
    60      1  1.0E+00     61 (0.0E+00) 9.9E-04  7.9437715E-01   100
    61      1  1.0E+00     62 (0.0E+00) 1.5E-03  7.9437045E-01   100
    62      1  1.0E+00     63 (0.0E+00) 1.2E-03  7.9436822E-01   100
    63      1  1.0E+00     64 (0.0E+00) 7.8E-04  7.9436685E-01   100
    64      1  1.0E+00     65 (0.0E+00) 1.2E-03  7.9436467E-01   100
    65      1  1.0E+00     66 (0.0E+00) 1.7E-03  7.9436184E-01   100
    66      1  1.0E+00     67 (0.0E+00) 1.7E-03  7.9435930E-01   100
    67      1  1.0E+00     68 (0.0E+00) 1.3E-03  7.9435768E-01   100           R
    68      1  1.0E+00     69 (0.0E+00) 1.2E-03  7.9435705E-01   100         s
    69      1  1.1E-01     70 (0.0E+00) 1.8E-03  7.9435459E-01   100

 Major Minors     Step   nCon Feasible  Optimal  MeritFunction    nS Penalty
    70      1  1.0E+00     71 (0.0E+00) 6.4E-04  7.9435239E-01   100
    71      1  1.0E+00     72 (0.0E+00) 8.5E-04  7.9435154E-01   100
    72      1  1.0E+00     73 (0.0E+00) 1.1E-03  7.9434837E-01   100
    73      1  1.0E+00     74 (0.0E+00) 8.1E-04  7.9434601E-01   100
    74      1  1.0E+00     75 (0.0E+00) 5.1E-04  7.9434417E-01   100
    75      1  1.0E+00     76 (0.0E+00) 7.2E-04  7.9434222E-01   100
    76      1  1.0E+00     77 (0.0E+00) 9.5E-04  7.9433960E-01   100
    77      1  1.0E+00     78 (0.0E+00) 7.3E-04  7.9433740E-01   100
    78      1  1.0E+00     79 (0.0E+00) 2.9E-04  7.9433643E-01   100           R
    79      1  3.4E-01     80 (0.0E+00) 5.8E-04  7.9433638E-01   100         s

 Major Minors     Step   nCon Feasible  Optimal  MeritFunction    nS Penalty
    80      1  4.7E-01     81 (0.0E+00) 3.3E-04  7.9433628E-01   100
    81      1  1.0E+00     82 (0.0E+00) 3.1E-04  7.9433623E-01   100
    82      1  1.0E+00     83 (0.0E+00) 1.6E-04  7.9433598E-01   100
    83      1  1.0E+00     84 (0.0E+00) 1.7E-04  7.9433595E-01   100
    84      1  1.0E+00     85 (0.0E+00) 2.9E-04  7.9433580E-01   100
    85      1  1.0E+00     86 (0.0E+00) 3.1E-04  7.9433571E-01   100
    86      1  1.0E+00     87 (0.0E+00) 2.5E-04  7.9433555E-01   100
    87      1  1.0E+00     88 (0.0E+00) 1.6E-04  7.9433547E-01   100
    88      1  1.0E+00     89 (0.0E+00) 1.9E-04  7.9433543E-01   100
    89      1  1.0E+00     90 (0.0E+00) 2.0E-04  7.9433540E-01   100           R

 Major Minors     Step   nCon Feasible  Optimal  MeritFunction    nS Penalty
    90      1  1.0E+00     91 (0.0E+00) 1.9E-04  7.9433538E-01   100         s
    91      1  1.0E+00     92 (0.0E+00) 1.8E-04  7.9433522E-01   100
    92      1  3.7E-02     93 (0.0E+00) 1.3E-04  7.9433521E-01   100
    93      1  1.0E+00     94 (0.0E+00) 2.0E-04  7.9433517E-01   100
    94      1  1.0E+00     95 (0.0E+00) 1.4E-04  7.9433514E-01   100
    95      1  1.0E+00     96 (0.0E+00) 8.0E-05  7.9433509E-01   100
    96      1  1.0E+00     97 (0.0E+00) 1.3E-04  7.9433505E-01   100
    97      1  1.0E+00     98 (0.0E+00) 1.2E-04  7.9433497E-01   100
    98      1  1.0E+00     99 (0.0E+00) 7.6E-05  7.9433492E-01   100
    99      1  1.0E+00    100 (0.0E+00) 6.6E-05  7.9433488E-01   100

 Major Minors     Step   nCon Feasible  Optimal  MeritFunction    nS Penalty
   100      1  1.0E+00    101 (0.0E+00) 8.9E-05  7.9433485E-01   100           R
   101      1  1.0E+00    102 (0.0E+00) 5.8E-05  7.9433484E-01   100         s
   102      1  6.5E-02    103 (0.0E+00) 7.0E-05  7.9433484E-01   100
   103      1  1.0E+00    104 (0.0E+00) 4.4E-05  7.9433483E-01   100
   104      1  1.0E+00    105 (0.0E+00) 3.2E-05  7.9433483E-01   100
   105      1  1.0E+00    106 (0.0E+00) 3.1E-05  7.9433482E-01   100
   106      1  1.0E+00    107 (0.0E+00) 3.2E-05  7.9433482E-01   100
   107      1  1.0E+00    108 (0.0E+00) 2.6E-05  7.9433481E-01   100
   108      1  1.0E+00    109 (0.0E+00) 1.9E-05  7.9433481E-01   100
   109      1  1.0E+00    110 (0.0E+00) 2.3E-05  7.9433481E-01   100

 Major Minors     Step   nCon Feasible  Optimal  MeritFunction    nS Penalty
   110      1  1.0E+00    111 (0.0E+00) 2.4E-05  7.9433480E-01   100
   111      1  1.0E+00    112 (0.0E+00) 2.1E-05  7.9433480E-01   100           R
   112      1  1.0E+00    113 (0.0E+00) 5.8E-05  7.9433480E-01   100         s
   113      1  1.0E-01    114 (0.0E+00) 2.2E-05  7.9433480E-01   100
   114      1  1.0E+00    115 (0.0E+00) 2.1E-05  7.9433480E-01   100
   115      1  1.0E+00    116 (0.0E+00) 2.0E-05  7.9433480E-01   100
   116      1  1.0E+00    117 (0.0E+00) 2.1E-05  7.9433480E-01   100
   117      1  1.0E+00    118 (0.0E+00) 1.7E-05  7.9433479E-01   100
   118      1  1.0E+00    119 (0.0E+00) 1.5E-05  7.9433479E-01   100
   119      1  1.0E+00    120 (0.0E+00) 1.1E-05  7.9433479E-01   100

 Major Minors     Step   nCon Feasible  Optimal  MeritFunction    nS Penalty
   120      1  1.0E+00    121 (0.0E+00) 1.2E-05  7.9433479E-01   100
   121      1  1.0E+00    122 (0.0E+00) 1.2E-05  7.9433479E-01   100
   122      1  1.0E+00    123 (0.0E+00) 1.3E-05  7.9433479E-01   100           R
   123      1  1.0E+00    124 (0.0E+00) 2.9E-05  7.9433479E-01   100         s
   124      1  2.8E-01    125 (0.0E+00) 1.0E-05  7.9433479E-01   100
   125      1  1.0E+00    126 (0.0E+00) 7.7E-06  7.9433479E-01   100
   126      1  1.0E+00    127 (0.0E+00) 7.4E-06  7.9433479E-01   100
   127      1  1.0E+00    128 (0.0E+00) 7.3E-06  7.9433479E-01   100
   128      1  1.0E+00    129 (0.0E+00) 7.2E-06  7.9433479E-01   100
   129      1  1.0E+00    130 (0.0E+00) 6.6E-06  7.9433479E-01   100

 Major Minors     Step   nCon Feasible  Optimal  MeritFunction    nS Penalty
   130      1  1.0E+00    131 (0.0E+00) 7.1E-06  7.9433479E-01   100
   131      1  1.0E+00    132 (0.0E+00) 7.5E-06  7.9433479E-01   100
   132      1  1.0E+00    133 (0.0E+00) 7.6E-06  7.9433479E-01   100
   133      1  1.0E+00    134 (0.0E+00) 7.0E-06  7.9433479E-01   100           R
   133      2  1.0E+00    134 (0.0E+00) 9.5E-06  7.9433479E-01   100           R   c
   134      1  1.0E+00    135 (0.0E+00) 1.4E-05  7.9433479E-01   100         s
   135      1  8.2E-02    136 (0.0E+00) 1.8E-05  7.9433479E-01   100
   136      1  1.0E+00    137 (0.0E+00) 1.4E-05  7.9433479E-01   100
   137      1  1.0E+00    138 (0.0E+00) 9.8E-06  7.9433479E-01   100
   138      1  1.0E+00    139 (0.0E+00) 9.2E-06  7.9433479E-01   100
   139      1  1.0E+00    140 (0.0E+00) 8.9E-06  7.9433479E-01   100

 Major Minors     Step   nCon Feasible  Optimal  MeritFunction    nS Penalty
   140      1  1.0E+00    141 (0.0E+00) 6.2E-06  7.9433479E-01   100
   141      1  1.0E+00    142 (0.0E+00) 5.2E-06  7.9433479E-01   100
   142      1  1.0E+00    143 (0.0E+00) 6.4E-06  7.9433479E-01   100
   143      1  1.0E+00    144 (0.0E+00) 8.9E-06  7.9433479E-01   100
   144      1  1.0E+00    145 (0.0E+00) 8.5E-06  7.9433479E-01   100           R
   145      1  8.9E-02    146 (0.0E+00) 7.3E-06  7.9433479E-01   100         s
   145      2  1.0E+00    146 (0.0E+00) 1.0E-05  7.9433479E-01   100         s     c
   146      1  1.0E+00    147 (0.0E+00) 7.5E-06  7.9433479E-01   100               c
   147      1  1.0E+00    148 (0.0E+00) 9.5E-06  7.9433479E-01   100               c
   148      1  1.0E+00    149 (0.0E+00) 1.1E-05  7.9433479E-01   100
   149      1  1.0E+00    150 (0.0E+00) 1.2E-05  7.9433479E-01   100
   149      2  1.0E+00    150 (0.0E+00) 1.5E-05  7.9433479E-01   100               c

 Major Minors     Step   nCon Feasible  Optimal  MeritFunction    nS Penalty
   150      1  1.0E+00    151 (0.0E+00) 1.3E-05  7.9433479E-01   100
   151      1  1.0E+00    152 (0.0E+00) 5.9E-06  7.9433479E-01   100
   151      2  1.0E+00    152 (0.0E+00) 7.1E-06  7.9433479E-01   100               c
   152      1  1.0E+00    153 (0.0E+00) 4.7E-06  7.9433479E-01   100               c
   153      1  1.0E+00    154 (0.0E+00) 7.2E-06  7.9433479E-01   100               c
   154      1  1.0E+00    155 (0.0E+00) 8.8E-06  7.9433479E-01   100               c
   155      1  1.0E+00    156 (0.0E+00) 9.4E-06  7.9433479E-01   100           R   c
   156      1  1.0E+00    157 (0.0E+00) 3.9E-06  7.9433479E-01   100         s     c
   157      1  1.0E+00    158 (0.0E+00) 3.5E-06  7.9433479E-01   100               c
   158      1  1.0E+00    159 (0.0E+00) 3.5E-06  7.9433479E-01   100               c
   159      1  1.0E+00    160 (0.0E+00) 3.5E-06  7.9433479E-01   100               c

 Major Minors     Step   nCon Feasible  Optimal  MeritFunction    nS Penalty
   160      1  1.0E+00    161 (0.0E+00) 3.2E-06  7.9433479E-01   100               c
   161      1  1.0E+00    162 (0.0E+00) 2.7E-06  7.9433479E-01   100               c
   162      1  1.0E+00    163 (0.0E+00) 2.5E-06  7.9433479E-01   100               c
   163      1  1.0E+00    164 (0.0E+00) 2.8E-06  7.9433479E-01   100               c
   164      1  1.0E+00    165 (0.0E+00) 3.2E-06  7.9433479E-01   100               c
   165      1  1.0E+00    166 (0.0E+00) 3.9E-06  7.9433479E-01   100               c
   166      1  1.0E+00    167 (0.0E+00) 4.5E-06  7.9433479E-01   100           R   c
   167      1  1.0E+00    168 (0.0E+00) 8.1E-06  7.9433479E-01   100         s     c
   168      1  1.0E+00    169 (0.0E+00) 5.7E-06  7.9433479E-01   100               c
   169      1  1.0E+00    170 (0.0E+00) 2.9E-06  7.9433479E-01   100               c

 Major Minors     Step   nCon Feasible  Optimal  MeritFunction    nS Penalty
   170      1  1.0E+00    171 (0.0E+00) 3.9E-06  7.9433479E-01   100               c
   171      1  1.0E+00    172 (0.0E+00) 5.8E-06  7.9433479E-01   100               c
   172      1  1.0E+00    173 (0.0E+00) 5.3E-06  7.9433479E-01   100               c
   173      1  1.0E+00    174 (0.0E+00) 3.3E-06  7.9433479E-01   100               c
   174      1  1.0E+00    175 (0.0E+00) 2.4E-06  7.9433479E-01   100               c
   175      1  1.0E+00    176 (0.0E+00) 4.4E-06  7.9433479E-01   100               c
   176      1  1.0E+00    177 (0.0E+00) 6.1E-06  7.9433479E-01   100               c
   177      1  1.0E+00    178 (0.0E+00) 5.8E-06  7.9433479E-01   100           R   c
   178      1  3.4E-01    179 (0.0E+00) 2.9E-06  7.9433479E-01   100         s     c
   179      1  1.0E+00    180 (0.0E+00) 2.9E-06  7.9433479E-01   100               c

 Major Minors     Step   nCon Feasible  Optimal  MeritFunction    nS Penalty
   180      1  1.0E+00    181 (0.0E+00) 3.0E-06  7.9433479E-01   100               c
   181      1  1.0E+00    182 (0.0E+00) 3.0E-06  7.9433479E-01   100               c
   182      1  1.0E+00    183 (0.0E+00) 2.4E-06  7.9433479E-01   100               c
   183      1  1.0E+00    184 (0.0E+00)(1.9E-06) 7.9433479E-01   100               c
 
 SNOPTA EXIT   0 -- finished successfully
 SNOPTA INFO   1 -- optimality conditions satisfied

 Problem name
 No. of iterations                 287   Objective value      7.9433478851E-01
 No. of major iterations           183   Linear objective     0.0000000000E+00
 Penalty parameter           0.000E+00   Nonlinear objective  7.9433478851E-01
 No. of calls to funobj          23768   No. of calls to funcon          23768
 Calls with modes 1,2 (known g)    184   Calls with modes 1,2 (known g)    184
 Calls for forward differencing  14994   Calls for forward differencing  14994
 Calls for central differencing   8364   Calls for central differencing   8364
 No. of superbasics                100   No. of basic nonlinears             0
 No. of degenerate steps             0   Percentage                        .00
 Max x       (scaled)       52 1.3E+00   Max pi      (scaled)        1 0.0E+00
 Max x                      52 1.3E+00   Max pi                      1 0.0E+00
 Max Prim inf(scaled)        0 0.0E+00   Max Dual inf(scaled)       52 3.7E-06
 Max Primal infeas           0 0.0E+00   Max Dual infeas            52 3.7E-06
 Nonlinear constraint violn    0.0E+00

 Solution not printed
