 

 Nonlinear constraints      63     Linear constraints       0
 Nonlinear variables       480     Linear variables         0
 Jacobian  variables       480     Objective variables    480
 Total constraints          63     Total variables        480
 

 
 The user has defined       0   out of   30720   first  derivatives
 XXX  Some first  derivatives are missing --- derivative level reduced to 0
 

        Minor   QPmult   nInf   SumInf   rgNorm  Elastic QPobj    nS
          100 -6.9E-01      1  1.0E+00  1.1E-10  2.4786040E+04    80

 Major Minors     Step   nCon Feasible  Optimal  MeritFunction    nS Penalty
     0    119               1  7.9E-01  1.0E+00  1.6068376E+05    99           r iT

        Minor   QPmult   nInf   SumInf   rgNorm  Elastic QPobj    nS
          100 -9.4E+01      1  4.3E-01  9.9E-12  3.2761872E+04   196

 Major Minors     Step   nCon Feasible  Optimal  MeritFunction    nS Penalty
     1    102  7.4E-02      2  6.9E-01  7.6E-01  1.5064419E+05   198         n rliT

        Minor   QPmult   nInf   SumInf   rgNorm  Elastic QPobj    nS
          100 -3.6E+01                  1.5E-11  2.3647121E+04   295

 Major Minors     Step   nCon Feasible  Optimal  MeritFunction    nS Penalty
     2    102  7.5E-02      4  5.8E-01  2.4E+00  1.3918832E+05   297         sM l T

        Minor   QPmult   nInf   SumInf   rgNorm  Elastic QPobj    nS
          100  3.3E-01                  3.1E-13  8.5206322E+02   395

 Major Minors     Step   nCon Feasible  Optimal  MeritFunction    nS Penalty
     3    101  7.7E-01      6  4.8E-02  1.5E+01  2.8042594E+04   396          M l
     4      4  1.0E+00      7  2.3E-04  6.8E-01  1.3236943E+01   397         s
     5      2  3.3E-04      8  3.0E-04  2.0E+00  1.2829767E+01   397
     6      2  1.0E-03     10  6.1E-02  1.5E+00 -7.4149405E+02   397          m l
     7      2  8.4E-05     11  6.3E-02  1.6E+00 -7.4316981E+02   397
     8      4  3.3E-04     12  1.2E-01  7.7E-01 -7.9279859E+02   397
     9      2  6.1E-04     14  1.1E-01  4.4E-01 -1.6257768E+03   397          M l

 Major Minors     Step   nCon Feasible  Optimal  MeritFunction    nS Penalty
    10      2  3.7E-04     15  1.3E-01  2.6E+00 -1.6279723E+03   397
    11      2  2.5E-04     16  1.8E-01  4.0E-01 -1.8723221E+03   397
    12      2  4.5E-05     17  1.8E-01  8.6E-01 -1.8738723E+03   397           R
    13      1  1.0E+00     18  8.4E-03  1.3E+00  8.6840157E+01   397 1.6E+02 s
    14      1  1.0E+00     19  3.5E-04  1.0E+00  3.2020373E+01   397 1.9E+01
    15      2  1.0E+00     20  1.4E-03  5.9E-01  2.5859504E+01   397 1.3E+01
    16      2  1.0E+00     21  1.7E-03  7.6E-01  2.3042757E+01   397 1.3E+01
    17      1  1.0E+00     22  9.7E-04  8.6E-01  2.1155496E+01   397 1.3E+01
    18      1  1.0E+00     23  1.2E-03  1.0E+00  1.9155355E+01   397 1.3E+01
    19      1  1.0E+00     24  1.3E-04  9.8E-01  1.8462471E+01   397 1.3E+01

 Major Minors     Step   nCon Feasible  Optimal  MeritFunction    nS Penalty
    20      1  1.0E+00     25  4.9E-05  1.1E+00  1.7907598E+01   397 1.3E+01
    21      1  1.0E+00     26  7.2E-05  1.1E+00  1.7258242E+01   397 1.3E+01
    22      1  1.0E+00     27  7.4E-05  9.7E-01  1.6620584E+01   397 1.3E+01
    23      1  1.0E+00     28  8.5E-05  9.4E-01  1.6044750E+01   397 1.3E+01   R
    24      1  1.0E+00     29  1.7E-05  1.0E+00  1.5828252E+01   397 1.3E+01 s
    25      1  1.0E+00     30  2.5E-04  1.0E+00  1.5178145E+01   397 1.3E+01
    26      1  1.0E+00     31  3.8E-05  1.0E+00  1.4856764E+01   397 1.3E+01
    27      1  1.0E+00     32  3.0E-04  9.8E-01  1.4195489E+01   397 1.3E+01
    28      1  1.0E+00     33  1.7E-04  9.6E-01  1.3701610E+01   397 1.3E+01
    29      1  1.0E+00     34  1.8E-04  9.3E-01  1.3189584E+01   397 1.3E+01

 Major Minors     Step   nCon Feasible  Optimal  MeritFunction    nS Penalty
    30      1  1.0E+00     35  1.4E-04  1.0E+00  1.2760328E+01   397 1.3E+01
    31      1  1.0E+00     36  1.5E-04  1.1E+00  1.2453648E+01   397 1.3E+01
    32      1  1.0E+00     37  1.1E-04  1.1E+00  1.2201648E+01   397 1.3E+01
    33      1  1.0E+00     38  5.6E-05  1.1E+00  1.1894213E+01   397 1.3E+01
    34      1  1.0E+00     39  4.4E-05  1.2E+00  1.1460700E+01   397 1.3E+01   R
    35      1  1.0E+00     40  6.4E-05  1.1E+00  1.1229070E+01   397 1.3E+01 s
    36      1  1.0E+00     41  5.0E-05  1.1E+00  1.0983537E+01   397 1.3E+01
    37      1  1.0E+00     42  4.4E-05  1.1E+00  1.0854863E+01   397 1.3E+01
    38      1  1.0E+00     43  5.2E-05  1.0E+00  1.0610578E+01   397 1.3E+01
    39      1  1.0E+00     44  2.2E-04  9.4E-01  1.0243462E+01   397 1.3E+01

 Major Minors     Step   nCon Feasible  Optimal  MeritFunction    nS Penalty
    40      1  1.0E+00     45  5.6E-05  9.2E-01  9.9827971E+00   397 1.3E+01
    41      1  1.0E+00     46  6.3E-05  8.4E-01  9.7671102E+00   397 1.3E+01
    42      1  1.0E+00     47  9.9E-05  8.2E-01  9.4630775E+00   397 1.3E+01
    43      1  1.0E+00     48  2.0E-04  7.9E-01  8.9578624E+00   397 1.3E+01
    44      1  1.0E+00     49  3.2E-04  7.6E-01  8.2838622E+00   397 1.3E+01
    45      1  1.0E+00     50  3.5E-04  7.4E-01  7.7001094E+00   397 1.3E+01   R
    46      1  1.0E+00     51  3.5E-05  8.1E-01  7.3899035E+00   397 1.3E+01 s
    47      1  1.0E+00     52  5.5E-04  9.2E-01  7.1903952E+00   397 1.3E+01
    48      1  1.0E+00     53  2.6E-04  7.7E-01  6.7434225E+00   397 1.3E+01
    49      1  4.6E-01     54  1.8E-04  8.8E-01  6.6010513E+00   397 1.3E+01

 Major Minors     Step   nCon Feasible  Optimal  MeritFunction    nS Penalty
    50      1  1.0E+00     55  6.8E-05  9.0E-01  6.4598360E+00   397 1.3E+01
    51      1  1.0E+00     56  1.5E-04  9.4E-01  6.2866757E+00   397 1.3E+01
    52      1  1.0E+00     57  1.6E-04  9.6E-01  6.1437921E+00   397 1.3E+01
    53      1  1.0E+00     58  8.8E-05  8.8E-01  6.0043461E+00   397 1.3E+01
    54      1  1.0E+00     59  2.0E-04  9.3E-01  5.8253224E+00   397 1.3E+01
    55      1  1.0E+00     60  1.0E-04  9.0E-01  5.5812900E+00   397 1.3E+01
    56      1  1.0E+00     61  1.1E-04  8.5E-01  5.2467638E+00   397 1.3E+01   R
    57      1  1.0E+00     62  2.3E-04  8.6E-01  5.1602261E+00   397 1.3E+01 s
    58      1  1.0E+00     63  3.3E-05  8.5E-01  5.0450493E+00   397 1.3E+01
    59      1  1.0E+00     64  4.9E-06  8.5E-01  4.9820016E+00   397 1.3E+01

 Major Minors     Step   nCon Feasible  Optimal  MeritFunction    nS Penalty
    60      1  1.0E+00     65  3.4E-05  8.3E-01  4.8732960E+00   397 1.3E+01
    61      1  1.0E+00     66  1.8E-05  8.0E-01  4.7904230E+00   397 1.3E+01
    62      1  1.0E+00     67  1.9E-05  7.7E-01  4.6829417E+00   397 1.3E+01
    63      1  1.0E+00     68  2.7E-05  8.2E-01  4.5464655E+00   397 1.3E+01
    64      1  1.0E+00     69  4.3E-05  8.9E-01  4.3792729E+00   397 1.3E+01
    65      1  1.0E+00     70  5.4E-05  9.4E-01  4.2132985E+00   397 1.3E+01
    66      1  1.0E+00     71  7.3E-05  1.0E+00  4.0333302E+00   397 1.3E+01
    67      1  1.0E+00     72  1.3E-04  1.1E+00  3.8016039E+00   397 1.3E+01   R
    68      1  1.0E+00     73  1.6E-05  1.0E+00  3.6694026E+00   397 1.3E+01 s
    69      1  1.0E+00     74  5.7E-04  9.4E-01  3.6370826E+00   397 1.3E+01

 Major Minors     Step   nCon Feasible  Optimal  MeritFunction    nS Penalty
    70      1  1.0E+00     75  2.3E-04  9.6E-01  3.3899836E+00   397 1.3E+01
    71      1  4.1E-01     76  1.8E-04  9.7E-01  3.3169919E+00   397 1.3E+01
    72      1  1.0E+00     77  2.0E-05  9.5E-01  3.2706936E+00   397 1.3E+01
    73      1  1.0E+00     78  8.8E-05  9.0E-01  3.1620122E+00   397 1.3E+01
    74      1  1.0E+00     79  4.4E-05  9.1E-01  3.0584716E+00   397 1.3E+01
    75      1  1.0E+00     80  7.8E-05  9.2E-01  2.9391393E+00   397 1.3E+01
    76      1  1.0E+00     81  1.4E-04  9.0E-01  2.7923460E+00   397 1.3E+01
    77      1  1.0E+00     82  1.5E-04  8.4E-01  2.5430216E+00   397 1.3E+01
    78      1  1.0E+00     83  1.2E-03  4.5E-01  2.1107687E+00   397 1.3E+01   R
    79      1  1.0E+00     84  2.6E-04  4.4E-01  2.0514735E+00   397 1.3E+01 s

 Major Minors     Step   nCon Feasible  Optimal  MeritFunction    nS Penalty
    80      1  1.0E+00     85  3.7E-05  5.0E-01  1.8872210E+00   397 1.3E+01
    81      1  1.0E+00     86  1.1E-05  5.4E-01  1.8203922E+00   397 1.3E+01
    82      1  1.0E+00     87  3.3E-05  5.6E-01  1.7292258E+00   397 1.3E+01
    83      1  1.0E+00     88  2.3E-05  5.8E-01  1.6614623E+00   397 1.3E+01
    84      1  1.0E+00     89  1.2E-05  5.3E-01  1.6036082E+00   397 1.3E+01
    85      1  1.0E+00     90  1.2E-05  5.0E-01  1.5475102E+00   397 1.3E+01
    86      1  1.0E+00     91  1.9E-05  4.8E-01  1.4985687E+00   397 1.3E+01
    87      1  1.0E+00     92  1.5E-05  4.5E-01  1.4576983E+00   397 1.3E+01
    88      1  1.0E+00     93  1.1E-05  4.4E-01  1.4163231E+00   397 1.3E+01
    89      1  1.0E+00     94  1.2E-05  4.2E-01  1.3724192E+00   397 1.3E+01   R

 Major Minors     Step   nCon Feasible  Optimal  MeritFunction    nS Penalty
    90      1  1.0E+00     95  5.7E-06  4.2E-01  1.3485128E+00   397 1.3E+01 s
    91      1  1.0E+00     96  1.8E-05  4.4E-01  1.3031585E+00   397 1.3E+01
    92      1  1.0E+00     97  2.5E-05  4.6E-01  1.2770181E+00   397 1.3E+01
    93      1  1.0E+00     98  2.1E-05  4.5E-01  1.2439040E+00   397 1.3E+01
    94      1  1.0E+00     99  6.6E-05  3.9E-01  1.2046875E+00   397 1.3E+01
    95      1  1.0E+00    100  1.3E-05  3.6E-01  1.1761782E+00   397 1.3E+01
    96      1  1.0E+00    101  3.8E-06  3.4E-01  1.1549973E+00   397 1.3E+01
    97      1  1.0E+00    102  2.4E-05  3.2E-01  1.1307134E+00   397 1.3E+01
    98      1  1.0E+00    103  6.9E-06  3.0E-01  1.1045860E+00   397 1.3E+01
    99      1  1.0E+00    104  2.7E-05  2.9E-01  1.0727897E+00   397 1.3E+01

 Major Minors     Step   nCon Feasible  Optimal  MeritFunction    nS Penalty
   100      1  1.0E+00    105  2.9E-05  2.9E-01  1.0486896E+00   397 1.3E+01   R
   101      1  1.0E+00    106  6.9E-06  2.9E-01  1.0370727E+00   397 1.3E+01 s
   102      1  1.0E+00    107  3.3E-06  3.0E-01  1.0252739E+00   397 1.3E+01
   103      1  1.0E+00    108  3.4E-06  3.1E-01  1.0173342E+00   397 1.3E+01
   104      1  1.0E+00    109 (9.3E-07) 3.3E-01  1.0130366E+00   397 1.3E+01
   105      1  1.0E+00    110  2.0E-06  3.4E-01  1.0053899E+00   397 1.3E+01
   106      1  1.0E+00    111  2.5E-06  3.6E-01  9.9817199E-01   397 1.3E+01
   107      1  1.0E+00    112  1.8E-06  3.7E-01  9.9160693E-01   397 1.3E+01
   108      1  1.0E+00    113  2.0E-06  3.7E-01  9.8406417E-01   397 1.3E+01
   109      1  1.0E+00    114  2.5E-06  3.7E-01  9.7601840E-01   397 1.3E+01

 Major Minors     Step   nCon Feasible  Optimal  MeritFunction    nS Penalty
   110      1  1.0E+00    115  2.8E-06  3.6E-01  9.6791435E-01   397 1.3E+01
   111      1  1.0E+00    116  3.8E-06  3.6E-01  9.5831128E-01   397 1.3E+01   R
   112      1  1.0E+00    117 (2.5E-07) 3.8E-01  9.5175986E-01   397 1.3E+01 s
   113      1  4.6E-01    118  5.2E-06  3.8E-01  9.4144106E-01   397 1.3E+01
   114      1  1.0E+00    119  5.0E-06  3.6E-01  9.3195499E-01   397 1.3E+01
   115      1  4.1E-01    120  2.7E-06  3.5E-01  9.2707893E-01   397 1.3E+01
   116      1  1.0E+00    121  2.2E-06  3.2E-01  9.1678458E-01   397 1.3E+01
   117      1  4.4E-01    122  7.1E-06  3.1E-01  9.0932337E-01   397 1.3E+01
   118      1  1.0E+00    123  1.2E-05  2.9E-01  9.0123378E-01   397 1.3E+01
   119      1  1.0E+00    124  9.6E-06  2.8E-01  8.9726819E-01   397 1.3E+01

 Major Minors     Step   nCon Feasible  Optimal  MeritFunction    nS Penalty
   120      1  1.0E+00    125  1.3E-05  2.7E-01  8.8452413E-01   397 1.3E+01
   121      1  1.0E+00    126  2.0E-05  2.7E-01  8.7898888E-01   397 1.3E+01
   122      1  1.0E+00    127  2.2E-05  2.9E-01  8.6779781E-01   397 1.3E+01   R
   123      1  3.8E-01    128  2.6E-05  3.0E-01  8.5584997E-01   397 1.3E+01 s
   124      1  1.0E+00    129  1.5E-06  2.9E-01  8.5221674E-01   397 1.3E+01
   125      1  1.0E+00    130 (2.7E-07) 2.9E-01  8.5059304E-01   397 1.3E+01
   126      1  1.0E+00    131 (5.6E-07) 2.9E-01  8.4822749E-01   397 1.3E+01
   127      1  1.0E+00    132 (7.5E-07) 2.9E-01  8.4510275E-01   397 1.3E+01
   128      1  1.0E+00    133  1.5E-06  2.9E-01  8.4181507E-01   397 1.3E+01
   129      1  1.0E+00    134  1.7E-06  2.9E-01  8.3881663E-01   397 1.3E+01

 Major Minors     Step   nCon Feasible  Optimal  MeritFunction    nS Penalty
   130      1  1.0E+00    135  1.5E-06  2.8E-01  8.3593859E-01   397 1.3E+01
   131      1  1.0E+00    136  1.3E-06  2.8E-01  8.3234111E-01   397 1.3E+01
   132      1  1.0E+00    137  2.8E-06  2.7E-01  8.2684593E-01   397 1.3E+01
   133      1  1.0E+00    138  3.8E-06  2.5E-01  8.1997357E-01   397 1.3E+01   R
   134      1  1.0E+00    139 (8.3E-07) 2.2E-01  8.1524552E-01   397 1.3E+01 s
   135      1  1.0E+00    140  4.6E-06  1.9E-01  8.0596354E-01   397 1.3E+01
   136      1  1.0E+00    141  2.8E-05  1.7E-01  8.0262657E-01   397 1.3E+01
   137      1  1.0E+00    142  1.2E-05  1.5E-01  7.9375528E-01   397 1.3E+01
   138      1  1.0E+00    143  1.1E-05  1.2E-01  7.8877951E-01   397 1.3E+01
   139      1  1.0E+00    144  5.7E-06  9.8E-02  7.8122862E-01   397 1.3E+01

 Major Minors     Step   nCon Feasible  Optimal  MeritFunction    nS Penalty
   140      1  1.0E+00    145  8.8E-06  7.9E-02  7.7870264E-01   397 1.3E+01
   141      1  1.0E+00    146  1.3E-05  5.8E-02  7.7216074E-01   397 1.3E+01
   142      1  1.0E+00    147  2.2E-06  5.2E-02  7.6897086E-01   397 1.3E+01
   143      1  1.0E+00    148  3.0E-06  3.7E-02  7.6421792E-01   397 1.3E+01
   144      1  1.0E+00    149  8.7E-06  2.2E-02  7.5860311E-01   397 1.3E+01   R
   145      1  4.4E-01    150  4.6E-06  2.1E-02  7.5480444E-01   397 1.3E+01 s
   146      1  1.0E+00    151 (9.6E-08) 2.1E-02  7.5399203E-01   397 1.3E+01
   147      1  1.0E+00    152 (2.2E-07) 2.0E-02  7.5289064E-01   397 1.3E+01
   148      1  1.0E+00    153  1.0E-06  1.8E-02  7.5113742E-01   397 1.3E+01
   149      1  1.0E+00    154 (9.2E-07) 1.7E-02  7.4976386E-01   397 1.3E+01

 Major Minors     Step   nCon Feasible  Optimal  MeritFunction    nS Penalty
   150      1  1.0E+00    155  1.1E-06  1.4E-02  7.4884768E-01   397 1.3E+01
   151      1  1.0E+00    156 (2.3E-07) 1.3E-02  7.4825100E-01   397 1.3E+01
   152      1  1.0E+00    157 (9.1E-08) 1.1E-02  7.4769020E-01   397 1.3E+01
   153      1  1.0E+00    158 (1.8E-07) 1.1E-02  7.4709069E-01   397 1.3E+01
   154      1  1.0E+00    159 (4.3E-07) 9.8E-03  7.4654463E-01   397 1.3E+01
   155      1  1.0E+00    160 (4.0E-07) 9.6E-03  7.4598063E-01   397 1.3E+01   R
   156      1  1.0E+00    161 (1.8E-08) 8.6E-03  7.4568202E-01   397 1.3E+01 s
   157      1  1.0E+00    162 (6.7E-07) 7.7E-03  7.4556635E-01   397 1.3E+01
   158      1  1.0E+00    163 (4.2E-07) 9.3E-03  7.4523343E-01   397 1.3E+01
   159      1  1.0E+00    164 (1.4E-07) 9.1E-03  7.4518306E-01   397 1.3E+01

 Major Minors     Step   nCon Feasible  Optimal  MeritFunction    nS Penalty
   160      1  1.0E+00    165 (5.9E-08) 8.5E-03  7.4502823E-01   397 1.3E+01
   161      1  1.0E+00    166 (8.3E-08) 8.6E-03  7.4496671E-01   397 1.3E+01
   162      1  1.0E+00    167 (9.4E-08) 8.4E-03  7.4484000E-01   397 1.3E+01
   163      1  1.0E+00    168 (8.1E-08) 8.3E-03  7.4474713E-01   397 1.3E+01
   164      1  1.0E+00    169 (4.0E-08) 7.1E-03  7.4466858E-01   397 1.3E+01
   165      1  1.0E+00    170 (2.2E-08) 6.5E-03  7.4460964E-01   397 1.3E+01
   166      1  1.0E+00    171 (6.9E-08) 6.4E-03  7.4455425E-01   397 1.3E+01   R
   167      1  1.0E+00    172 (6.4E-08) 5.7E-03  7.4455227E-01   397 1.3E+01 s
   168      1  1.0E+00    173 (1.8E-08) 5.5E-03  7.4449673E-01   397 1.3E+01
   169      1  1.0E+00    174 (1.5E-09) 5.1E-03  7.4448278E-01   397 1.3E+01

 Major Minors     Step   nCon Feasible  Optimal  MeritFunction    nS Penalty
   170      1  1.0E+00    175 (4.1E-08) 4.6E-03  7.4444174E-01   397 1.3E+01
   171      1  1.0E+00    176 (3.3E-08) 4.1E-03  7.4441941E-01   397 1.3E+01
   172      1  1.0E+00    177 (6.5E-09) 3.9E-03  7.4440999E-01   397 1.3E+01
   173      1  1.0E+00    178 (7.3E-10) 3.6E-03  7.4440426E-01   397 1.3E+01
   174      1  1.0E+00    179 (2.2E-09) 3.2E-03  7.4439560E-01   397 1.3E+01
   175      1  1.0E+00    180 (8.4E-09) 2.9E-03  7.4438245E-01   397 1.3E+01
   176      1  1.0E+00    181 (1.7E-08) 2.2E-03  7.4436703E-01   397 1.3E+01
   177      1  1.0E+00    182 (1.9E-08) 1.5E-03  7.4435331E-01   397 1.3E+01   R
   178      1  1.0E+00    183 (8.2E-10) 1.4E-03  7.4434756E-01   397 1.3E+01 s
   179      1  1.0E+00    184 (3.1E-09) 1.4E-03  7.4434396E-01   397 1.3E+01

 Major Minors     Step   nCon Feasible  Optimal  MeritFunction    nS Penalty
   180      1  1.0E+00    185 (1.8E-09) 1.3E-03  7.4434183E-01   397 1.3E+01
   181      1  1.0E+00    186 (1.9E-09) 1.3E-03  7.4434111E-01   397 1.3E+01
   182      1  1.0E+00    187 (4.6E-10) 1.2E-03  7.4433951E-01   397 1.3E+01
   183      1  1.0E+00    188 (1.2E-09) 1.1E-03  7.4433847E-01   397 1.3E+01
   184      1  1.0E+00    189 (3.7E-10) 9.4E-04  7.4433759E-01   397 1.3E+01
   185      1  1.0E+00    190 (3.2E-10) 8.9E-04  7.4433724E-01   397 1.3E+01
   186      1  1.0E+00    191 (3.9E-10) 7.4E-04  7.4433659E-01   397 1.3E+01
   187      1  1.0E+00    192 (6.8E-10) 6.2E-04  7.4433600E-01   397 1.3E+01
   188      1  1.0E+00    193 (1.9E-09) 4.3E-04  7.4433535E-01   397 1.3E+01   R
   189      1  1.0E+00    194 (6.4E-10) 4.3E-04  7.4433521E-01   397 1.3E+01 s

 Major Minors     Step   nCon Feasible  Optimal  MeritFunction    nS Penalty
   190      1  1.0E+00    195 (9.9E-11) 3.8E-04  7.4433482E-01   397 1.3E+01
   191      1  1.0E+00    196 (1.5E-11) 3.6E-04  7.4433471E-01   397 1.3E+01
   192      1  1.0E+00    197 (1.3E-10) 2.9E-04  7.4433451E-01   397 1.3E+01
   193      1  1.0E+00    198 (6.6E-11) 2.5E-04  7.4433441E-01   397 1.3E+01
   194      1  1.0E+00    199 (6.6E-11) 2.0E-04  7.4433431E-01   397 1.3E+01
   195      1  1.0E+00    200 (2.6E-11) 1.9E-04  7.4433424E-01   397 1.3E+01
   196      1  1.0E+00    201 (3.6E-11) 1.8E-04  7.4433417E-01   397 1.3E+01
   197      1  1.0E+00    202 (2.1E-11) 1.6E-04  7.4433413E-01   397 1.3E+01
   198      1  1.0E+00    203 (2.4E-11) 1.4E-04  7.4433410E-01   397 1.3E+01
   199      1  1.0E+00    204 (4.4E-11) 1.2E-04  7.4433405E-01   397 1.3E+01   R

 Major Minors     Step   nCon Feasible  Optimal  MeritFunction    nS Penalty
   200      1  1.0E+00    205 (3.5E-12) 1.2E-04  7.4433403E-01   397 1.3E+01 s
   201      1  1.0E+00    206 (3.9E-12) 1.2E-04  7.4433400E-01   397 1.3E+01
   202      1  1.0E+00    207 (4.1E-12) 1.1E-04  7.4433399E-01   397 1.3E+01
   203      1  1.0E+00    208 (3.6E-12) 9.6E-05  7.4433397E-01   397 1.3E+01
   204      1  1.0E+00    209 (1.1E-11) 7.7E-05  7.4433396E-01   397 1.3E+01
   205      1  1.0E+00    210 (1.7E-11) 7.1E-05  7.4433394E-01   397 1.3E+01
   206      1  1.0E+00    211 (3.0E-12) 5.7E-05  7.4433394E-01   397 1.3E+01
   207      1  1.0E+00    212 (3.2E-12) 3.9E-05  7.4433393E-01   397 1.3E+01
   208      1  1.0E+00    213 (9.1E-12) 2.7E-05  7.4433392E-01   397 1.3E+01
   209      1  1.0E+00    214 (9.8E-12) 1.7E-05  7.4433392E-01   397 1.3E+01

 Major Minors     Step   nCon Feasible  Optimal  MeritFunction    nS Penalty
   210      1  1.0E+00    215 (2.6E-12) 1.0E-05  7.4433391E-01   397 1.3E+01   R
   211      1  1.0E+00    216 (9.3E-13) 1.1E-05  7.4433391E-01   397 1.3E+01 s
   212      1  1.0E+00    217 (1.4E-13) 1.3E-05  7.4433391E-01   397 1.3E+01
   213      1  1.0E+00    218 (1.8E-13) 1.3E-05  7.4433391E-01   397 1.3E+01
   214      1  1.0E+00    219 (4.3E-14) 1.2E-05  7.4433391E-01   397 1.3E+01
   215      1  1.0E+00    220 (5.2E-14) 1.1E-05  7.4433391E-01   397 1.3E+01
   216      1  1.0E+00    221 (1.2E-13) 9.8E-06  7.4433391E-01   397 1.3E+01
   217      1  1.0E+00    222 (2.1E-14) 9.0E-06  7.4433391E-01   397 1.3E+01
   218      1  1.0E+00    223 (1.5E-14) 7.9E-06  7.4433391E-01   397 1.3E+01
   219      1  1.0E+00    224 (2.6E-14) 6.9E-06  7.4433391E-01   397 1.3E+01

 Major Minors     Step   nCon Feasible  Optimal  MeritFunction    nS Penalty
   220      1  1.0E+00    225 (1.5E-14) 6.2E-06  7.4433391E-01   397 1.3E+01
   221      1  1.0E+00    226 (1.5E-14) 5.3E-06  7.4433391E-01   397 1.3E+01   R
   221      2  1.0E+00    226 (1.5E-14) 6.1E-06  7.4433391E-01   397 1.3E+01   R   c
   222      1  1.0E+00    227 (1.5E-14) 5.6E-06  7.4433391E-01   397 1.3E+01 s     c
   223      1  1.0E+00    228 (2.1E-14) 4.7E-06  7.4433391E-01   397 1.3E+01       c
   224      1  1.0E+00    229 (2.6E-14) 3.8E-06  7.4433391E-01   397 1.3E+01       c
   225      1  1.0E+00    230 (4.6E-14) 2.2E-06  7.4433391E-01   397 1.3E+01       c
   226      1  1.0E+00    231 (1.7E-14)(1.1E-06) 7.4433391E-01   397 1.3E+01       c
 
 SNOPTA EXIT   0 -- finished successfully
 SNOPTA INFO   1 -- optimality conditions satisfied

 Problem name
 No. of iterations                 663   Objective value      7.4433390950E-01
 No. of major iterations           226   Linear objective     0.0000000000E+00
 Penalty parameter           1.346E+01   Nonlinear objective  7.4433390950E-01
 No. of calls to funobj         114728   No. of calls to funcon         114728
 Calls with modes 1,2 (known g)    231   Calls with modes 1,2 (known g)    231
 Calls for forward differencing 108480   Calls for forward differencing 108480
 Calls for central differencing   5760   Calls for central differencing   5760
 No. of superbasics                397   No. of basic nonlinears            63
 No. of degenerate steps            18   Percentage                       2.71
 Max x                       2 6.0E+00   Max pi                      2 1.3E+00
 Max Primal infeas           0 0.0E+00   Max Dual infeas             9 2.6E-06
 Nonlinear constraint violn    3.2E-13

 Solution not printed
