 

 Nonlinear constraints      39     Linear constraints       0
 Nonlinear variables        55     Linear variables         0
 Jacobian  variables        55     Objective variables     55
 Total constraints          39     Total variables         55
 

 
 The user has defined    2200   out of    2200   first  derivatives
 

 Major Minors     Step   nCon Feasible  Optimal  MeritFunction    nS Penalty
     0     24               1  1.4E-01  1.0E+00  3.5114290E+04     7           r i
     1     13  2.3E-01      2  1.1E-01  9.5E-01  3.0062536E+04    17         n rli
     2      5  1.7E-01      4  8.7E-02  4.0E+01  2.5651511E+04    16         sm l
     3      2  1.0E+00      5  1.8E-01  2.1E-01 -1.0345124E+02    16
     4      2  1.0E+00      6  4.7E-02  6.6E-01  3.2673305E+01    16 2.3E+01
     5      2  1.0E+00      7  4.2E-03  4.3E-01  6.5520236E+00    16 7.7E+00
     6      2  1.0E+00      8  1.3E-05  2.0E-01  5.6391150E+00    16 7.7E+00
     7      2  1.0E+00      9  2.5E-04  5.7E-01  5.2552668E+00    16 7.7E+00
     8      2  1.0E+00     10  1.8E-02  2.2E-01  3.5590290E+00    16 7.7E+00
     9      2  1.0E+00     11  8.3E-04  2.2E-01  3.3884284E+00    16 7.7E+00

 Major Minors     Step   nCon Feasible  Optimal  MeritFunction    nS Penalty
    10      2  1.0E+00     12  8.8E-05  2.0E-01  3.3676131E+00    16 7.7E+00
    11      2  1.0E+00     13  1.2E-04  1.7E-01  3.3468210E+00    16 7.7E+00
    12      2  1.0E+00     14  1.2E-04  1.6E-01  3.3178493E+00    16 7.7E+00
    13      2  1.0E+00     15  2.5E-04  1.6E-01  3.2528209E+00    16 7.7E+00
    14      2  1.0E+00     16  7.9E-04  1.4E-01  3.1206871E+00    16 7.7E+00
    15      2  1.0E+00     17  6.9E-04  1.5E-01  2.9571532E+00    16 7.7E+00
    16      2  1.0E+00     18  8.0E-04  1.3E-01  2.8639667E+00    16 7.7E+00
    17      2  1.0E+00     19  3.8E-04  1.2E-01  2.8075784E+00    16 7.7E+00
    18      1  1.0E+00     20  7.0E-05  1.2E-01  2.7913799E+00    16 7.7E+00
    19      2  1.0E+00     21  6.5E-06  1.2E-01  2.7857335E+00    16 7.7E+00

 Major Minors     Step   nCon Feasible  Optimal  MeritFunction    nS Penalty
    20      2  1.0E+00     22  8.1E-05  1.3E-01  2.7607720E+00    16 7.7E+00
    21      2  1.0E+00     23  9.5E-05  1.3E-01  2.7217391E+00    16 7.7E+00
    22      2  1.0E+00     24  3.7E-04  1.3E-01  2.6589701E+00    16 7.7E+00
    23      2  1.0E+00     25  4.7E-04  1.2E-01  2.6080503E+00    16 7.7E+00
    24      2  1.0E+00     26  1.5E-04  1.3E-01  2.5872225E+00    16 7.7E+00
    25      1  1.0E+00     27  4.3E-05  1.3E-01  2.5812882E+00    16 7.7E+00
    26      1  1.0E+00     28  6.9E-06  1.3E-01  2.5794036E+00    16 7.7E+00
    27      2  1.0E+00     29  1.4E-05  1.2E-01  2.5750919E+00    16 7.7E+00
    28      2  1.0E+00     30  3.0E-05  1.2E-01  2.5651993E+00    16 7.7E+00
    29      2  1.0E+00     31  1.7E-04  1.2E-01  2.5427172E+00    16 7.7E+00

 Major Minors     Step   nCon Feasible  Optimal  MeritFunction    nS Penalty
    30      2  1.0E+00     32  6.2E-04  1.2E-01  2.5031044E+00    16 7.7E+00
    31      2  1.0E+00     33  9.1E-04  1.2E-01  2.4593737E+00    16 7.7E+00
    32      2  1.0E+00     34  2.1E-04  1.3E-01  2.4355405E+00    16 7.7E+00
    33      2  1.0E+00     35  4.0E-05  1.3E-01  2.4299260E+00    16 7.7E+00
    34      2  1.0E+00     36  9.2E-06  1.3E-01  2.4286949E+00    16 7.7E+00
    35      2  1.0E+00     37  1.1E-05  1.3E-01  2.4270011E+00    16 7.7E+00
    36      2  1.0E+00     38  2.9E-05  1.3E-01  2.4229339E+00    16 7.7E+00
    37      2  1.0E+00     39  4.3E-05  1.3E-01  2.4147778E+00    16 7.7E+00
    38      2  1.0E+00     40  1.0E-04  1.3E-01  2.4025420E+00    16 7.7E+00
    39      2  1.0E+00     41  2.1E-04  1.3E-01  2.3928144E+00    16 7.7E+00

 Major Minors     Step   nCon Feasible  Optimal  MeritFunction    nS Penalty
    40      1  1.0E+00     42  6.4E-05  1.3E-01  2.3893372E+00    16 7.7E+00
    41      1  1.0E+00     43  1.1E-05  1.3E-01  2.3886583E+00    16 7.7E+00
    42      1  1.0E+00     44  2.0E-06  1.3E-01  2.3883441E+00    16 7.7E+00
    43      1  1.0E+00     45  8.1E-06  1.3E-01  2.3874472E+00    16 7.7E+00
    44      2  1.0E+00     46  1.8E-05  1.3E-01  2.3855943E+00    16 7.7E+00
    45      2  1.0E+00     47  4.4E-05  1.2E-01  2.3817004E+00    16 7.7E+00
    46      2  1.0E+00     48  4.6E-05  1.3E-01  2.3761737E+00    16 7.7E+00
    47      1  1.0E+00     49  3.7E-05  1.3E-01  2.3718167E+00    16 7.7E+00
    48      1  1.0E+00     50  1.7E-05  1.3E-01  2.3702671E+00    16 7.7E+00
    49      1  1.0E+00     51  5.3E-06  1.3E-01  2.3698738E+00    16 7.7E+00

 Major Minors     Step   nCon Feasible  Optimal  MeritFunction    nS Penalty
    50      1  1.0E+00     52  1.5E-06  1.3E-01  2.3696011E+00    16 7.7E+00
    51      1  1.0E+00     53  3.9E-06  1.3E-01  2.3688654E+00    16 7.7E+00
    52      1  1.0E+00     54  5.3E-06  1.2E-01  2.3672847E+00    16 7.7E+00
    53      2  1.0E+00     55  1.2E-05  1.2E-01  2.3640697E+00    16 7.7E+00
    54      1  1.0E+00     56  1.7E-05  1.2E-01  2.3597031E+00    16 7.7E+00
    55      1  1.0E+00     57  2.0E-05  1.2E-01  2.3566264E+00    16 7.7E+00
    56      1  1.0E+00     58  1.1E-05  1.2E-01  2.3557495E+00    16 7.7E+00
    57      1  1.0E+00     59  1.6E-06  1.2E-01  2.3556254E+00    16 7.7E+00
    58      1  1.0E+00     60 (1.9E-07) 1.2E-01  2.3555696E+00    16 7.7E+00
    59      1  1.0E+00     61 (7.7E-07) 1.2E-01  2.3554042E+00    16 7.7E+00

 Major Minors     Step   nCon Feasible  Optimal  MeritFunction    nS Penalty
    60      1  1.0E+00     62  1.2E-06  1.2E-01  2.3550655E+00    16 7.7E+00
    61      1  1.0E+00     63  1.7E-06  1.2E-01  2.3544096E+00    16 7.7E+00
    62      1  1.0E+00     64  6.5E-06  1.2E-01  2.3536244E+00    16 7.7E+00
    63      1  1.0E+00     65  4.2E-06  1.2E-01  2.3531549E+00    16 7.7E+00
    64      1  1.0E+00     66 (6.7E-07) 1.2E-01  2.3530445E+00    16 7.7E+00
    65      1  1.0E+00     67 (1.1E-07) 1.2E-01  2.3530264E+00    16 7.7E+00
    66      1  1.0E+00     68 (3.1E-08) 1.2E-01  2.3530086E+00    16 7.7E+00
    67      1  1.0E+00     69 (7.6E-08) 1.2E-01  2.3529551E+00    16 7.7E+00
    68      1  1.0E+00     70 (3.1E-07) 1.2E-01  2.3528299E+00    16 7.7E+00
    69      1  1.0E+00     71  2.0E-06  1.2E-01  2.3525284E+00    16 7.7E+00

 Major Minors     Step   nCon Feasible  Optimal  MeritFunction    nS Penalty
    70      1  1.0E+00     72  9.0E-06  1.2E-01  2.3519306E+00    16 7.7E+00
    71      1  1.0E+00     73  2.4E-05  1.2E-01  2.3510792E+00    16 7.7E+00
    72      1  1.0E+00     74  1.8E-05  1.2E-01  2.3504250E+00    16 7.7E+00
    73      1  1.0E+00     75  2.1E-06  1.2E-01  2.3501877E+00    16 7.7E+00
    74      1  1.0E+00     76 (2.4E-07) 1.2E-01  2.3501099E+00    16 7.7E+00
    75      1  1.0E+00     77 (5.2E-07) 1.2E-01  2.3500108E+00    16 7.7E+00
    76      1  1.0E+00     78  1.5E-06  1.2E-01  2.3497609E+00    16 7.7E+00
    77      1  1.0E+00     79  3.3E-06  1.2E-01  2.3491488E+00    16 7.7E+00
    78      1  1.0E+00     80  6.4E-06  1.2E-01  2.3477226E+00    16 7.7E+00
    79      1  1.0E+00     81  6.6E-05  1.2E-01  2.3449775E+00    16 7.7E+00

 Major Minors     Step   nCon Feasible  Optimal  MeritFunction    nS Penalty
    80      1  1.0E+00     82  2.2E-04  1.2E-01  2.3414756E+00    16 7.7E+00
    81      1  1.0E+00     83  1.6E-04  1.2E-01  2.3388797E+00    16 7.7E+00
    82      1  1.0E+00     84  5.6E-05  1.2E-01  2.3378640E+00    16 7.7E+00
    83      1  1.0E+00     85  6.4E-06  1.2E-01  2.3376449E+00    16 7.7E+00
    84      1  1.0E+00     86  5.8E-06  1.2E-01  2.3374153E+00    16 7.7E+00
    85      1  1.0E+00     87  1.9E-05  1.2E-01  2.3368873E+00    16 7.7E+00
    86      1  1.0E+00     88  5.0E-05  1.2E-01  2.3357572E+00    16 7.7E+00
    87      1  1.0E+00     89  1.4E-04  1.2E-01  2.3332030E+00    16 7.7E+00
    88      1  1.0E+00     90  3.4E-04  1.2E-01  2.3278839E+00    16 7.7E+00
    89      1  1.0E+00     91  5.5E-04  1.2E-01  2.3180678E+00    16 7.7E+00

 Major Minors     Step   nCon Feasible  Optimal  MeritFunction    nS Penalty
    90      1  1.0E+00     92  4.1E-04  1.2E-01  2.3044165E+00    16 7.7E+00
    91      1  1.0E+00     93  7.6E-05  1.2E-01  2.2922131E+00    16 7.7E+00
    92      1  1.0E+00     94  6.0E-05  1.2E-01  2.2816891E+00    16 7.7E+00
    93      1  1.0E+00     95  6.3E-04  1.1E-01  2.2694020E+00    16 7.7E+00
    94      1  1.0E+00     96  1.1E-03  1.2E-01  2.2629725E+00    16 7.7E+00
    95      1  1.0E+00     97  6.1E-05  1.2E-01  2.2601349E+00    16 7.7E+00
    96      1  1.0E+00     98  3.2E-05  1.2E-01  2.2582655E+00    16 7.7E+00
    97      1  1.0E+00     99  1.5E-05  1.2E-01  2.2557110E+00    16 7.7E+00
    98      1  1.0E+00    100  1.7E-05  1.2E-01  2.2509111E+00    16 7.7E+00
    99      1  1.0E+00    101  4.6E-05  1.2E-01  2.2384194E+00    16 7.7E+00

 Major Minors     Step   nCon Feasible  Optimal  MeritFunction    nS Penalty
   100      1  1.0E+00    102  1.2E-04  1.2E-01  2.2143555E+00    16 7.7E+00
   101      1  1.0E+00    103  2.8E-04  1.2E-01  2.1794341E+00    16 7.7E+00
   102      1  1.0E+00    104  3.1E-04  1.2E-01  2.1531731E+00    16 7.7E+00
   103      1  1.0E+00    105  9.5E-05  1.1E-01  2.1450608E+00    16 7.7E+00
   104      1  1.0E+00    106  7.1E-06  1.1E-01  2.1436710E+00    16 7.7E+00
   105      1  1.0E+00    107  3.5E-06  1.1E-01  2.1428494E+00    16 7.7E+00
   106      1  1.0E+00    108  9.5E-06  1.1E-01  2.1405771E+00    16 7.7E+00
   107      1  1.0E+00    109  2.1E-05  1.1E-01  2.1352014E+00    16 7.7E+00
   108      1  1.0E+00    110  4.4E-05  1.1E-01  2.1218455E+00    16 7.7E+00
   109      1  1.0E+00    111  9.6E-05  1.1E-01  2.0930614E+00    16 7.7E+00

 Major Minors     Step   nCon Feasible  Optimal  MeritFunction    nS Penalty
   110      1  1.0E+00    112  3.3E-04  1.0E-01  2.0439338E+00    16 7.7E+00
   111      1  1.0E+00    113  8.9E-04  9.8E-02  1.9963042E+00    16 7.7E+00
   112      1  1.0E+00    114  3.7E-04  9.2E-02  1.9767312E+00    16 7.7E+00
   113      1  1.0E+00    115  2.6E-04  8.9E-02  1.9696978E+00    16 7.7E+00
   114      1  1.0E+00    116  8.3E-06  8.9E-02  1.9675617E+00    16 7.7E+00
   115      1  1.0E+00    117  2.7E-05  9.3E-02  1.9634153E+00    16 7.7E+00
   116      1  1.0E+00    118  5.9E-05  9.6E-02  1.9539070E+00    16 7.7E+00
   117      1  1.0E+00    119  1.7E-04  1.1E-01  1.9331772E+00    16 7.7E+00
   118      1  1.0E+00    120  4.7E-04  1.3E-01  1.8876372E+00    16 7.7E+00
   119      1  1.0E+00    121  1.2E-03  1.4E-01  1.7997738E+00    16 7.7E+00

 Major Minors     Step   nCon Feasible  Optimal  MeritFunction    nS Penalty
   120      1  1.0E+00    122  1.7E-03  1.2E-01  1.6719409E+00    16 7.7E+00
   121      1  1.0E+00    123  9.8E-04  1.1E-01  1.5560680E+00    16 7.7E+00
   122      1  1.0E+00    124  6.9E-04  1.3E-01  1.4826153E+00    16 7.7E+00
   123      1  1.0E+00    125  7.5E-04  3.6E-02  1.4376665E+00    16 7.7E+00
   124      1  1.0E+00    126  2.1E-04  2.1E-02  1.4320824E+00    16 7.7E+00
   125      1  1.0E+00    127  5.0E-05  1.3E-02  1.4312973E+00    16 7.7E+00
   126      1  1.0E+00    128  6.8E-06  7.1E-03  1.4311107E+00    16 7.7E+00
   127      1  1.0E+00    129 (8.4E-08) 6.7E-03  1.4310931E+00    16 7.7E+00
   128      1  1.0E+00    130 (2.9E-07) 6.5E-03  1.4310489E+00    16 7.7E+00
   129      1  1.0E+00    131 (4.6E-07) 6.3E-03  1.4309717E+00    16 7.7E+00

 Major Minors     Step   nCon Feasible  Optimal  MeritFunction    nS Penalty
   130      1  1.0E+00    132  1.7E-06  5.9E-03  1.4307508E+00    16 7.7E+00
   131      1  1.0E+00    133  3.2E-06  5.3E-03  1.4302590E+00    16 7.7E+00
   132      1  1.0E+00    134  7.7E-06  4.4E-03  1.4292291E+00    16 7.7E+00
   133      1  1.0E+00    135  1.5E-05  5.5E-03  1.4276923E+00    16 7.7E+00
   134      1  1.0E+00    136  1.5E-05  4.0E-03  1.4263942E+00    16 7.7E+00
   135      1  1.0E+00    137  1.0E-05  1.5E-03  1.4259524E+00    16 7.7E+00
   136      1  1.0E+00    138  1.4E-06  6.2E-04  1.4259032E+00    16 7.7E+00
   137      1  1.0E+00    139 (3.5E-08) 2.6E-04  1.4259011E+00    16 7.7E+00
   138      1  1.0E+00    140 (2.0E-09) 9.7E-05  1.4259010E+00    16 7.7E+00
   139      1  1.0E+00    141 (7.7E-10) 8.6E-05  1.4259009E+00    16 7.7E+00

 Major Minors     Step   nCon Feasible  Optimal  MeritFunction    nS Penalty
   140      1  1.0E+00    142 (1.8E-10) 8.6E-05  1.4259009E+00    16 7.7E+00
   141      1  1.0E+00    143 (3.6E-10) 8.8E-05  1.4259008E+00    16 7.7E+00
   142      1  1.0E+00    144 (6.7E-10) 8.9E-05  1.4259006E+00    16 7.7E+00
   143      1  1.0E+00    145 (1.5E-09) 1.2E-04  1.4258999E+00    16 7.7E+00
   144      1  1.0E+00    146 (2.3E-09) 1.7E-04  1.4258986E+00    16 7.7E+00
   145      1  1.0E+00    147 (1.4E-09) 2.1E-04  1.4258960E+00    16 7.7E+00
   146      1  1.0E+00    148 (1.9E-09) 1.8E-04  1.4258928E+00    16 7.7E+00
   147      1  1.0E+00    149 (1.0E-08) 7.7E-05  1.4258908E+00    16 7.7E+00
   148      1  1.0E+00    150 (4.0E-09) 1.6E-05  1.4258904E+00    16 7.7E+00
   149      1  1.0E+00    151 (1.5E-10) 2.7E-06  1.4258904E+00    16 7.7E+00

 Major Minors     Step   nCon Feasible  Optimal  MeritFunction    nS Penalty
   150      1  1.0E+00    152 (3.5E-14)(2.0E-07) 1.4258904E+00    16 7.7E+00
 
 SNOPTA EXIT   0 -- finished successfully
 SNOPTA INFO   1 -- optimality conditions satisfied

 Problem name
 No. of iterations                 228   Objective value      1.4258903972E+00
 No. of major iterations           150   Linear objective     0.0000000000E+00
 Penalty parameter           7.717E+00   Nonlinear objective  1.4258903972E+00
 No. of calls to funobj            152   No. of calls to funcon            152
 No. of superbasics                 16   No. of basic nonlinears            39
 No. of degenerate steps            14   Percentage                       6.14
 Max x                      12 6.0E+00   Max pi                     35 2.1E+00
 Max Primal infeas           0 0.0E+00   Max Dual infeas            26 6.1E-07
 Nonlinear constraint violn    5.0E-13

 Solution not printed
