 

 Nonlinear constraints      39     Linear constraints       0
 Nonlinear variables        55     Linear variables         0
 Jacobian  variables        55     Objective variables     55
 Total constraints          39     Total variables         55
 

 
 The user has defined       0   out of    2200   first  derivatives
 XXX  Some first  derivatives are missing --- derivative level reduced to 0
 

 Major Minors     Step   nCon Feasible  Optimal  MeritFunction    nS Penalty
     0     19               1  5.2E-01  1.0E+00  3.0606226E+05    17           r i
     1      7  1.7E-01      2  4.4E-01  2.2E+01  2.6119512E+05    19         n rl
     2      2  2.0E-01      4  3.3E-01  1.5E+01  2.0171254E+05    19         sM l
     3      1  1.0E+00      5  3.1E-02  1.8E+00  4.5477689E+02    19
     4      2  1.0E+00      6  2.8E-03  7.5E-01  3.6011559E+01    19
     5      1  1.0E+00      8  1.3E-04  2.8E-01  2.6521092E+01    19 8.6E+01 n
     6      2  1.0E+00      9  1.5E-06  5.5E-01  2.6349421E+01    19 9.8E+03
     7      2  1.0E+00     10  5.0E-03  6.6E-01  2.5882315E+01    19 1.3E+02
     8      2  1.0E+00     11  5.0E-04  4.9E-01  1.7351146E+01    19 2.9E+01
     9      2  1.0E+00     12  5.0E-05  7.7E-01  1.5721630E+01    19 2.3E+01

 Major Minors     Step   nCon Feasible  Optimal  MeritFunction    nS Penalty
    10      2  1.0E+00     13  1.2E-03  5.5E-01  1.0769846E+01    19 2.3E+01
    11      2  1.0E+00     14  1.3E-03  4.7E-01  9.8417260E+00    19 2.3E+01
    12      2  1.0E+00     15  1.3E-05  4.5E-01  9.0614803E+00    19 2.3E+01
    13      2  1.0E+00     16  1.2E-05  4.7E-01  9.0163754E+00    19 2.3E+01
    14      2  1.0E+00     17  1.8E-05  4.7E-01  8.9749264E+00    19 2.3E+01
    15      2  1.0E+00     18  8.1E-06  4.7E-01  8.9306881E+00    19 2.3E+01
    16      2  1.0E+00     19  4.9E-05  4.7E-01  8.7596309E+00    19 2.3E+01
    17      2  1.0E+00     20  8.2E-05  4.8E-01  8.4227879E+00    19 2.3E+01
    18      2  1.0E+00     21  2.6E-04  4.8E-01  7.7590231E+00    19 2.3E+01
    19      2  1.0E+00     22  1.9E-04  4.5E-01  7.3701011E+00    19 2.3E+01

 Major Minors     Step   nCon Feasible  Optimal  MeritFunction    nS Penalty
    20      2  1.0E+00     23  2.3E-04  4.4E-01  6.8269240E+00    19 2.3E+01
    21      2  1.0E+00     24  3.1E-04  4.3E-01  6.5184120E+00    19 2.3E+01
    22      2  1.0E+00     25  4.0E-05  4.4E-01  6.4227165E+00    19 2.3E+01
    23      2  1.0E+00     26  1.8E-05  4.4E-01  6.4015644E+00    19 2.3E+01
    24      2  1.0E+00     27  9.1E-06  4.4E-01  6.3935796E+00    19 2.3E+01
    25      2  1.0E+00     28  1.0E-06  4.4E-01  6.3888800E+00    19 2.3E+01
    26      2  1.0E+00     29  2.9E-06  4.4E-01  6.3798243E+00    19 2.3E+01
    27      2  1.0E+00     30  5.1E-06  4.4E-01  6.3644652E+00    19 2.3E+01
    28      2  1.0E+00     31  2.4E-05  4.5E-01  6.3233353E+00    19 2.3E+01
    29      2  1.0E+00     32  6.8E-05  4.5E-01  6.2370619E+00    19 2.3E+01

 Major Minors     Step   nCon Feasible  Optimal  MeritFunction    nS Penalty
    30      2  1.0E+00     33  1.6E-04  4.4E-01  6.0839010E+00    19 2.3E+01
    31      2  1.0E+00     34  1.9E-04  4.6E-01  5.9306089E+00    19 2.3E+01
    32      2  1.0E+00     35  6.8E-05  4.5E-01  5.8689629E+00    19 2.3E+01
    33      2  1.0E+00     36  2.1E-05  4.4E-01  5.8457476E+00    19 2.3E+01
    34      2  1.0E+00     37  4.1E-06  4.5E-01  5.8419114E+00    19 2.3E+01
    35      2  1.0E+00     38 (9.1E-07) 4.5E-01  5.8402732E+00    19 2.3E+01
    36      2  1.0E+00     39  1.8E-06  4.5E-01  5.8375040E+00    19 2.3E+01
    37      2  1.0E+00     40  3.1E-06  4.5E-01  5.8322629E+00    19 2.3E+01
    38      2  1.0E+00     41  9.1E-06  4.4E-01  5.8187096E+00    19 2.3E+01
    39      2  1.0E+00     42  2.0E-05  4.3E-01  5.7880438E+00    19 2.3E+01

 Major Minors     Step   nCon Feasible  Optimal  MeritFunction    nS Penalty
    40      2  1.0E+00     43  8.5E-05  4.2E-01  5.7253438E+00    19 2.3E+01
    41      2  1.0E+00     44  2.4E-04  4.4E-01  5.6327696E+00    19 2.3E+01
    42      2  1.0E+00     45  2.0E-04  4.3E-01  5.5373945E+00    19 2.3E+01
    43      2  1.0E+00     46  7.3E-05  4.1E-01  5.4917007E+00    19 2.3E+01
    44      2  1.0E+00     47  1.0E-05  4.1E-01  5.4830134E+00    19 2.3E+01
    45      2  1.0E+00     48  1.9E-06  4.2E-01  5.4806573E+00    19 2.3E+01
    46      2  1.0E+00     49  4.0E-06  4.2E-01  5.4772830E+00    19 2.3E+01
    47      2  1.0E+00     50  1.5E-05  4.2E-01  5.4700340E+00    19 2.3E+01
    48      2  1.0E+00     51  5.2E-05  4.2E-01  5.4544009E+00    19 2.3E+01
    49      2  1.0E+00     52  1.5E-04  4.1E-01  5.4203962E+00    19 2.3E+01

 Major Minors     Step   nCon Feasible  Optimal  MeritFunction    nS Penalty
    50      2  1.0E+00     53  2.6E-04  4.5E-01  5.3516221E+00    19 2.3E+01
    51      2  1.0E+00     54  8.2E-04  4.3E-01  5.1939244E+00    19 2.3E+01
    52      2  1.0E+00     55  4.1E-04  3.8E-01  5.0366526E+00    19 2.3E+01
    53      2  1.0E+00     56  3.3E-04  3.8E-01  4.9456931E+00    19 2.3E+01
    54      2  1.0E+00     57  7.8E-05  4.3E-01  4.9253890E+00    19 2.3E+01
    55      1  1.0E+00     58  4.8E-06  4.5E-01  4.9212859E+00    19 2.3E+01
    56      2  1.0E+00     59  1.2E-06  4.4E-01  4.9197123E+00    19 2.3E+01
    57      2  1.0E+00     60  1.3E-06  4.4E-01  4.9176958E+00    19 2.3E+01
    58      2  1.0E+00     61  4.0E-06  4.3E-01  4.9134897E+00    19 2.3E+01
    59      2  1.0E+00     62  8.8E-06  4.4E-01  4.9071363E+00    19 2.3E+01

 Major Minors     Step   nCon Feasible  Optimal  MeritFunction    nS Penalty
    60      2  1.0E+00     63  1.5E-05  4.4E-01  4.9008060E+00    19 2.3E+01
    61      2  1.0E+00     64  6.1E-06  4.5E-01  4.8970549E+00    19 2.3E+01
    62      2  1.0E+00     65  1.6E-06  4.5E-01  4.8946498E+00    19 2.3E+01
    63      2  1.0E+00     66  2.0E-06  4.4E-01  4.8921104E+00    19 2.3E+01
    64      2  1.0E+00     67  3.2E-06  4.4E-01  4.8883315E+00    19 2.3E+01
    65      2  1.0E+00     68  4.9E-06  4.4E-01  4.8817898E+00    19 2.3E+01
    66      2  1.0E+00     69  7.9E-06  4.4E-01  4.8702430E+00    19 2.3E+01
    67      2  1.0E+00     70  1.5E-05  4.4E-01  4.8514494E+00    19 2.3E+01
    68      2  1.0E+00     71  2.5E-05  4.5E-01  4.8289324E+00    19 2.3E+01
    69      2  1.0E+00     72  1.8E-05  4.7E-01  4.8127068E+00    19 2.3E+01

 Major Minors     Step   nCon Feasible  Optimal  MeritFunction    nS Penalty
    70      2  1.0E+00     73  9.4E-06  4.7E-01  4.8064216E+00    19 2.3E+01
    71      1  1.0E+00     74  1.8E-06  4.6E-01  4.8053197E+00    19 2.3E+01
    72      1  1.0E+00     75 (7.7E-08) 4.7E-01  4.8051856E+00    19 2.3E+01
    73      1  1.0E+00     76 (4.0E-08) 4.7E-01  4.8050860E+00    19 2.3E+01
    74      1  1.0E+00     77 (1.0E-07) 4.7E-01  4.8048459E+00    19 2.3E+01
    75      1  1.0E+00     78 (1.9E-07) 4.7E-01  4.8042913E+00    19 2.3E+01
    76      2  1.0E+00     79 (6.3E-07) 4.7E-01  4.8029091E+00    19 2.3E+01
    77      2  1.0E+00     80  2.0E-06  4.7E-01  4.7998042E+00    19 2.3E+01
    78      2  1.0E+00     81  5.8E-06  4.7E-01  4.7939625E+00    19 2.3E+01
    79      2  1.0E+00     82  1.0E-05  4.7E-01  4.7866717E+00    19 2.3E+01

 Major Minors     Step   nCon Feasible  Optimal  MeritFunction    nS Penalty
    80      1  1.0E+00     83  7.1E-06  4.6E-01  4.7821483E+00    19 2.3E+01
    81      1  1.0E+00     84  1.7E-06  4.7E-01  4.7810198E+00    19 2.3E+01
    82      1  1.0E+00     85 (1.9E-07) 4.7E-01  4.7808351E+00    19 2.3E+01
    83      1  1.0E+00     86 (6.6E-08) 4.6E-01  4.7807068E+00    19 2.3E+01
    84      1  1.0E+00     87 (2.0E-07) 4.6E-01  4.7803334E+00    19 2.3E+01
    85      1  1.0E+00     88 (2.9E-07) 4.6E-01  4.7794765E+00    19 2.3E+01
    86      1  1.0E+00     89 (6.3E-07) 4.6E-01  4.7773012E+00    19 2.3E+01
    87      2  1.0E+00     90  1.6E-06  4.5E-01  4.7723195E+00    19 2.3E+01
    88      2  1.0E+00     91  8.3E-06  4.6E-01  4.7623334E+00    19 2.3E+01
    89      2  1.0E+00     92  2.3E-05  4.6E-01  4.7482038E+00    19 2.3E+01

 Major Minors     Step   nCon Feasible  Optimal  MeritFunction    nS Penalty
    90      2  1.0E+00     93  2.6E-05  4.5E-01  4.7375420E+00    19 2.3E+01
    91      1  1.0E+00     94  5.9E-06  4.4E-01  4.7339281E+00    19 2.3E+01
    92      1  1.0E+00     95 (3.1E-07) 4.4E-01  4.7333154E+00    19 2.3E+01
    93      1  1.0E+00     96 (1.0E-07) 4.4E-01  4.7330506E+00    19 2.3E+01
    94      1  1.0E+00     97 (5.4E-07) 4.5E-01  4.7322991E+00    19 2.3E+01
    95      1  1.0E+00     98  1.5E-06  4.6E-01  4.7307347E+00    19 2.3E+01
    96      1  1.0E+00     99  5.5E-06  4.7E-01  4.7267778E+00    19 2.3E+01
    97      1  1.0E+00    100  1.6E-05  4.8E-01  4.7173560E+00    19 2.3E+01
    98      1  1.0E+00    101  5.2E-05  4.8E-01  4.6940405E+00    19 2.3E+01
    99      1  1.0E+00    102  1.6E-04  4.7E-01  4.6377316E+00    19 2.3E+01

 Major Minors     Step   nCon Feasible  Optimal  MeritFunction    nS Penalty
   100      1  1.0E+00    103  4.1E-04  5.4E-01  4.5078773E+00    19 2.3E+01
   101      1  1.0E+00    104  6.3E-04  6.7E-01  4.2680284E+00    19 2.3E+01
   102      1  1.0E+00    105  3.5E-04  6.7E-01  4.0555957E+00    19 2.3E+01
   103      1  1.0E+00    106  9.2E-05  6.4E-01  3.9504323E+00    19 2.3E+01
   104      1  1.0E+00    107  3.1E-05  6.2E-01  3.8614145E+00    19 2.3E+01
   105      1  1.0E+00    108  2.0E-04  6.3E-01  3.7607061E+00    19 2.3E+01
   106      1  1.0E+00    109  9.8E-05  5.6E-01  3.6954001E+00    19 2.3E+01
   107      2  1.0E+00    110  9.2E-05  4.7E-01  3.6519542E+00    19 2.3E+01
   108      1  1.0E+00    111  2.4E-05  4.5E-01  3.6371939E+00    19 2.3E+01
   109      1  1.0E+00    112  1.1E-05  4.5E-01  3.6285402E+00    19 2.3E+01

 Major Minors     Step   nCon Feasible  Optimal  MeritFunction    nS Penalty
   110      1  1.0E+00    113  2.4E-05  4.9E-01  3.6152946E+00    19 2.3E+01
   111      1  1.0E+00    114  3.0E-05  5.4E-01  3.5967261E+00    19 2.3E+01
   112      1  1.0E+00    115  3.2E-05  5.9E-01  3.5693530E+00    19 2.3E+01
   113      1  1.0E+00    116  2.9E-05  6.5E-01  3.5325219E+00    19 2.3E+01
   114      1  1.0E+00    117  4.2E-05  7.0E-01  3.4718465E+00    19 2.3E+01
   115      1  1.0E+00    118  1.5E-04  7.1E-01  3.3674822E+00    19 2.3E+01
   116      1  1.0E+00    119  2.8E-04  6.2E-01  3.2077097E+00    19 2.3E+01
   117      1  1.0E+00    120  3.3E-04  5.0E-01  3.0067134E+00    19 2.3E+01
   118      1  1.0E+00    121  5.5E-04  5.8E-01  2.7316588E+00    19 2.3E+01
   119      1  1.0E+00    122  1.7E-03  7.6E-01  2.2915073E+00    19 2.3E+01

 Major Minors     Step   nCon Feasible  Optimal  MeritFunction    nS Penalty
   120      1  1.0E+00    123  7.6E-04  4.6E-01  1.9195951E+00    19 2.3E+01
   121      1  1.0E+00    124  5.3E-04  2.9E-01  1.6974538E+00    19 2.3E+01
   122      1  1.0E+00    125  1.5E-04  2.8E-01  1.5890131E+00    19 2.3E+01
   123      1  1.0E+00    126  7.5E-05  2.7E-01  1.5534418E+00    19 2.3E+01
   124      1  1.0E+00    127  9.3E-06  2.4E-01  1.5476780E+00    19 2.3E+01
   125      1  1.0E+00    128  2.5E-05  2.4E-01  1.5389675E+00    19 2.3E+01
   126      1  1.0E+00    129  5.7E-06  2.2E-01  1.5339311E+00    19 2.3E+01
   127      1  1.0E+00    130  5.5E-06  2.2E-01  1.5253573E+00    19 2.3E+01
   128      1  1.0E+00    131  1.1E-05  2.1E-01  1.5061323E+00    19 2.3E+01
   129      1  1.0E+00    132  2.1E-05  1.8E-01  1.4611805E+00    19 2.3E+01

 Major Minors     Step   nCon Feasible  Optimal  MeritFunction    nS Penalty
   130      1  1.0E+00    133  6.4E-05  1.4E-01  1.3669634E+00    19 2.3E+01
   131      1  1.0E+00    134  1.3E-04  8.6E-02  1.2138140E+00    19 2.3E+01
   132      1  1.0E+00    135  1.4E-04  9.6E-02  1.0641235E+00    19 2.3E+01
   133      1  1.0E+00    136  1.1E-04  4.6E-02  1.0014504E+00    19 2.3E+01
   134      1  1.0E+00    137  3.2E-05  3.5E-02  9.8973953E-01    19 2.3E+01
   135      1  1.0E+00    138  3.6E-06  2.7E-02  9.8835120E-01    19 2.3E+01
   136      1  1.0E+00    139 (9.4E-07) 1.6E-02  9.8793499E-01    19 2.3E+01
   137      1  1.0E+00    140 (3.7E-07) 1.9E-02  9.8771562E-01    19 2.3E+01
   138      1  1.0E+00    141 (1.0E-07) 2.0E-02  9.8764584E-01    19 2.3E+01
   139      1  1.0E+00    142 (7.3E-08) 2.0E-02  9.8757077E-01    19 2.3E+01

 Major Minors     Step   nCon Feasible  Optimal  MeritFunction    nS Penalty
   140      1  1.0E+00    143 (1.4E-07) 1.9E-02  9.8743999E-01    19 2.3E+01
   141      1  1.0E+00    144 (2.3E-07) 1.6E-02  9.8721595E-01    19 2.3E+01
   142      1  1.0E+00    145 (3.0E-07) 1.8E-02  9.8688695E-01    19 2.3E+01
   143      1  1.0E+00    146 (3.9E-07) 2.3E-02  9.8643652E-01    19 2.3E+01
   144      1  1.0E+00    147 (4.2E-07) 2.5E-02  9.8578338E-01    19 2.3E+01
   145      1  1.0E+00    148 (7.4E-07) 2.3E-02  9.8475837E-01    19 2.3E+01
   146      2  1.0E+00    149  1.8E-06  1.8E-02  9.8333619E-01    19 2.3E+01
   147      1  1.0E+00    150  1.7E-06  8.9E-03  9.8205595E-01    19 2.3E+01
   148      1  1.0E+00    151 (8.6E-07) 3.6E-03  9.8150911E-01    19 2.3E+01
   149      1  1.0E+00    152 (2.0E-07) 1.7E-03  9.8141931E-01    19 2.3E+01

 Major Minors     Step   nCon Feasible  Optimal  MeritFunction    nS Penalty
   150      1  1.0E+00    153 (2.2E-08) 1.6E-03  9.8141310E-01    19 2.3E+01
   151      1  1.0E+00    154 (8.0E-10) 1.6E-03  9.8141252E-01    19 2.3E+01
   152      1  1.0E+00    155 (3.6E-10) 1.5E-03  9.8141214E-01    19 2.3E+01
   153      1  1.0E+00    156 (7.6E-10) 1.5E-03  9.8141151E-01    19 2.3E+01
   154      1  1.0E+00    157 (2.1E-09) 1.5E-03  9.8141002E-01    19 2.3E+01
   155      1  1.0E+00    158 (5.6E-09) 1.4E-03  9.8140653E-01    19 2.3E+01
   156      1  1.0E+00    159 (1.3E-08) 1.1E-03  9.8139899E-01    19 2.3E+01
   157      1  1.0E+00    160 (1.5E-08) 6.9E-04  9.8138634E-01    19 2.3E+01
   158      1  1.0E+00    161 (1.2E-08) 4.3E-04  9.8137360E-01    19 2.3E+01
   159      1  1.0E+00    162 (5.7E-09) 1.8E-04  9.8136797E-01    19 2.3E+01

 Major Minors     Step   nCon Feasible  Optimal  MeritFunction    nS Penalty
   160      1  1.0E+00    163 (3.5E-09) 6.2E-05  9.8136712E-01    19 2.3E+01
   161      1  1.0E+00    164 (1.7E-10) 5.6E-05  9.8136708E-01    19 2.3E+01
   162      1  1.0E+00    165 (6.1E-13) 5.7E-05  9.8136708E-01    19 2.3E+01
   163      1  1.0E+00    166 (1.3E-13) 5.7E-05  9.8136708E-01    19 2.3E+01
   164      1  1.0E+00    167 (9.7E-13) 5.6E-05  9.8136708E-01    19 2.3E+01
   165      1  1.0E+00    168 (1.8E-12) 5.3E-05  9.8136707E-01    19 2.3E+01
   166      1  1.0E+00    169 (5.3E-12) 4.7E-05  9.8136707E-01    19 2.3E+01
   167      1  1.0E+00    170 (2.0E-11) 3.6E-05  9.8136705E-01    19 2.3E+01
   168      1  1.0E+00    171 (5.5E-11) 2.3E-05  9.8136703E-01    19 2.3E+01
   169      1  1.0E+00    172 (3.7E-11) 1.4E-05  9.8136701E-01    19 2.3E+01

 Major Minors     Step   nCon Feasible  Optimal  MeritFunction    nS Penalty
   170      1  1.0E+00    173 (4.7E-12) 5.0E-06  9.8136701E-01    19 2.3E+01
   171      1  1.0E+00    174 (7.9E-13) 2.1E-06  9.8136701E-01    19 2.3E+01
   171      2  1.0E+00    174 (7.9E-13)(1.8E-06) 9.8136701E-01    19 2.3E+01       c
 
 SNOPTA EXIT   0 -- finished successfully
 SNOPTA INFO   1 -- optimality conditions satisfied

 Problem name
 No. of iterations                 273   Objective value      9.8136700592E-01
 No. of major iterations           171   Linear objective     0.0000000000E+00
 Penalty parameter           2.270E+01   Nonlinear objective  9.8136700592E-01
 No. of calls to funobj          10035   No. of calls to funcon          10035
 Calls with modes 1,2 (known g)    174   Calls with modes 1,2 (known g)    174
 Calls for forward differencing   9570   Calls for forward differencing   9570
 Calls for central differencing    110   Calls for central differencing    110
 No. of superbasics                 19   No. of basic nonlinears            36
 No. of degenerate steps             1   Percentage                        .37
 Max x                      12 6.0E+00   Max pi                     35 1.6E+00
 Max Primal infeas           0 0.0E+00   Max Dual infeas            40 4.9E-06
 Nonlinear constraint violn    1.1E-11

 Solution not printed
