 

 Nonlinear constraints      15     Linear constraints       0
 Nonlinear variables        36     Linear variables         0
 Jacobian  variables        36     Objective variables     36
 Total constraints          15     Total variables         36
 

 
 The user has defined       0   out of     576   first  derivatives
 XXX  Some first  derivatives are missing --- derivative level reduced to 0
 

 Major Minors     Step   nCon Feasible  Optimal  MeritFunction    nS Penalty
     0     17               1  1.0E+00  1.0E+00  6.7440285E+05    11           r i
     1     11  2.7E-01      2  7.1E-01  1.9E+02  5.1983244E+05    17         n rl
     2      1  3.7E-01      4  3.9E-01  1.5E+01  3.0493090E+05    17         sM l
     3      1  1.0E+00      5  1.3E-01  1.3E+00  1.7806030E+03    17
     4      1  1.0E+00      6  2.3E-02  5.9E-01  1.9088840E+02    17
     5      1  1.0E+00      8  3.3E-04  6.7E-01  8.5222655E+00    17          M
     6      1  1.0E+00      9  6.4E-05  5.3E-01  8.4387368E+00    17 2.0E+04
     7      1  1.0E+00     10  2.7E-03  4.5E-01  8.0718601E+00    17 1.6E+02
     8      1  1.0E+00     11  4.7E-06  6.2E-01  7.1191620E+00    17 2.2E+01
     9      2  1.0E+00     12  4.9E-04  5.9E-01  6.6420594E+00    17 9.8E+00

 Major Minors     Step   nCon Feasible  Optimal  MeritFunction    nS Penalty
    10      2  3.1E-01     13  1.1E-02  9.2E-01  5.0236631E+00    17 9.8E+00
    11      1  1.0E+00     14  1.2E-03  6.2E-01  4.7824593E+00    17 4.4E+01
    12      1  1.0E+00     15  1.0E-03  3.9E-01  4.5203251E+00    17 1.6E+01
    13      1  1.0E+00     16  6.9E-04  3.7E-01  4.4446127E+00    17 1.6E+01
    14      1  1.0E+00     17  1.4E-05  1.6E+00  4.4189857E+00    17 1.6E+01
    15      1  1.0E+00     18  1.8E-04  3.4E-01  4.3061430E+00    17 1.6E+01
    16      2  1.0E+00     19  4.5E-04  4.1E-01  4.0406617E+00    17 1.6E+01
    17      2  1.0E+00     20  1.9E-04  1.6E+00  3.6735605E+00    17 1.6E+01
    18      1  1.0E+00     21  4.1E-03  9.4E-01  3.1048682E+00    17 1.6E+01
    19      1  1.0E+00     22  2.6E-04  1.1E+00  2.9308105E+00    17 2.8E+01

 Major Minors     Step   nCon Feasible  Optimal  MeritFunction    nS Penalty
    20      1  1.0E+00     23  1.2E-03  5.8E-01  2.7619174E+00    17 2.8E+01
    21      1  1.0E+00     24  4.9E-04  4.5E-01  2.7348964E+00    17 2.8E+01
    22      1  1.0E+00     25 (8.9E-07) 4.4E-01  2.7326459E+00    17 2.8E+01
    23      1  1.0E+00     26  1.3E-05  3.8E-01  2.7243167E+00    17 2.8E+01
    24      1  1.0E+00     27  1.1E-05  3.7E-01  2.7145737E+00    17 2.8E+01
    25      1  1.0E+00     28  5.6E-05  4.2E-01  2.6850571E+00    17 2.8E+01
    26      1  1.0E+00     29  1.7E-04  4.7E-01  2.6175053E+00    17 2.8E+01
    27      1  1.0E+00     30  7.7E-04  1.5E+00  2.4535402E+00    17 2.8E+01
    28      1  1.0E+00     31  2.1E-03  8.0E-01  2.1200101E+00    17 2.8E+01
    29      2  1.0E+00     32  2.5E-03  6.0E-01  1.7026866E+00    17 2.8E+01

 Major Minors     Step   nCon Feasible  Optimal  MeritFunction    nS Penalty
    30      1  1.0E+00     33  3.4E-04  5.4E-01  1.5481986E+00    17 2.8E+01
    31      1  1.0E+00     34  1.6E-04  2.3E-01  1.4565798E+00    17 2.8E+01
    32      1  1.0E+00     35  1.5E-04  2.0E-01  1.4181967E+00    17 2.8E+01
    33      1  1.0E+00     36  1.9E-05  2.2E-01  1.4172370E+00    17 2.8E+01
    34      1  1.0E+00     37 (3.4E-07) 2.2E-01  1.4169361E+00    17 2.8E+01
    35      1  1.0E+00     38  9.7E-06  2.3E-01  1.4145908E+00    17 2.8E+01
    36      1  1.0E+00     39  1.4E-05  2.3E-01  1.4104855E+00    17 2.8E+01
    37      1  1.0E+00     40  4.8E-05  2.3E-01  1.3995418E+00    17 2.8E+01
    38      2  1.0E+00     41  7.5E-05  2.8E-01  1.3780620E+00    17 2.8E+01
    39      1  1.0E+00     42  1.9E-04  2.9E-01  1.3399934E+00    17 2.8E+01

 Major Minors     Step   nCon Feasible  Optimal  MeritFunction    nS Penalty
    40      2  1.0E+00     43  3.4E-04  3.6E-01  1.2892341E+00    17 2.8E+01
    41      1  1.0E+00     44  4.6E-04  4.8E-01  1.2417758E+00    17 2.8E+01
    42      1  1.0E+00     45  1.3E-04  5.2E-01  1.2281380E+00    17 2.8E+01
    43      1  1.0E+00     46  8.8E-06  5.1E-01  1.2264773E+00    17 2.8E+01
    44      1  1.0E+00     47  8.1E-06  4.6E-01  1.2247538E+00    17 2.8E+01
    45      1  1.0E+00     48  1.3E-05  3.8E-01  1.2223657E+00    17 2.8E+01
    46      1  1.0E+00     49  5.0E-05  2.5E-01  1.2183727E+00    17 2.8E+01
    47      1  1.0E+00     50  4.1E-05  2.3E-01  1.2151535E+00    17 2.8E+01
    48      1  1.0E+00     51  1.7E-05  2.3E-01  1.2137072E+00    17 2.8E+01
    49      1  1.0E+00     52  2.5E-06  2.2E-01  1.2134383E+00    17 2.8E+01

 Major Minors     Step   nCon Feasible  Optimal  MeritFunction    nS Penalty
    50      1  1.0E+00     53 (1.3E-07) 2.2E-01  1.2134096E+00    17 2.8E+01
    51      1  1.0E+00     54 (2.3E-07) 2.2E-01  1.2133491E+00    17 2.8E+01
    52      1  1.0E+00     55 (6.9E-07) 2.2E-01  1.2131876E+00    17 2.8E+01
    53      1  1.0E+00     56  1.9E-06  2.2E-01  1.2127734E+00    17 2.8E+01
    54      1  1.0E+00     57  5.3E-06  2.2E-01  1.2117050E+00    17 2.8E+01
    55      1  1.0E+00     58  1.4E-05  2.2E-01  1.2090585E+00    17 2.8E+01
    56      1  1.0E+00     59  2.6E-05  2.1E-01  1.2030067E+00    17 2.8E+01
    57      1  1.0E+00     60  2.9E-05  2.0E-01  1.1916532E+00    17 2.8E+01
    58      1  1.0E+00     61  7.7E-05  1.9E-01  1.1774309E+00    17 2.8E+01
    59      1  1.0E+00     62  8.3E-05  1.5E-01  1.1683827E+00    17 2.8E+01

 Major Minors     Step   nCon Feasible  Optimal  MeritFunction    nS Penalty
    60      1  1.0E+00     63  2.5E-05  1.4E-01  1.1660469E+00    17 2.8E+01
    61      1  1.0E+00     64  2.9E-06  1.4E-01  1.1658507E+00    17 2.8E+01
    62      1  1.0E+00     65 (4.9E-08) 1.4E-01  1.1658211E+00    17 2.8E+01
    63      1  1.0E+00     66 (2.0E-07) 1.4E-01  1.1657353E+00    17 2.8E+01
    64      1  1.0E+00     67 (3.7E-07) 1.4E-01  1.1655424E+00    17 2.8E+01
    65      1  1.0E+00     68  1.1E-06  1.4E-01  1.1650111E+00    17 2.8E+01
    66      1  1.0E+00     69  2.6E-06  1.4E-01  1.1636719E+00    17 2.8E+01
    67      1  1.0E+00     70  6.0E-06  1.4E-01  1.1602849E+00    17 2.8E+01
    68      1  1.0E+00     71  1.1E-05  1.4E-01  1.1523695E+00    17 2.8E+01
    69      1  1.0E+00     72  4.4E-05  1.3E-01  1.1366209E+00    17 2.8E+01

 Major Minors     Step   nCon Feasible  Optimal  MeritFunction    nS Penalty
    70      1  1.0E+00     73  1.7E-04  1.1E-01  1.1148845E+00    17 2.8E+01
    71      1  1.0E+00     74  1.4E-04  6.9E-02  1.0983461E+00    17 2.8E+01
    72      1  1.0E+00     75  3.5E-05  5.1E-02  1.0928403E+00    17 2.8E+01
    73      1  1.0E+00     76  1.6E-06  5.1E-02  1.0924321E+00    17 2.8E+01
    74      1  1.0E+00     77 (1.8E-07) 5.2E-02  1.0924008E+00    17 2.8E+01
    75      1  1.0E+00     78 (1.2E-07) 5.2E-02  1.0923638E+00    17 2.8E+01
    76      1  1.0E+00     79 (4.0E-07) 5.1E-02  1.0922642E+00    17 2.8E+01
    77      1  1.0E+00     80 (9.4E-07) 5.0E-02  1.0920198E+00    17 2.8E+01
    78      1  1.0E+00     81  2.2E-06  5.0E-02  1.0913922E+00    17 2.8E+01
    79      1  1.0E+00     82  4.4E-06  4.7E-02  1.0898896E+00    17 2.8E+01

 Major Minors     Step   nCon Feasible  Optimal  MeritFunction    nS Penalty
    80      1  1.0E+00     83  1.0E-05  3.9E-02  1.0866971E+00    17 2.8E+01
    81      1  1.0E+00     84  9.4E-06  2.9E-02  1.0816297E+00    17 2.8E+01
    82      1  1.0E+00     85  4.5E-05  2.1E-02  1.0769451E+00    17 2.8E+01
    83      1  1.0E+00     86  2.6E-05  1.1E-02  1.0750323E+00    17 2.8E+01
    84      1  1.0E+00     87  3.2E-06  6.2E-03  1.0747568E+00    17 2.8E+01
    85      1  1.0E+00     88 (1.1E-07) 6.0E-03  1.0747448E+00    17 2.8E+01
    86      1  1.0E+00     89 (1.3E-09) 6.2E-03  1.0747435E+00    17 2.8E+01
    87      1  1.0E+00     90 (5.7E-09) 6.4E-03  1.0747394E+00    17 2.8E+01
    88      1  1.0E+00     91 (9.1E-09) 6.6E-03  1.0747305E+00    17 2.8E+01
    89      1  1.0E+00     92 (2.2E-08) 6.9E-03  1.0747063E+00    17 2.8E+01

 Major Minors     Step   nCon Feasible  Optimal  MeritFunction    nS Penalty
    90      1  1.0E+00     93 (4.3E-08) 7.2E-03  1.0746473E+00    17 2.8E+01
    91      1  1.0E+00     94 (1.4E-07) 7.4E-03  1.0745091E+00    17 2.8E+01
    92      1  1.0E+00     95 (6.7E-07) 6.6E-03  1.0742409E+00    17 2.8E+01
    93      1  1.0E+00     96  2.2E-06  5.0E-03  1.0738824E+00    17 2.8E+01
    94      1  1.0E+00     97  2.2E-06  3.6E-03  1.0736396E+00    17 2.8E+01
    95      1  1.0E+00     98 (3.5E-07) 1.2E-03  1.0735778E+00    17 2.8E+01
    96      1  1.0E+00     99 (1.5E-08) 7.9E-04  1.0735729E+00    17 2.8E+01
    97      1  1.0E+00    100 (1.7E-09) 7.9E-04  1.0735728E+00    17 2.8E+01
    98      1  1.0E+00    101 (4.8E-11) 7.9E-04  1.0735728E+00    17 2.8E+01
    99      1  1.0E+00    102 (6.3E-10) 7.8E-04  1.0735727E+00    17 2.8E+01

 Major Minors     Step   nCon Feasible  Optimal  MeritFunction    nS Penalty
   100      1  1.0E+00    103 (9.3E-10) 7.8E-04  1.0735725E+00    17 2.8E+01
   101      1  1.0E+00    104 (2.6E-09) 7.5E-04  1.0735720E+00    17 2.8E+01
   102      1  1.0E+00    105 (4.3E-09) 7.2E-04  1.0735708E+00    17 2.8E+01
   103      1  1.0E+00    106 (6.0E-09) 8.3E-04  1.0735682E+00    17 2.8E+01
   104      1  1.0E+00    107 (1.4E-08) 8.5E-04  1.0735638E+00    17 2.8E+01
   105      1  1.0E+00    108 (3.1E-08) 6.3E-04  1.0735593E+00    17 2.8E+01
   106      1  1.0E+00    109 (3.6E-08) 2.5E-04  1.0735573E+00    17 2.8E+01
   107      1  1.0E+00    110 (5.5E-09) 1.0E-04  1.0735570E+00    17 2.8E+01
   108      1  1.0E+00    111 (9.1E-11) 9.4E-05  1.0735570E+00    17 2.8E+01
   109      1  1.0E+00    112 (2.5E-12) 9.2E-05  1.0735570E+00    17 2.8E+01

 Major Minors     Step   nCon Feasible  Optimal  MeritFunction    nS Penalty
   110      1  1.0E+00    113 (6.5E-13) 9.1E-05  1.0735570E+00    17 2.8E+01
   111      1  1.0E+00    114 (4.5E-12) 8.9E-05  1.0735570E+00    17 2.8E+01
   112      1  1.0E+00    115 (8.3E-12) 8.4E-05  1.0735570E+00    17 2.8E+01
   113      1  1.0E+00    116 (2.4E-11) 7.5E-05  1.0735570E+00    17 2.8E+01
   114      1  1.0E+00    117 (5.7E-11) 6.8E-05  1.0735569E+00    17 2.8E+01
   115      1  1.0E+00    118 (1.4E-10) 6.4E-05  1.0735569E+00    17 2.8E+01
   116      1  1.0E+00    119 (2.9E-10) 5.5E-05  1.0735569E+00    17 2.8E+01
   117      1  1.0E+00    120 (6.1E-10) 3.3E-05  1.0735568E+00    17 2.8E+01
   118      1  1.0E+00    121 (2.8E-10) 2.4E-05  1.0735568E+00    17 2.8E+01
   119      1  1.0E+00    122 (2.4E-11) 1.6E-05  1.0735568E+00    17 2.8E+01

 Major Minors     Step   nCon Feasible  Optimal  MeritFunction    nS Penalty
   120      1  1.0E+00    123 (9.8E-13) 1.4E-05  1.0735568E+00    17 2.8E+01

 Major Minors     Step   nCon Feasible  Optimal  MeritFunction    nS Penalty
   120      2  1.0E+00    123 (9.8E-13) 1.3E-05  1.0735568E+00    17 2.8E+01       c
   121      1  1.0E+00    124 (3.7E-14) 1.3E-05  1.0735568E+00    17 2.8E+01
   121      1  1.0E+00    124 (3.7E-14) 1.3E-05  1.0735568E+00    17 2.8E+01       c
   122      1  1.0E+00    125 (3.7E-14) 1.3E-05  1.0735568E+00    17 2.8E+01
   122      1  1.0E+00    125 (3.7E-14) 1.3E-05  1.0735568E+00    17 2.8E+01       c
   123      1  1.0E+00    126 (6.4E-14) 1.3E-05  1.0735568E+00    17 2.8E+01
   123      1  1.0E+00    126 (6.4E-14) 1.3E-05  1.0735568E+00    17 2.8E+01       c
   124      1  1.0E+00    127 (2.6E-13) 1.2E-05  1.0735568E+00    17 2.8E+01
   125      1  1.0E+00    128 (9.3E-13) 1.1E-05  1.0735568E+00    17 2.8E+01
   126      1  1.0E+00    129 (2.7E-12) 1.1E-05  1.0735568E+00    17 2.8E+01
   127      1  1.0E+00    130 (1.3E-11) 1.9E-05  1.0735568E+00    17 2.8E+01
   128      1  1.0E+00    131 (5.3E-12) 2.2E-05  1.0735568E+00    17 2.8E+01
   129      1  1.0E+00    132 (1.2E-11) 1.5E-05  1.0735568E+00    17 2.8E+01

 Major Minors     Step   nCon Feasible  Optimal  MeritFunction    nS Penalty
   130      1  1.0E+00    133 (4.8E-12) 4.8E-06  1.0735568E+00    17 2.8E+01
   131      1  1.0E+00    134 (1.1E-12) 2.0E-06  1.0735568E+00    17 2.8E+01
   131      2  1.0E+00    134 (1.1E-12) 2.1E-06  1.0735568E+00    17 2.8E+01       c
   132      1  1.0E+00    135 (4.6E-14)(1.9E-06) 1.0735568E+00    17 2.8E+01       c
 
 SNOPTA EXIT   0 -- finished successfully
 SNOPTA INFO   1 -- optimality conditions satisfied

 Problem name
 No. of iterations                 168   Objective value      1.0735567763E+00
 No. of major iterations           132   Linear objective     0.0000000000E+00
 Penalty parameter           2.763E+01   Nonlinear objective  1.0735567763E+00
 No. of calls to funobj           5685   No. of calls to funcon           5685
 Calls with modes 1,2 (known g)    135   Calls with modes 1,2 (known g)    135
 Calls for forward differencing   4680   Calls for forward differencing   4680
 Calls for central differencing    720   Calls for central differencing    720
 No. of superbasics                 17   No. of basic nonlinears            15
 No. of degenerate steps             2   Percentage                       1.19
 Max x                       2 6.0E+00   Max pi                      2 1.8E+00
 Max Primal infeas           0 0.0E+00   Max Dual infeas            22 5.3E-06
 Nonlinear constraint violn    3.8E-13

 Solution not printed
