
 
 ===>  WARNING - variable      203 has no Jacobian entries.
 ===>  WARNING - variable      204 has no Jacobian entries.
 ===>  WARNING - variable      205 has no Jacobian entries.
 

 Nonlinear constraints       3     Linear constraints       0
 Nonlinear variables       202     Linear variables         3
 Jacobian  variables       202     Objective variables    202
 Total constraints           3     Total variables        205
 

 
 The user has defined       0   out of     808   first  derivatives
 XXX  Some first  derivatives are missing --- derivative level reduced to 0
 

 Major Minors     Step   nCon Feasible  Optimal  MeritFunction    nS Penalty
     0     50               1 (0.0E+00) 1.1E+01  1.8955000E+02    50           r
     1      1  1.6E-01      2 (0.0E+00) 9.9E+00  2.8191156E+01    50         n rl
     2      2  2.5E-02      3 (0.0E+00) 1.1E+01  2.2488592E+01    50         s
     3      1  1.0E+00      4 (0.0E+00) 5.0E+00  1.3045317E+01    50
     4      1  1.0E+00      5 (0.0E+00) 4.1E+00  3.6815527E+00    50
     5      1  1.0E+00      6 (0.0E+00) 1.0E+00  2.8823017E+00    50
     6      1  1.0E+00      7 (0.0E+00) 5.1E-01  2.7950992E+00    50
     7      1  1.0E+00      8 (0.0E+00) 8.8E-01  2.6361703E+00    50
     8      1  1.0E+00      9 (0.0E+00) 1.2E+00  2.3216600E+00    50
     9      1  1.0E+00     10 (0.0E+00) 8.8E-01  2.0448118E+00    50

 Major Minors     Step   nCon Feasible  Optimal  MeritFunction    nS Penalty
    10      1  1.0E+00     11 (0.0E+00) 4.0E-01  1.9484493E+00    50
    11      1  1.0E+00     12 (0.0E+00) 5.1E-01  1.8266231E+00    50
    12      1  1.0E+00     13 (0.0E+00) 7.2E-01  1.6658727E+00    50           R
    13      1  1.0E+00     14 (0.0E+00) 1.4E+00  1.6523592E+00    50         s
    14      1  1.0E+00     15 (0.0E+00) 6.0E-01  1.5989038E+00    50
    15      1  1.0E+00     16 (0.0E+00) 2.7E-01  1.5628468E+00    50
    16      1  1.0E+00     17 (0.0E+00) 5.3E-01  1.4983440E+00    50
    17      1  1.0E+00     18 (0.0E+00) 4.4E-01  1.4710248E+00    50
    18      1  1.0E+00     19 (0.0E+00) 2.3E-01  1.4606032E+00    50
    19      1  1.0E+00     20 (0.0E+00) 2.4E-01  1.4534085E+00    50

 Major Minors     Step   nCon Feasible  Optimal  MeritFunction    nS Penalty
    20      1  1.0E+00     21 (0.0E+00) 4.6E-01  1.4345327E+00    50
    21      1  1.0E+00     22 (0.0E+00) 6.6E-01  1.4003866E+00    50
    22      1  1.0E+00     23 (0.0E+00) 8.0E-01  1.3476521E+00    50
    23      1  1.0E+00     24 (0.0E+00) 6.2E-01  1.2967540E+00    50           R
    24      1  1.0E+00     25 (0.0E+00) 5.7E-01  1.2769122E+00    50         s
    25      1  1.0E+00     26 (0.0E+00) 3.9E-01  1.2705690E+00    50
    26      1  1.0E+00     27 (0.0E+00) 2.8E-01  1.2517039E+00    50
    27      1  1.0E+00     28 (0.0E+00) 4.3E-01  1.2294732E+00    50
    28      1  1.0E+00     29 (0.0E+00) 3.3E-01  1.2114302E+00    50
    29      1  1.0E+00     30 (0.0E+00) 1.4E-01  1.2055119E+00    50

 Major Minors     Step   nCon Feasible  Optimal  MeritFunction    nS Penalty
    30      1  1.0E+00     31 (0.0E+00) 8.6E-02  1.2037906E+00    50
    31      1  1.0E+00     32 (0.0E+00) 1.8E-01  1.2015430E+00    50
    32      1  1.0E+00     33 (0.0E+00) 3.5E-01  1.1959352E+00    50
    33      1  1.0E+00     34 (0.0E+00) 5.5E-01  1.1839011E+00    50
    34      1  1.0E+00     35 (0.0E+00) 6.9E-01  1.1622736E+00    50           R
    35      1  1.0E+00     36 (0.0E+00) 1.9E-01  1.1441726E+00    50         s
    36      1  1.0E+00     37 (0.0E+00) 1.6E-01  1.1428953E+00    50
    37      1  1.0E+00     38 (0.0E+00) 1.5E-01  1.1296091E+00    50
    38      1  1.0E+00     39 (0.0E+00) 1.1E-01  1.1286272E+00    50
    39      1  1.0E+00     40 (0.0E+00) 9.1E-02  1.1272714E+00    50

 Major Minors     Step   nCon Feasible  Optimal  MeritFunction    nS Penalty
    40      1  1.0E+00     41 (0.0E+00) 1.7E-01  1.1246079E+00    50
    41      1  1.0E+00     42 (0.0E+00) 2.8E-01  1.1176957E+00    50
    42      1  1.0E+00     43 (0.0E+00) 3.9E-01  1.1039622E+00    50
    43      1  1.0E+00     44 (0.0E+00) 4.1E-01  1.0827355E+00    50
    44      1  1.0E+00     45 (0.0E+00) 2.6E-01  1.0631526E+00    50
    45      1  1.0E+00     46 (0.0E+00) 1.5E-01  1.0539075E+00    50           R
    46      1  1.0E+00     47 (0.0E+00) 1.6E-01  1.0520052E+00    50         s
    47      1  1.0E+00     48 (0.0E+00) 1.8E-01  1.0375251E+00    50
    48      1  1.0E+00     49 (0.0E+00) 6.4E-02  1.0326190E+00    50
    49      1  1.0E+00     50 (0.0E+00) 3.9E-02  1.0322443E+00    50

 Major Minors     Step   nCon Feasible  Optimal  MeritFunction    nS Penalty
    50      1  1.0E+00     51 (0.0E+00) 9.8E-02  1.0307466E+00    50
    51      1  1.0E+00     52 (0.0E+00) 1.7E-01  1.0283529E+00    50
    52      1  1.0E+00     53 (0.0E+00) 2.5E-01  1.0237771E+00    50
    53      1  1.0E+00     54 (0.0E+00) 2.7E-01  1.0180898E+00    50
    54      1  1.0E+00     55 (0.0E+00) 1.7E-01  1.0125189E+00    50
    55      1  1.0E+00     56 (0.0E+00) 7.3E-02  1.0085698E+00    50
    56      1  1.0E+00     57 (0.0E+00) 1.1E-01  1.0061749E+00    50           R
    57      1  3.9E-01     58 (0.0E+00) 6.4E-02  1.0057331E+00    50         s
    58      1  1.0E+00     59 (0.0E+00) 6.0E-02  1.0055603E+00    50
    59      1  1.0E+00     60 (0.0E+00) 1.7E-02  1.0043960E+00    50

 Major Minors     Step   nCon Feasible  Optimal  MeritFunction    nS Penalty
    60      1  1.0E+00     61 (0.0E+00) 1.7E-02  1.0043452E+00    50
    61      1  1.0E+00     62 (0.0E+00) 3.3E-02  1.0024411E+00    50
    62      1  1.0E+00     63 (0.0E+00) 2.6E-02  1.0015223E+00    50
    63      1  1.0E+00     64 (0.0E+00) 2.2E-02  1.0010423E+00    50
    64      1  1.0E+00     65 (0.0E+00) 2.7E-02  1.0009181E+00    50
    65      1  1.0E+00     66 (0.0E+00) 3.4E-02  1.0007651E+00    50
    66      1  1.0E+00     67 (0.0E+00) 3.7E-02  1.0005097E+00    50
    67      1  1.0E+00     68 (0.0E+00) 3.1E-02  1.0002023E+00    50           R
    68      1  1.0E+00     69 (0.0E+00) 2.3E-02  1.0001670E+00    50         s
    69      1  4.7E-01     70 (0.0E+00) 2.8E-02  9.9993017E-01    50

 Major Minors     Step   nCon Feasible  Optimal  MeritFunction    nS Penalty
    70      1  1.0E+00     71 (0.0E+00) 2.0E-02  9.9983821E-01    50
    71      1  1.0E+00     72 (0.0E+00) 4.2E-02  9.9970009E-01    50
    72      1  1.0E+00     73 (0.0E+00) 6.6E-02  9.9936501E-01    50
    73      1  1.0E+00     74 (0.0E+00) 5.5E-02  9.9910143E-01    50
    74      1  1.0E+00     75 (0.0E+00) 2.1E-02  9.9895135E-01    50
    75      1  1.0E+00     76 (0.0E+00) 1.5E-02  9.9887426E-01    50
    76      1  1.0E+00     77 (0.0E+00) 3.7E-02  9.9876257E-01    50
    77      1  1.0E+00     78 (0.0E+00) 6.1E-02  9.9854461E-01    50
    78      1  1.0E+00     79 (0.0E+00) 7.7E-02  9.9819927E-01    50           R
    79      1  2.2E-01     80 (0.0E+00) 1.1E-02  9.9799349E-01    50         s

 Major Minors     Step   nCon Feasible  Optimal  MeritFunction    nS Penalty
    80      1  1.0E+00     81 (0.0E+00) 1.1E-02  9.9798755E-01    50
    81      1  1.0E+00     82 (0.0E+00) 6.4E-03  9.9794235E-01    50
    82      1  1.0E+00     83 (0.0E+00) 6.3E-03  9.9794099E-01    50
    83      1  1.0E+00     84 (0.0E+00) 9.0E-03  9.9788749E-01    50
    84      1  1.0E+00     85 (0.0E+00) 7.8E-03  9.9787116E-01    50
    85      1  1.0E+00     86 (0.0E+00) 6.9E-03  9.9786489E-01    50
    86      1  1.0E+00     87 (0.0E+00) 6.7E-03  9.9786289E-01    50
    87      1  1.0E+00     88 (0.0E+00) 6.0E-03  9.9785822E-01    50
    88      1  1.0E+00     89 (0.0E+00) 7.3E-03  9.9785061E-01    50
    89      1  1.0E+00     90 (0.0E+00) 7.9E-03  9.9784019E-01    50           R

 Major Minors     Step   nCon Feasible  Optimal  MeritFunction    nS Penalty
    90      1  1.0E+00     91 (0.0E+00) 7.8E-03  9.9783836E-01    50         s
    91      1  2.3E-01     92 (0.0E+00) 1.5E-02  9.9783019E-01    50
    92      1  2.8E-01     93 (0.0E+00) 7.1E-03  9.9779357E-01    50
    93      1  1.0E+00     94 (0.0E+00) 6.2E-03  9.9777283E-01    50
    94      1  1.0E+00     95 (0.0E+00) 4.8E-03  9.9770430E-01    50
    95      1  1.0E+00     96 (0.0E+00) 5.3E-03  9.9767601E-01    50
    96      1  1.0E+00     97 (0.0E+00) 4.9E-03  9.9756302E-01    50
    97      1  1.0E+00     98 (0.0E+00) 3.0E-03  9.9751259E-01    50
    98      1  1.0E+00     99 (0.0E+00) 6.5E-04  9.9749714E-01    50
    99      1  1.0E+00    100 (0.0E+00) 4.4E-04  9.9749587E-01    50

 Major Minors     Step   nCon Feasible  Optimal  MeritFunction    nS Penalty
   100      1  1.0E+00    101 (0.0E+00) 4.8E-04  9.9749540E-01    50           R
   101      1  1.0E+00    102 (0.0E+00) 1.4E-03  9.9749525E-01    50         s
   102      1  2.3E-01    103 (0.0E+00) 1.5E-03  9.9749457E-01    50
   103      1  1.0E+00    104 (0.0E+00) 6.9E-04  9.9749365E-01    50
   104      1  1.0E+00    105 (0.0E+00) 5.3E-04  9.9749317E-01    50
   105      1  1.0E+00    106 (0.0E+00) 4.6E-04  9.9749280E-01    50
   106      1  1.0E+00    107 (0.0E+00) 3.8E-04  9.9749236E-01    50
   107      1  1.0E+00    108 (0.0E+00) 3.3E-04  9.9749213E-01    50
   108      1  1.0E+00    109 (0.0E+00) 3.6E-04  9.9749187E-01    50
   109      1  1.0E+00    110 (0.0E+00) 3.6E-04  9.9749148E-01    50

 Major Minors     Step   nCon Feasible  Optimal  MeritFunction    nS Penalty
   110      1  1.0E+00    111 (0.0E+00) 3.0E-04  9.9749111E-01    50
   111      1  1.0E+00    112 (0.0E+00) 2.1E-04  9.9749094E-01    50           R
   112      1  1.0E+00    113 (0.0E+00) 1.6E-04  9.9749091E-01    50         s
   113      1  1.0E+00    114 (0.0E+00) 8.4E-04  9.9749086E-01    50
   114      1  6.8E-02    115 (0.0E+00) 1.8E-04  9.9749082E-01    50
   115      1  1.0E+00    116 (0.0E+00) 1.7E-04  9.9749079E-01    50
   116      1  1.0E+00    117 (0.0E+00) 2.0E-04  9.9749076E-01    50
   117      1  1.0E+00    118 (0.0E+00) 1.4E-04  9.9749074E-01    50
   118      1  1.0E+00    119 (0.0E+00) 1.0E-04  9.9749072E-01    50
   119      1  1.0E+00    120 (0.0E+00) 1.4E-04  9.9749070E-01    50

 Major Minors     Step   nCon Feasible  Optimal  MeritFunction    nS Penalty
   120      1  1.0E+00    121 (0.0E+00) 1.1E-04  9.9749068E-01    50
   121      1  1.0E+00    122 (0.0E+00) 5.9E-05  9.9749067E-01    50
   122      1  1.0E+00    123 (0.0E+00) 6.9E-05  9.9749066E-01    50           R
   123      1  1.0E+00    124 (0.0E+00) 1.4E-04  9.9749066E-01    50         s
   124      1  1.3E-01    125 (0.0E+00) 1.2E-04  9.9749066E-01    50
   125      1  1.0E+00    126 (0.0E+00) 7.0E-05  9.9749065E-01    50
   126      1  1.0E+00    127 (0.0E+00) 1.1E-04  9.9749065E-01    50
   127      1  1.0E+00    128 (0.0E+00) 1.0E-04  9.9749064E-01    50
   128      1  1.0E+00    129 (0.0E+00) 7.0E-05  9.9749064E-01    50
   129      1  1.0E+00    130 (0.0E+00) 4.2E-05  9.9749063E-01    50

 Major Minors     Step   nCon Feasible  Optimal  MeritFunction    nS Penalty
   130      1  1.0E+00    131 (0.0E+00) 6.0E-05  9.9749063E-01    50
   131      1  1.0E+00    132 (0.0E+00) 5.6E-05  9.9749063E-01    50
   132      1  1.0E+00    133 (0.0E+00) 4.4E-05  9.9749062E-01    50
   133      1  1.0E+00    134 (0.0E+00) 5.5E-05  9.9749062E-01    50           R
   134      1  4.4E-01    135 (0.0E+00) 9.1E-05  9.9749062E-01    50         s
   135      1  4.7E-01    136 (0.0E+00) 2.7E-05  9.9749062E-01    50
   136      1  1.0E+00    137 (0.0E+00) 2.5E-05  9.9749062E-01    50
   137      1  1.0E+00    138 (0.0E+00) 4.0E-05  9.9749062E-01    50
   138      1  1.0E+00    139 (0.0E+00) 4.2E-05  9.9749062E-01    50
   139      1  1.0E+00    140 (0.0E+00) 3.7E-05  9.9749062E-01    50

 Major Minors     Step   nCon Feasible  Optimal  MeritFunction    nS Penalty
   140      1  1.0E+00    141 (0.0E+00) 3.0E-05  9.9749062E-01    50
   141      1  1.0E+00    142 (0.0E+00) 2.6E-05  9.9749062E-01    50
   142      1  1.0E+00    143 (0.0E+00) 2.7E-05  9.9749062E-01    50
   143      1  1.0E+00    144 (0.0E+00) 3.6E-05  9.9749062E-01    50
   144      1  1.0E+00    145 (0.0E+00) 3.7E-05  9.9749062E-01    50           R
   145      1  1.0E+00    146 (0.0E+00) 2.2E-05  9.9749062E-01    50         s
   146      1  3.6E-01    147 (0.0E+00) 5.9E-05  9.9749062E-01    50
   147      1  4.1E-01    148 (0.0E+00) 3.2E-05  9.9749061E-01    50
   147      2  1.0E+00    148 (0.0E+00) 4.2E-05  9.9749061E-01    50               c
   148      1  1.0E+00    149 (0.0E+00) 3.1E-05  9.9749061E-01    50
   149      1  1.0E+00    150 (0.0E+00) 3.8E-05  9.9749061E-01    50

 Major Minors     Step   nCon Feasible  Optimal  MeritFunction    nS Penalty
   150      1  1.0E+00    151 (0.0E+00) 3.0E-05  9.9749061E-01    50
   151      1  1.0E+00    152 (0.0E+00) 2.1E-05  9.9749061E-01    50
   152      1  1.0E+00    153 (0.0E+00) 2.6E-05  9.9749061E-01    50
   153      1  1.0E+00    154 (0.0E+00) 2.8E-05  9.9749061E-01    50
   154      1  1.0E+00    155 (0.0E+00) 2.1E-05  9.9749061E-01    50
   155      1  1.0E+00    156 (0.0E+00) 1.0E-05  9.9749061E-01    50           R
   156      1  1.0E+00    157 (0.0E+00) 1.4E-05  9.9749061E-01    50         s
   157      1  4.6E-02    158 (0.0E+00) 4.3E-05  9.9749061E-01    50
   158      1  3.1E-01    159 (0.0E+00) 2.7E-05  9.9749061E-01    50
   159      1  3.8E-01    160 (0.0E+00) 1.6E-05  9.9749061E-01    50

 Major Minors     Step   nCon Feasible  Optimal  MeritFunction    nS Penalty
   160      1  1.0E+00    161 (0.0E+00) 1.1E-05  9.9749061E-01    50
   161      1  2.9E-01    162 (0.0E+00) 1.5E-05  9.9749061E-01    50
   162      1  3.8E-01    163 (0.0E+00) 1.1E-05  9.9749061E-01    50
   163      1  1.0E+00    164 (0.0E+00) 9.0E-06  9.9749061E-01    50
   164      1  1.0E+00    165 (0.0E+00) 8.3E-06  9.9749061E-01    50
   165      1  1.0E+00    166 (0.0E+00) 8.0E-06  9.9749061E-01    50
   166      1  1.0E+00    167 (0.0E+00) 7.1E-06  9.9749061E-01    50           R
   166      2  1.0E+00    167 (0.0E+00) 1.8E-05  9.9749061E-01    50           R   c
   167      1  1.0E+00    168 (0.0E+00) 1.8E-05  9.9749061E-01    50         s
   168      1  4.8E-02    169 (0.0E+00) 3.4E-05  9.9749061E-01    50
   169      1  2.1E-01    170 (0.0E+00) 1.2E-05  9.9749061E-01    50

 Major Minors     Step   nCon Feasible  Optimal  MeritFunction    nS Penalty
   170      1  1.0E+00    171 (0.0E+00) 9.8E-06  9.9749061E-01    50
   171      1  4.2E-01    172 (0.0E+00) 5.4E-06  9.9749061E-01    50
   172      1  4.8E-01    173 (0.0E+00) 1.1E-05  9.9749061E-01    50
   173      1  4.6E-01    174 (0.0E+00) 4.7E-06  9.9749061E-01    50
   174      1  1.0E+00    175 (0.0E+00) 8.6E-06  9.9749061E-01    50
   175      1  1.0E+00    176 (0.0E+00) 7.5E-06  9.9749061E-01    50
   176      1  1.0E+00    177 (0.0E+00) 7.1E-06  9.9749061E-01    50
   177      1  1.0E+00    178 (0.0E+00) 5.8E-06  9.9749061E-01    50           R
   177      2             178 (0.0E+00) 1.5E-05  9.9749061E-01    50           R   c
   178      1  3.6E-01    179 (0.0E+00) 2.2E-05  9.9749061E-01    50         s
   179      1  1.0E+00    180 (0.0E+00) 2.5E-05  9.9749061E-01    50

 Major Minors     Step   nCon Feasible  Optimal  MeritFunction    nS Penalty
   180      1  1.0E+00    181 (0.0E+00) 6.7E-06  9.9749061E-01    50

 Major Minors     Step   nCon Feasible  Optimal  MeritFunction    nS Penalty
   180      2             181 (0.0E+00) 1.0E-05  9.9749061E-01    50               c
   181      1  1.0E+00    182 (0.0E+00) 8.9E-06  9.9749061E-01    50               c
   182      1  1.0E+00    183 (0.0E+00) 6.2E-06  9.9749061E-01    50               c
   183      1  1.0E+00    184 (0.0E+00) 5.0E-06  9.9749061E-01    50               c
   184      1  1.0E+00    185 (0.0E+00) 4.8E-06  9.9749061E-01    50               c
   185      1  1.0E+00    186 (0.0E+00) 5.1E-06  9.9749061E-01    50               c
   186      1  1.0E+00    187 (0.0E+00) 5.4E-06  9.9749061E-01    50               c
   187      1  1.0E+00    188 (0.0E+00) 5.4E-06  9.9749061E-01    50               c
   188      1  1.0E+00    189 (0.0E+00) 5.0E-06  9.9749061E-01    50           R   c
   189      1  1.0E+00    190 (0.0E+00) 4.7E-06  9.9749061E-01    50         s     c

 Major Minors     Step   nCon Feasible  Optimal  MeritFunction    nS Penalty
   190      1  3.4E-01    191 (0.0E+00) 1.3E-05  9.9749061E-01    50
   191      1  1.0E-01    192 (0.0E+00) 1.4E-05  9.9749061E-01    50
   192      1  3.4E-01    193 (0.0E+00) 1.8E-05  9.9749061E-01    50
   193      1  1.0E+00    194 (0.0E+00) 2.4E-05  9.9749061E-01    50
   193      2             194 (0.0E+00) 2.0E-05  9.9749061E-01    50               c
   194      1  1.0E+00    195 (0.0E+00) 1.3E-05  9.9749061E-01    50
   195      1  1.0E+00    196 (0.0E+00) 1.5E-05  9.9749061E-01    50
   196      1  3.4E-01    197 (0.0E+00) 1.2E-05  9.9749061E-01    50
   197      1  4.4E-01    198 (0.0E+00) 9.6E-06  9.9749061E-01    50
   197      2             198 (0.0E+00) 7.3E-06  9.9749061E-01    50               c
   198      1  1.0E+00    199 (0.0E+00) 7.6E-06  9.9749061E-01    50               c
   199      1  1.0E+00    200 (0.0E+00) 9.1E-06  9.9749061E-01    50           R   c

 Major Minors     Step   nCon Feasible  Optimal  MeritFunction    nS Penalty
   200      1  1.3E-01    201 (0.0E+00) 7.3E-06  9.9749061E-01    50         s     c
   201      1  1.0E+00    202 (0.0E+00) 6.4E-06  9.9749061E-01    50               c
   202      1  1.0E+00    203 (0.0E+00) 4.7E-06  9.9749061E-01    50               c
   203      1  1.0E+00    204 (0.0E+00) 5.0E-06  9.9749061E-01    50               c
   204      1  1.0E+00    205 (0.0E+00) 5.6E-06  9.9749061E-01    50               c
   205      1  1.0E+00    206 (0.0E+00) 5.8E-06  9.9749061E-01    50               c
   206      1  1.0E+00    207 (0.0E+00) 5.4E-06  9.9749061E-01    50               c
   207      1  1.0E+00    208 (0.0E+00) 4.5E-06  9.9749061E-01    50               c
   208      1  1.0E+00    209 (0.0E+00) 3.3E-06  9.9749061E-01    50               c
   209      1  1.0E+00    210 (0.0E+00) 2.9E-06  9.9749061E-01    50               c

 Major Minors     Step   nCon Feasible  Optimal  MeritFunction    nS Penalty
   210      1  1.0E+00    211 (0.0E+00) 3.2E-06  9.9749061E-01    50           R   c
   211      1  1.0E+00    212 (0.0E+00) 3.7E-06  9.9749061E-01    50         s     c
   212      1  1.0E+00    213 (0.0E+00) 8.3E-06  9.9749061E-01    50               c
   213      1  1.0E+00    214 (0.0E+00) 4.3E-06  9.9749061E-01    50               c
   214      1  1.0E+00    215 (0.0E+00) 5.2E-06  9.9749061E-01    50               c
   215      1  1.0E+00    216 (0.0E+00) 6.4E-06  9.9749061E-01    50               c
   216      1  1.0E+00    217 (0.0E+00) 5.2E-06  9.9749061E-01    50               c
   217      1  1.0E+00    218 (0.0E+00) 4.4E-06  9.9749061E-01    50               c
   218      1  1.0E+00    219 (0.0E+00) 6.1E-06  9.9749061E-01    50               c
   219      1  1.0E+00    220 (0.0E+00) 7.1E-06  9.9749061E-01    50               c

 Major Minors     Step   nCon Feasible  Optimal  MeritFunction    nS Penalty
   220      1  1.0E+00    221 (0.0E+00) 6.1E-06  9.9749061E-01    50               c
   221      1  1.0E+00    222 (0.0E+00) 3.7E-06  9.9749061E-01    50           R   c
   222      1  1.0E+00    223 (0.0E+00) 1.2E-05  9.9749061E-01    50         s
   222      1  1.0E+00    223 (0.0E+00) 1.2E-05  9.9749061E-01    50         s     c
   223      1  1.0E+00    224 (0.0E+00) 4.5E-06  9.9749061E-01    50               c
   224      1  1.0E+00    225 (0.0E+00) 3.6E-06  9.9749061E-01    50               c
   225      1  1.0E+00    226 (0.0E+00) 5.6E-06  9.9749061E-01    50               c
   226      1  1.0E+00    227 (0.0E+00) 5.3E-06  9.9749061E-01    50               c
   227      1  1.0E+00    228 (0.0E+00) 3.3E-06  9.9749061E-01    50               c
   228      1  1.0E+00    229 (0.0E+00) 2.4E-06  9.9749061E-01    50               c
   229      1  1.0E+00    230 (0.0E+00) 3.5E-06  9.9749061E-01    50               c

 Major Minors     Step   nCon Feasible  Optimal  MeritFunction    nS Penalty
   230      1  1.0E+00    231 (0.0E+00) 3.7E-06  9.9749061E-01    50               c
   231      1  1.0E+00    232 (0.0E+00) 2.8E-06  9.9749061E-01    50               c
   232      1  1.0E+00    233 (0.0E+00)(1.8E-06) 9.9749061E-01    50           R   c
 
 SNOPTA EXIT   0 -- finished successfully
 SNOPTA INFO   1 -- optimality conditions satisfied

 Problem name
 No. of iterations                 289   Objective value      9.9749060866E-01
 No. of major iterations           232   Linear objective     0.0000000000E+00
 Penalty parameter           0.000E+00   Nonlinear objective  9.9749060866E-01
 No. of calls to funobj          60330   No. of calls to funcon          60330
 Calls with modes 1,2 (known g)    233   Calls with modes 1,2 (known g)    233
 Calls for forward differencing  37168   Calls for forward differencing  37168
 Calls for central differencing  22624   Calls for central differencing  22624
 No. of superbasics                 50   No. of basic nonlinears             0
 No. of degenerate steps             0   Percentage                        .00
 Max x       (scaled)      102 1.1E+00   Max pi      (scaled)        1 0.0E+00
 Max x                     102 1.1E+00   Max pi                      1 0.0E+00
 Max Prim inf(scaled)        0 0.0E+00   Max Dual inf(scaled)        1 3.6E-06
 Max Primal infeas           0 0.0E+00   Max Dual infeas             1 3.6E-06
 Nonlinear constraint violn    0.0E+00

 Solution not printed
