
 
 ===>  WARNING - variable      103 has no Jacobian entries.
 ===>  WARNING - variable      104 has no Jacobian entries.
 ===>  WARNING - variable      105 has no Jacobian entries.
 

 Nonlinear constraints       3     Linear constraints       0
 Nonlinear variables       102     Linear variables         3
 Jacobian  variables       102     Objective variables    102
 Total constraints           3     Total variables        105
 

 
 The user has defined       0   out of     408   first  derivatives
 XXX  Some first  derivatives are missing --- derivative level reduced to 0
 

 Major Minors     Step   nCon Feasible  Optimal  MeritFunction    nS Penalty
     0     50               1 (0.0E+00) 1.1E+01  1.8955000E+02    50           r
     1      1  1.6E-01      2 (0.0E+00) 1.0E+01  5.7947407E+01    50         n rl
     2      1  6.4E-02      3 (0.0E+00) 1.3E+01  3.4092120E+01    50         s
     3      1  1.0E+00      4 (0.0E+00) 1.3E+01  1.0021578E+01    50
     4      1  1.0E+00      5 (0.0E+00) 3.2E+00  3.3789748E+00    50
     5      1  1.0E+00      6 (0.0E+00) 5.1E-01  2.7965226E+00    50
     6      1  1.0E+00      7 (0.0E+00) 9.0E-01  2.6443619E+00    50
     7      1  1.0E+00      8 (0.0E+00) 1.5E+00  2.1661556E+00    50
     8      1  1.0E+00      9 (0.0E+00) 1.1E+00  1.8320854E+00    50
     9      1  1.0E+00     10 (0.0E+00) 4.0E-01  1.6022729E+00    50

 Major Minors     Step   nCon Feasible  Optimal  MeritFunction    nS Penalty
    10      1  1.0E+00     11 (0.0E+00) 6.4E-01  1.4745703E+00    50
    11      1  1.0E+00     12 (0.0E+00) 7.6E-01  1.3927530E+00    50
    12      1  1.0E+00     13 (0.0E+00) 4.8E-01  1.3402488E+00    50           R
    13      1  2.3E-01     14 (0.0E+00) 2.1E-01  1.3348930E+00    50         s
    14      1  1.0E+00     15 (0.0E+00) 2.1E-01  1.3314153E+00    50
    15      1  1.0E+00     16 (0.0E+00) 1.9E-01  1.2722189E+00    50
    16      1  1.0E+00     17 (0.0E+00) 1.8E-01  1.2670286E+00    50
    17      1  1.0E+00     18 (0.0E+00) 3.0E-01  1.2068455E+00    50
    18      1  1.0E+00     19 (0.0E+00) 3.0E-01  1.1621811E+00    50
    19      1  1.0E+00     20 (0.0E+00) 2.0E-01  1.1356719E+00    50

 Major Minors     Step   nCon Feasible  Optimal  MeritFunction    nS Penalty
    20      1  1.0E+00     21 (0.0E+00) 1.1E-01  1.1292591E+00    50
    21      1  1.0E+00     22 (0.0E+00) 8.0E-02  1.1272268E+00    50
    22      1  1.0E+00     23 (0.0E+00) 9.9E-02  1.1252418E+00    50
    23      1  1.0E+00     24 (0.0E+00) 1.9E-01  1.1192242E+00    50           R
    24      1  1.0E+00     25 (0.0E+00) 9.0E-02  1.1177135E+00    50         s
    25      1  1.0E+00     26 (0.0E+00) 1.1E-01  1.1159538E+00    50
    26      1  1.0E+00     27 (0.0E+00) 1.8E-01  1.1041202E+00    50
    27      1  1.0E+00     28 (0.0E+00) 1.3E-01  1.1015165E+00    50
    28      1  1.0E+00     29 (0.0E+00) 2.3E-01  1.0981293E+00    50
    29      1  1.0E+00     30 (0.0E+00) 3.6E-01  1.0929080E+00    50

 Major Minors     Step   nCon Feasible  Optimal  MeritFunction    nS Penalty
    30      1  1.0E+00     31 (0.0E+00) 4.7E-01  1.0822947E+00    50
    31      1  1.0E+00     32 (0.0E+00) 4.0E-01  1.0703910E+00    50
    32      1  1.0E+00     33 (0.0E+00) 1.9E-01  1.0632147E+00    50
    33      1  1.0E+00     34 (0.0E+00) 5.5E-02  1.0611370E+00    50
    34      1  1.0E+00     35 (0.0E+00) 1.1E-01  1.0603835E+00    50           R
    35      1  1.0E+00     36 (0.0E+00) 5.8E-02  1.0598937E+00    50         s
    36      1  1.0E+00     37 (0.0E+00) 1.1E-01  1.0560902E+00    50
    37      1  1.0E+00     38 (0.0E+00) 2.3E-01  1.0443473E+00    50
    38      1  1.0E+00     39 (0.0E+00) 1.7E-01  1.0409686E+00    50
    39      1  1.0E+00     40 (0.0E+00) 8.5E-02  1.0374486E+00    50

 Major Minors     Step   nCon Feasible  Optimal  MeritFunction    nS Penalty
    40      1  1.0E+00     41 (0.0E+00) 1.2E-01  1.0347822E+00    50
    41      1  1.0E+00     42 (0.0E+00) 9.2E-02  1.0325150E+00    50
    42      1  1.0E+00     43 (0.0E+00) 6.1E-02  1.0310582E+00    50
    43      1  1.0E+00     44 (0.0E+00) 7.9E-02  1.0293528E+00    50
    44      1  1.0E+00     45 (0.0E+00) 1.7E-01  1.0264640E+00    50
    45      1  1.0E+00     46 (0.0E+00) 2.5E-01  1.0217153E+00    50           R
    46      1  4.0E-01     47 (0.0E+00) 6.5E-02  1.0200941E+00    50         s
    47      1  1.0E+00     48 (0.0E+00) 6.2E-02  1.0195413E+00    50
    48      1  1.0E+00     49 (0.0E+00) 5.7E-02  1.0151135E+00    50
    49      1  1.0E+00     50 (0.0E+00) 5.6E-02  1.0150066E+00    50

 Major Minors     Step   nCon Feasible  Optimal  MeritFunction    nS Penalty
    50      1  1.0E+00     51 (0.0E+00) 2.5E-02  1.0131153E+00    50
    51      1  1.0E+00     52 (0.0E+00) 4.0E-02  1.0126076E+00    50
    52      1  1.0E+00     53 (0.0E+00) 6.0E-02  1.0122071E+00    50
    53      1  1.0E+00     54 (0.0E+00) 7.2E-02  1.0117632E+00    50
    54      1  1.0E+00     55 (0.0E+00) 8.8E-02  1.0106914E+00    50
    55      1  1.0E+00     56 (0.0E+00) 9.2E-02  1.0090885E+00    50
    56      1  1.0E+00     57 (0.0E+00) 7.3E-02  1.0074767E+00    50           R
    57      1  1.0E+00     58 (0.0E+00) 5.2E-02  1.0072978E+00    50         s
    58      1  1.0E+00     59 (0.0E+00) 4.9E-02  1.0059816E+00    50
    59      1  1.0E+00     60 (0.0E+00) 2.6E-02  1.0054019E+00    50

 Major Minors     Step   nCon Feasible  Optimal  MeritFunction    nS Penalty
    60      1  1.0E+00     61 (0.0E+00) 3.5E-02  1.0048081E+00    50
    61      1  1.0E+00     62 (0.0E+00) 4.5E-02  1.0038329E+00    50
    62      1  1.0E+00     63 (0.0E+00) 2.8E-02  1.0032107E+00    50
    63      1  1.0E+00     64 (0.0E+00) 1.8E-02  1.0028333E+00    50
    64      1  1.0E+00     65 (0.0E+00) 2.6E-02  1.0025590E+00    50
    65      1  1.0E+00     66 (0.0E+00) 3.3E-02  1.0022121E+00    50
    66      1  1.0E+00     67 (0.0E+00) 2.7E-02  1.0017735E+00    50
    67      1  1.0E+00     68 (0.0E+00) 3.3E-02  1.0012059E+00    50           R
    68      1  1.0E+00     69 (0.0E+00) 1.0E-01  1.0010678E+00    50         s
    69      1  1.0E+00     70 (0.0E+00) 3.9E-02  1.0005490E+00    50

 Major Minors     Step   nCon Feasible  Optimal  MeritFunction    nS Penalty
    70      1  1.0E+00     71 (0.0E+00) 1.7E-02  1.0003949E+00    50
    71      1  1.0E+00     72 (0.0E+00) 2.2E-02  1.0003270E+00    50
    72      1  1.0E+00     73 (0.0E+00) 2.6E-02  1.0001225E+00    50
    73      1  1.0E+00     74 (0.0E+00) 2.3E-02  9.9999429E-01    50
    74      1  1.0E+00     75 (0.0E+00) 1.5E-02  9.9986864E-01    50
    75      1  1.0E+00     76 (0.0E+00) 2.1E-02  9.9975562E-01    50
    76      1  1.0E+00     77 (0.0E+00) 2.1E-02  9.9963469E-01    50
    77      1  1.0E+00     78 (0.0E+00) 1.5E-02  9.9954595E-01    50
    78      1  1.0E+00     79 (0.0E+00) 1.9E-02  9.9947754E-01    50           R
    79      1  1.0E+00     80 (0.0E+00) 2.1E-02  9.9944112E-01    50         s

 Major Minors     Step   nCon Feasible  Optimal  MeritFunction    nS Penalty
    80      1  5.3E-02     81 (0.0E+00) 3.7E-02  9.9937189E-01    50
    81      1  1.0E+00     82 (0.0E+00) 2.0E-02  9.9906638E-01    50
    82      1  1.0E+00     83 (0.0E+00) 1.6E-02  9.9895863E-01    50
    83      1  1.0E+00     84 (0.0E+00) 1.4E-02  9.9878096E-01    50
    84      1  1.0E+00     85 (0.0E+00) 2.6E-02  9.9817009E-01    50
    85      1  1.0E+00     86 (0.0E+00) 2.3E-02  9.9782890E-01    50
    86      1  1.0E+00     87 (0.0E+00) 9.4E-03  9.9766239E-01    50
    87      1  1.0E+00     88 (0.0E+00) 2.6E-03  9.9762816E-01    50
    88      1  1.0E+00     89 (0.0E+00) 6.0E-03  9.9760423E-01    50
    89      1  1.0E+00     90 (0.0E+00) 9.3E-03  9.9756989E-01    50           R

 Major Minors     Step   nCon Feasible  Optimal  MeritFunction    nS Penalty
    90      1  1.3E-01     91 (0.0E+00) 4.6E-03  9.9756692E-01    50         s
    91      1  1.0E+00     92 (0.0E+00) 3.9E-03  9.9756278E-01    50
    92      1  1.0E+00     93 (0.0E+00) 2.5E-03  9.9755447E-01    50
    93      1  1.0E+00     94 (0.0E+00) 2.5E-03  9.9755384E-01    50
    94      1  1.0E+00     95 (0.0E+00) 2.1E-03  9.9754701E-01    50
    95      1  1.0E+00     96 (0.0E+00) 2.6E-03  9.9754519E-01    50
    96      1  1.0E+00     97 (0.0E+00) 3.5E-03  9.9754298E-01    50
    97      1  1.0E+00     98 (0.0E+00) 3.8E-03  9.9754072E-01    50
    98      1  1.0E+00     99 (0.0E+00) 3.3E-03  9.9753809E-01    50
    99      1  1.0E+00    100 (0.0E+00) 2.3E-03  9.9753669E-01    50

 Major Minors     Step   nCon Feasible  Optimal  MeritFunction    nS Penalty
   100      1  1.0E+00    101 (0.0E+00) 1.9E-03  9.9753602E-01    50           R
   101      1  1.0E+00    102 (0.0E+00) 1.9E-03  9.9753566E-01    50         s
   102      1  2.0E-01    103 (0.0E+00) 6.3E-03  9.9753391E-01    50
   103      1  1.3E-01    104 (0.0E+00) 2.0E-03  9.9752849E-01    50
   104      1  1.0E+00    105 (0.0E+00) 2.4E-03  9.9752613E-01    50
   105      1  1.0E+00    106 (0.0E+00) 1.7E-03  9.9752108E-01    50
   106      1  1.0E+00    107 (0.0E+00) 1.5E-03  9.9750454E-01    50
   107      1  1.0E+00    108 (0.0E+00) 9.9E-04  9.9750013E-01    50
   108      1  1.0E+00    109 (0.0E+00) 5.8E-04  9.9749732E-01    50
   109      1  1.0E+00    110 (0.0E+00) 6.2E-04  9.9749602E-01    50

 Major Minors     Step   nCon Feasible  Optimal  MeritFunction    nS Penalty
   110      1  1.0E+00    111 (0.0E+00) 5.4E-04  9.9749522E-01    50
   111      1  1.0E+00    112 (0.0E+00) 4.4E-04  9.9749447E-01    50           R
   112      1  1.0E+00    113 (0.0E+00) 8.5E-04  9.9749418E-01    50         s
   113      1  3.9E-02    114 (0.0E+00) 1.2E-03  9.9749409E-01    50
   114      1  3.5E-01    115 (0.0E+00) 6.2E-04  9.9749385E-01    50
   115      1  1.0E+00    116 (0.0E+00) 6.2E-04  9.9749355E-01    50
   116      1  1.0E+00    117 (0.0E+00) 7.8E-04  9.9749309E-01    50
   117      1  1.0E+00    118 (0.0E+00) 5.7E-04  9.9749206E-01    50
   118      1  1.0E+00    119 (0.0E+00) 1.1E-03  9.9749180E-01    50
   119      1  1.0E+00    120 (0.0E+00) 2.4E-04  9.9749137E-01    50

 Major Minors     Step   nCon Feasible  Optimal  MeritFunction    nS Penalty
   120      1  1.0E+00    121 (0.0E+00) 2.4E-04  9.9749129E-01    50
   121      1  1.0E+00    122 (0.0E+00) 3.4E-04  9.9749122E-01    50
   122      1  1.0E+00    123 (0.0E+00) 3.5E-04  9.9749112E-01    50           R
   123      1  1.1E-01    124 (0.0E+00) 4.7E-04  9.9749111E-01    50         s
   124      1  1.0E+00    125 (0.0E+00) 3.3E-04  9.9749110E-01    50
   125      1  1.0E+00    126 (0.0E+00) 2.2E-04  9.9749108E-01    50
   126      1  1.0E+00    127 (0.0E+00) 2.5E-04  9.9749108E-01    50
   127      1  1.0E+00    128 (0.0E+00) 3.2E-04  9.9749106E-01    50
   128      1  1.0E+00    129 (0.0E+00) 2.7E-04  9.9749105E-01    50
   129      1  1.0E+00    130 (0.0E+00) 1.7E-04  9.9749105E-01    50

 Major Minors     Step   nCon Feasible  Optimal  MeritFunction    nS Penalty
   130      1  1.0E+00    131 (0.0E+00) 1.5E-04  9.9749104E-01    50
   131      1  1.0E+00    132 (0.0E+00) 2.6E-04  9.9749103E-01    50
   132      1  1.0E+00    133 (0.0E+00) 3.2E-04  9.9749102E-01    50
   133      1  1.0E+00    134 (0.0E+00) 2.9E-04  9.9749100E-01    50           R
   134      1  1.0E+00    135 (0.0E+00) 2.5E-04  9.9749099E-01    50         s
   135      1  1.0E+00    136 (0.0E+00) 2.7E-04  9.9749097E-01    50
   136      1  1.0E+00    137 (0.0E+00) 2.4E-04  9.9749097E-01    50
   137      1  1.0E+00    138 (0.0E+00) 2.0E-04  9.9749096E-01    50
   138      1  1.0E+00    139 (0.0E+00) 1.5E-04  9.9749095E-01    50
   139      1  1.0E+00    140 (0.0E+00) 1.2E-04  9.9749095E-01    50

 Major Minors     Step   nCon Feasible  Optimal  MeritFunction    nS Penalty
   140      1  1.0E+00    141 (0.0E+00) 1.3E-04  9.9749094E-01    50
   141      1  1.0E+00    142 (0.0E+00) 1.5E-04  9.9749094E-01    50
   142      1  1.0E+00    143 (0.0E+00) 2.0E-04  9.9749093E-01    50
   143      1  1.0E+00    144 (0.0E+00) 2.2E-04  9.9749091E-01    50
   144      1  1.0E+00    145 (0.0E+00) 1.9E-04  9.9749090E-01    50           R
   145      1  1.0E+00    146 (0.0E+00) 2.6E-04  9.9749089E-01    50         s
   146      1  4.2E-01    147 (0.0E+00) 2.6E-04  9.9749087E-01    50
   147      1  1.0E+00    148 (0.0E+00) 1.4E-04  9.9749086E-01    50
   148      1  1.0E+00    149 (0.0E+00) 2.2E-04  9.9749085E-01    50
   149      1  1.0E+00    150 (0.0E+00) 2.4E-04  9.9749085E-01    50

 Major Minors     Step   nCon Feasible  Optimal  MeritFunction    nS Penalty
   150      1  1.0E+00    151 (0.0E+00) 1.8E-04  9.9749084E-01    50
   151      1  1.0E+00    152 (0.0E+00) 1.3E-04  9.9749082E-01    50
   152      1  1.0E+00    153 (0.0E+00) 2.3E-04  9.9749081E-01    50
   153      1  1.0E+00    154 (0.0E+00) 3.0E-04  9.9749079E-01    50
   154      1  1.0E+00    155 (0.0E+00) 3.0E-04  9.9749075E-01    50
   155      1  1.0E+00    156 (0.0E+00) 1.9E-04  9.9749072E-01    50           R
   156      1  3.5E-01    157 (0.0E+00) 2.8E-04  9.9749071E-01    50         s
   157      1  1.0E+00    158 (0.0E+00) 2.4E-04  9.9749071E-01    50
   158      1  1.0E+00    159 (0.0E+00) 1.4E-04  9.9749069E-01    50
   159      1  1.0E+00    160 (0.0E+00) 1.5E-04  9.9749069E-01    50

 Major Minors     Step   nCon Feasible  Optimal  MeritFunction    nS Penalty
   160      1  1.0E+00    161 (0.0E+00) 1.3E-04  9.9749068E-01    50
   161      1  1.0E+00    162 (0.0E+00) 9.9E-05  9.9749067E-01    50
   162      1  1.0E+00    163 (0.0E+00) 6.9E-05  9.9749067E-01    50
   163      1  1.0E+00    164 (0.0E+00) 9.0E-05  9.9749067E-01    50
   164      1  1.0E+00    165 (0.0E+00) 1.0E-04  9.9749067E-01    50
   165      1  1.0E+00    166 (0.0E+00) 9.8E-05  9.9749067E-01    50
   166      1  1.0E+00    167 (0.0E+00) 8.2E-05  9.9749067E-01    50           R
   167      1  1.0E+00    168 (0.0E+00) 8.7E-05  9.9749067E-01    50         s
   168      1  2.2E-01    169 (0.0E+00) 1.4E-04  9.9749067E-01    50
   169      1  1.0E+00    170 (0.0E+00) 1.8E-04  9.9749066E-01    50

 Major Minors     Step   nCon Feasible  Optimal  MeritFunction    nS Penalty
   170      1  1.0E+00    171 (0.0E+00) 8.5E-05  9.9749066E-01    50
   171      1  1.0E+00    172 (0.0E+00) 7.1E-05  9.9749066E-01    50
   172      1  1.0E+00    173 (0.0E+00) 1.5E-04  9.9749065E-01    50
   173      1  1.0E+00    174 (0.0E+00) 1.9E-04  9.9749065E-01    50
   174      1  1.0E+00    175 (0.0E+00) 1.4E-04  9.9749064E-01    50
   175      1  1.0E+00    176 (0.0E+00) 5.9E-05  9.9749063E-01    50
   176      1  1.0E+00    177 (0.0E+00) 7.3E-05  9.9749062E-01    50
   177      1  1.0E+00    178 (0.0E+00) 1.0E-04  9.9749062E-01    50           R
   178      1  1.6E-01    179 (0.0E+00) 4.5E-05  9.9749062E-01    50         s
   179      1  1.0E+00    180 (0.0E+00) 4.2E-05  9.9749062E-01    50

 Major Minors     Step   nCon Feasible  Optimal  MeritFunction    nS Penalty
   180      1  1.0E+00    181 (0.0E+00) 3.2E-05  9.9749062E-01    50
   181      1  1.0E+00    182 (0.0E+00) 3.1E-05  9.9749062E-01    50
   182      1  1.0E+00    183 (0.0E+00) 2.6E-05  9.9749062E-01    50
   183      1  1.0E+00    184 (0.0E+00) 3.8E-05  9.9749061E-01    50
   184      1  1.0E+00    185 (0.0E+00) 4.6E-05  9.9749061E-01    50
   185      1  1.0E+00    186 (0.0E+00) 4.4E-05  9.9749061E-01    50
   186      1  1.0E+00    187 (0.0E+00) 3.3E-05  9.9749061E-01    50
   187      1  1.0E+00    188 (0.0E+00) 2.1E-05  9.9749061E-01    50
   188      1  1.0E+00    189 (0.0E+00) 1.7E-05  9.9749061E-01    50           R
   188      2  1.0E+00    189 (0.0E+00) 3.0E-05  9.9749061E-01    50           R   c
   189      1  1.0E+00    190 (0.0E+00) 2.9E-05  9.9749061E-01    50         s

 Major Minors     Step   nCon Feasible  Optimal  MeritFunction    nS Penalty
   190      1  2.3E-01    191 (0.0E+00) 7.1E-05  9.9749061E-01    50
   191      1  1.7E-01    192 (0.0E+00) 1.7E-05  9.9749061E-01    50
   192      1  1.0E+00    193 (0.0E+00) 2.2E-05  9.9749061E-01    50
   193      1  1.0E+00    194 (0.0E+00) 1.8E-05  9.9749061E-01    50
   194      1  1.0E+00    195 (0.0E+00) 1.4E-05  9.9749061E-01    50
   195      1  1.0E+00    196 (0.0E+00) 2.1E-05  9.9749061E-01    50
   196      1  1.0E+00    197 (0.0E+00) 9.2E-06  9.9749061E-01    50
   197      1  1.0E+00    198 (0.0E+00) 1.6E-05  9.9749061E-01    50
   198      1  1.0E+00    199 (0.0E+00) 1.9E-05  9.9749061E-01    50
   199      1  1.0E+00    200 (0.0E+00) 1.2E-05  9.9749061E-01    50           R

 Major Minors     Step   nCon Feasible  Optimal  MeritFunction    nS Penalty
   200      1  4.7E-01    201 (0.0E+00) 1.7E-05  9.9749061E-01    50         s
   201      1  2.1E-01    202 (0.0E+00) 1.2E-05  9.9749061E-01    50
   202      1  1.0E+00    203 (0.0E+00) 8.6E-06  9.9749061E-01    50
   203      1  1.0E+00    204 (0.0E+00) 1.2E-05  9.9749061E-01    50
   204      1  1.0E+00    205 (0.0E+00) 1.0E-05  9.9749061E-01    50
   205      1  1.0E+00    206 (0.0E+00) 8.6E-06  9.9749061E-01    50
   206      1  1.0E+00    207 (0.0E+00) 7.0E-06  9.9749061E-01    50
   207      1  1.0E+00    208 (0.0E+00) 6.3E-06  9.9749061E-01    50
   208      1  1.0E+00    209 (0.0E+00) 7.9E-06  9.9749061E-01    50
   209      1  1.0E+00    210 (0.0E+00) 8.3E-06  9.9749061E-01    50

 Major Minors     Step   nCon Feasible  Optimal  MeritFunction    nS Penalty
   210      1  1.0E+00    211 (0.0E+00) 1.1E-05  9.9749061E-01    50           R

 Major Minors     Step   nCon Feasible  Optimal  MeritFunction    nS Penalty
   210      2  1.0E+00    211 (0.0E+00) 2.1E-05  9.9749061E-01    50           R   c
   211      1  1.0E+00    212 (0.0E+00) 1.7E-05  9.9749061E-01    50         s
   212      1  1.0E+00    213 (0.0E+00) 3.4E-05  9.9749061E-01    50
   213      1  1.2E-01    214 (0.0E+00) 2.0E-05  9.9749061E-01    50
   214      1  3.3E-01    215 (0.0E+00) 1.2E-05  9.9749061E-01    50
   214      2             215 (0.0E+00) 1.5E-05  9.9749061E-01    50               c
   215      1  1.0E+00    216 (0.0E+00) 1.0E-05  9.9749061E-01    50               c
   216      1  1.0E+00    217 (0.0E+00) 1.7E-05  9.9749061E-01    50
   217      1  1.0E+00    218 (0.0E+00) 2.2E-05  9.9749061E-01    50
   218      1  1.0E+00    219 (0.0E+00) 1.9E-05  9.9749061E-01    50
   219      1  4.3E-01    220 (0.0E+00) 1.4E-05  9.9749061E-01    50
   219      2             220 (0.0E+00) 1.9E-05  9.9749061E-01    50               c

 Major Minors     Step   nCon Feasible  Optimal  MeritFunction    nS Penalty
   220      1  1.0E+00    221 (0.0E+00) 9.9E-06  9.9749061E-01    50               c
   221      1  1.0E+00    222 (0.0E+00) 7.9E-06  9.9749061E-01    50           R   c
   222      1  1.0E+00    223 (0.0E+00) 1.1E-05  9.9749061E-01    50         s
   223      1  1.3E-01    224 (0.0E+00) 1.5E-05  9.9749061E-01    50
   223      2             224 (0.0E+00) 7.7E-06  9.9749061E-01    50               c
   224      1  1.0E+00    225 (0.0E+00) 1.2E-05  9.9749061E-01    50
   225      1  1.1E-01    226 (0.0E+00) 1.8E-05  9.9749061E-01    50
   226      1  1.0E+00    227 (0.0E+00) 1.7E-05  9.9749061E-01    50
   227      1  1.0E+00    228 (0.0E+00) 2.0E-05  9.9749061E-01    50
   228      1  1.0E+00    229 (0.0E+00) 1.7E-05  9.9749061E-01    50
   229      1  1.0E+00    230 (0.0E+00) 1.1E-05  9.9749061E-01    50

 Major Minors     Step   nCon Feasible  Optimal  MeritFunction    nS Penalty
   230      1  1.0E+00    231 (0.0E+00) 7.5E-06  9.9749061E-01    50
   231      1  1.0E+00    232 (0.0E+00) 8.2E-06  9.9749061E-01    50
   232      1  1.0E+00    233 (0.0E+00) 1.1E-05  9.9749061E-01    50           R
   232      2             233 (0.0E+00) 1.6E-05  9.9749061E-01    50           R   c
   233      1  1.0E+00    234 (0.0E+00) 2.1E-05  9.9749061E-01    50         s
   234      1  3.8E-01    235 (0.0E+00) 9.2E-06  9.9749061E-01    50
   234      2  1.0E+00    235 (0.0E+00) 6.7E-06  9.9749061E-01    50               c
   235      1  1.0E+00    236 (0.0E+00) 9.1E-06  9.9749061E-01    50               c
   236      1  1.0E+00    237 (0.0E+00) 7.0E-06  9.9749061E-01    50               c
   237      1  1.0E+00    238 (0.0E+00) 6.6E-06  9.9749061E-01    50               c
   238      1  1.0E+00    239 (0.0E+00) 5.9E-06  9.9749061E-01    50               c
   239      1  1.0E+00    240 (0.0E+00) 4.6E-06  9.9749061E-01    50               c

 Major Minors     Step   nCon Feasible  Optimal  MeritFunction    nS Penalty
   240      1  1.0E+00    241 (0.0E+00) 3.7E-06  9.9749061E-01    50               c
   241      1  1.0E+00    242 (0.0E+00) 3.4E-06  9.9749061E-01    50               c
   242      1  1.0E+00    243 (0.0E+00) 3.5E-06  9.9749061E-01    50               c
   243      1  1.0E+00    244 (0.0E+00) 3.8E-06  9.9749061E-01    50           R   c
   244      1  1.0E+00    245 (0.0E+00) 5.7E-06  9.9749061E-01    50         s     c
   245      1  2.3E-01    246 (0.0E+00) 6.5E-06  9.9749061E-01    50               c
   246      1  1.0E+00    247 (0.0E+00) 5.7E-06  9.9749061E-01    50               c
   247      1  1.0E+00    248 (0.0E+00) 5.1E-06  9.9749061E-01    50               c
   248      1  1.0E+00    249 (0.0E+00) 3.8E-06  9.9749061E-01    50               c
   249      1  1.0E+00    250 (0.0E+00) 4.0E-06  9.9749061E-01    50               c

 Major Minors     Step   nCon Feasible  Optimal  MeritFunction    nS Penalty
   250      1  1.0E+00    251 (0.0E+00) 4.0E-06  9.9749061E-01    50               c
   251      1  1.0E+00    252 (0.0E+00) 6.5E-06  9.9749061E-01    50               c
   252      1  1.0E+00    253 (0.0E+00) 5.5E-06  9.9749061E-01    50               c
   253      1  1.0E+00    254 (0.0E+00) 6.2E-06  9.9749061E-01    50               c
   254      1  1.0E+00    255 (0.0E+00) 5.6E-06  9.9749061E-01    50           R   c
   255      1  1.0E+00    256 (0.0E+00) 1.5E-05  9.9749061E-01    50         s
   255      1  1.0E+00    256 (0.0E+00) 1.5E-05  9.9749061E-01    50         s     c
   256      1  1.0E+00    257 (0.0E+00) 6.1E-06  9.9749061E-01    50               c
   257      1  1.0E+00    258 (0.0E+00) 4.5E-06  9.9749061E-01    50               c
   258      1  1.0E+00    259 (0.0E+00) 2.2E-06  9.9749061E-01    50               c
   259      1  1.0E+00    260 (0.0E+00)(2.0E-06) 9.9749061E-01    50               c
 
 SNOPTA EXIT   0 -- finished successfully
 SNOPTA INFO   1 -- optimality conditions satisfied

 Problem name
 No. of iterations                 316   Objective value      9.9749060866E-01
 No. of major iterations           259   Linear objective     0.0000000000E+00
 Penalty parameter           0.000E+00   Nonlinear objective  9.9749060866E-01
 No. of calls to funobj          32194   No. of calls to funcon          32194
 Calls with modes 1,2 (known g)    260   Calls with modes 1,2 (known g)    260
 Calls for forward differencing  23052   Calls for forward differencing  23052
 Calls for central differencing   8568   Calls for central differencing   8568
 No. of superbasics                 50   No. of basic nonlinears             0
 No. of degenerate steps             0   Percentage                        .00
 Max x       (scaled)       52 1.1E+00   Max pi      (scaled)        1 0.0E+00
 Max x                      52 1.1E+00   Max pi                      1 0.0E+00
 Max Prim inf(scaled)        0 0.0E+00   Max Dual inf(scaled)        1 4.0E-06
 Max Primal infeas           0 0.0E+00   Max Dual infeas             1 4.0E-06
 Nonlinear constraint violn    0.0E+00

 Solution not printed
