 

 Nonlinear constraints      15     Linear constraints       0
 Nonlinear variables        56     Linear variables         0
 Jacobian  variables        56     Objective variables     56
 Total constraints          15     Total variables         56
 

 
 The user has defined       0   out of     896   first  derivatives
 XXX  Some first  derivatives are missing --- derivative level reduced to 0
 

 Major Minors     Step   nCon Feasible  Optimal  MeritFunction    nS Penalty
     0     33               1  1.2E+00  1.0E+00  6.0247530E+05    27           r i
     1     15  2.2E-01      2  8.8E-01  1.3E+02  4.9255584E+05    37         n rl
     2      1  2.7E-01      4  5.5E-01  3.1E+00  3.4524704E+05    37         sM l
     3      1  1.0E+00      5  1.6E-01  2.0E+00  9.9164159E+03    37
     4      1  1.0E+00      6  4.1E-02  5.0E-01  3.6357968E+02    37
     5      1  1.0E+00      8  4.4E-04  1.1E+00  1.0841044E+01    37         n
     6      1  1.0E+00      9 (7.3E-07) 7.4E-01  1.4994687E+01    37 4.9E+05
     7      2  1.0E+00     10 (4.0E-07) 1.1E+00  1.4930098E+01    37 8.4E+02
     8      2  1.0E+00     11  3.6E-02  8.7E-01  8.1485180E+00    37 5.5E+01
     9      1  1.0E+00     12  1.1E-02  1.6E+00  8.2683974E+00    37 9.6E+01

 Major Minors     Step   nCon Feasible  Optimal  MeritFunction    nS Penalty
    10      1  1.0E+00     13  7.3E-04  5.2E-01  9.8566996E+00    37 9.3E+02
    11      2  1.0E+00     14  7.9E-05  9.2E-01  8.9290614E+00    37 7.4E+01
    12      1  1.0E+00     15  4.3E-03  3.3E-01  5.6078130E+00    37 4.9E+01
    13      1  1.0E+00     16  1.8E-03  3.0E-01  5.2376414E+00    37 5.8E+02
    14      2  1.0E+00     17  3.7E-04  6.7E-01  4.5553677E+00    37 1.2E+02
    15      1  1.0E+00     18  4.2E-04  7.2E-01  4.4204152E+00    37 1.2E+02
    16      1  1.0E+00     19  2.5E-05  7.7E-01  4.4161984E+00    37 1.7E+02
    17      1  1.0E+00     20 (1.6E-07) 8.7E-01  4.4154706E+00    37 1.7E+02
    18      1  1.0E+00     21  9.7E-06  6.9E-01  4.4084440E+00    37 1.7E+02
    19      1  1.0E+00     22  1.8E-05  7.4E-01  4.3944389E+00    37 1.7E+02

 Major Minors     Step   nCon Feasible  Optimal  MeritFunction    nS Penalty
    20      2  1.0E+00     23  6.1E-05  8.9E-01  4.3620345E+00    37 1.7E+02
    21      2  1.0E+00     24  2.5E-04  5.5E-01  4.2825307E+00    37 1.7E+02
    22      2  1.0E+00     25  6.2E-04  5.8E-01  4.1155988E+00    37 1.7E+02
    23      2  1.0E+00     26  1.2E-03  7.4E-01  3.7841773E+00    37 1.7E+02
    24      1  1.0E+00     27  1.7E-03  6.6E-01  3.5782698E+00    37 1.7E+02
    25      1  1.0E+00     28  1.1E-04  4.5E-01  3.5181999E+00    37 1.7E+02
    26      1  1.0E+00     29  1.9E-04  5.6E-01  3.4383056E+00    37 1.7E+02
    27      1  1.0E+00     30  1.3E-04  5.0E-01  3.3776728E+00    37 1.7E+02
    28      1  1.0E+00     31  7.5E-05  4.4E-01  3.3611812E+00    37 1.7E+02
    29      1  1.0E+00     32  8.1E-06  5.1E-01  3.3603943E+00    37 1.7E+02

 Major Minors     Step   nCon Feasible  Optimal  MeritFunction    nS Penalty
    30      1  1.0E+00     33  1.3E-06  5.0E-01  3.3600964E+00    37 1.7E+02
    31      1  1.0E+00     34  2.2E-06  5.0E-01  3.3595258E+00    37 1.7E+02
    32      1  1.0E+00     35  4.1E-06  5.1E-01  3.3581968E+00    37 1.7E+02
    33      1  1.0E+00     36  1.0E-05  5.3E-01  3.3546484E+00    37 1.7E+02
    34      1  1.0E+00     37  2.0E-05  5.8E-01  3.3455712E+00    37 1.7E+02
    35      1  1.0E+00     38  5.3E-05  6.9E-01  3.3223926E+00    37 1.7E+02
    36      2  1.0E+00     39  1.3E-04  7.6E-01  3.2661611E+00    37 1.7E+02
    37      2  1.0E+00     40  2.8E-04  7.4E-01  3.1411346E+00    37 1.7E+02
    38      2  1.0E+00     41  8.0E-04  4.6E-01  2.9126983E+00    37 1.7E+02
    39      2  1.0E+00     42  6.5E-04  6.8E-01  2.7660709E+00    37 1.7E+02

 Major Minors     Step   nCon Feasible  Optimal  MeritFunction    nS Penalty
    40      2  1.0E+00     43  5.9E-05  7.1E-01  2.7297096E+00    37 1.7E+02
    41      2  1.0E+00     44  3.2E-04  6.4E-01  2.6876098E+00    37 1.7E+02
    42      1  1.0E+00     45  1.2E-04  7.2E-01  2.6692713E+00    37 1.7E+02
    43      1  1.0E+00     46  3.1E-05  6.2E-01  2.6622000E+00    37 1.7E+02
    44      1  1.0E+00     47  2.1E-05  5.7E-01  2.6595637E+00    37 1.7E+02
    45      1  1.0E+00     48  1.7E-06  5.7E-01  2.6591372E+00    37 1.7E+02
    46      1  1.0E+00     49 (3.7E-07) 5.7E-01  2.6590075E+00    37 1.7E+02
    47      1  1.0E+00     50 (3.5E-07) 5.8E-01  2.6587943E+00    37 1.7E+02
    48      1  1.0E+00     51 (1.0E-06) 5.9E-01  2.6582542E+00    37 1.7E+02
    49      1  1.0E+00     52  3.2E-06  6.0E-01  2.6568472E+00    37 1.7E+02

 Major Minors     Step   nCon Feasible  Optimal  MeritFunction    nS Penalty
    50      1  1.0E+00     53  1.0E-05  6.3E-01  2.6532011E+00    37 1.7E+02
    51      1  1.0E+00     54  3.2E-05  6.8E-01  2.6438504E+00    37 1.7E+02
    52      1  1.0E+00     55  9.3E-05  7.5E-01  2.6206238E+00    37 1.7E+02
    53      2  1.0E+00     56  2.0E-04  7.8E-01  2.5671528E+00    37 1.7E+02
    54      2  1.0E+00     57  4.1E-04  5.9E-01  2.4645619E+00    37 1.7E+02
    55      1  1.0E+00     58  6.8E-04  4.3E-01  2.3432527E+00    37 1.7E+02
    56      1  1.0E+00     59  4.7E-04  4.1E-01  2.2686728E+00    37 1.7E+02
    57      1  1.0E+00     60  1.8E-04  3.7E-01  2.2348971E+00    37 1.7E+02
    58      1  1.0E+00     61  4.5E-05  3.9E-01  2.2279438E+00    37 1.7E+02
    59      1  1.0E+00     62  2.2E-05  4.4E-01  2.2261082E+00    37 1.7E+02

 Major Minors     Step   nCon Feasible  Optimal  MeritFunction    nS Penalty
    60      1  1.0E+00     63  3.1E-06  4.8E-01  2.2256530E+00    37 1.7E+02
    61      1  1.0E+00     64  1.1E-06  4.9E-01  2.2253730E+00    37 1.7E+02
    62      1  1.0E+00     65  1.6E-06  5.0E-01  2.2249609E+00    37 1.7E+02
    63      1  1.0E+00     66  3.6E-06  5.1E-01  2.2240842E+00    37 1.7E+02
    64      1  1.0E+00     67  9.8E-06  5.2E-01  2.2220305E+00    37 1.7E+02
    65      1  1.0E+00     68  2.6E-05  5.3E-01  2.2169172E+00    37 1.7E+02
    66      1  1.0E+00     69  6.3E-05  5.4E-01  2.2041129E+00    37 1.7E+02
    67      1  1.0E+00     70  1.3E-04  5.5E-01  2.1727718E+00    37 1.7E+02
    68      2  1.0E+00     71  1.7E-04  6.1E-01  2.1020206E+00    37 1.7E+02
    69      2  1.0E+00     72  1.4E-04  7.9E-01  1.9708304E+00    37 1.7E+02

 Major Minors     Step   nCon Feasible  Optimal  MeritFunction    nS Penalty
    70      2  1.0E+00     73  3.9E-04  7.5E-01  1.8009086E+00    37 1.7E+02
    71      2  1.0E+00     74  1.9E-03  5.1E-01  1.6505506E+00    37 1.7E+02
    72      1  1.0E+00     75  6.3E-04  5.0E-01  1.5815584E+00    37 1.7E+02
    73      1  1.0E+00     76  8.3E-05  3.9E-01  1.5634965E+00    37 1.7E+02
    74      1  1.0E+00     77  4.3E-05  3.4E-01  1.5586377E+00    37 1.7E+02
    75      1  1.0E+00     78  1.4E-05  3.1E-01  1.5571083E+00    37 1.7E+02
    76      1  1.0E+00     79  3.8E-06  3.0E-01  1.5566649E+00    37 1.7E+02
    77      1  1.0E+00     80 (2.0E-07) 3.0E-01  1.5565016E+00    37 1.7E+02
    78      1  1.0E+00     81 (1.7E-07) 3.0E-01  1.5561524E+00    37 1.7E+02
    79      1  1.0E+00     82 (3.7E-07) 3.1E-01  1.5552892E+00    37 1.7E+02

 Major Minors     Step   nCon Feasible  Optimal  MeritFunction    nS Penalty
    80      1  1.0E+00     83  1.1E-06  3.1E-01  1.5530155E+00    37 1.7E+02
    81      1  1.0E+00     84  3.1E-06  3.2E-01  1.5471659E+00    37 1.7E+02
    82      1  1.0E+00     85  5.9E-06  3.4E-01  1.5322142E+00    37 1.7E+02
    83      1  1.0E+00     86  2.8E-05  3.5E-01  1.4954680E+00    37 1.7E+02
    84      2  1.0E+00     87  1.9E-04  3.2E-01  1.4131201E+00    37 1.7E+02
    85      2  1.0E+00     88  9.2E-04  2.6E-01  1.2669227E+00    37 1.7E+02
    86      1  1.0E+00     89  1.5E-03  1.7E-01  1.0997937E+00    37 1.7E+02
    87      1  1.0E+00     90  5.5E-04  8.7E-02  9.9483439E-01    37 1.7E+02
    88      1  1.0E+00     91  2.2E-05  4.1E-02  9.7285029E-01    37 1.7E+02
    89      1  1.0E+00     92  3.0E-05  3.9E-02  9.7096437E-01    37 1.7E+02

 Major Minors     Step   nCon Feasible  Optimal  MeritFunction    nS Penalty
    90      1  1.0E+00     93  1.1E-05  3.8E-02  9.7041152E-01    37 1.7E+02
    91      1  1.0E+00     94  3.4E-06  3.8E-02  9.7017947E-01    37 1.7E+02
    92      1  1.0E+00     95  1.1E-06  3.8E-02  9.7010648E-01    37 1.7E+02
    93      1  1.0E+00     96 (2.5E-07) 3.8E-02  9.7006628E-01    37 1.7E+02
    94      1  1.0E+00     97 (3.2E-07) 3.7E-02  9.6998813E-01    37 1.7E+02
    95      1  1.0E+00     98 (7.2E-07) 3.7E-02  9.6979624E-01    37 1.7E+02
    96      1  1.0E+00     99  1.9E-06  3.6E-02  9.6930126E-01    37 1.7E+02
    97      1  1.0E+00    100  5.2E-06  3.5E-02  9.6803145E-01    37 1.7E+02
    98      1  1.0E+00    101  1.4E-05  3.3E-02  9.6483156E-01    37 1.7E+02
    99      1  1.0E+00    102  3.5E-05  3.6E-02  9.5722710E-01    37 1.7E+02

 Major Minors     Step   nCon Feasible  Optimal  MeritFunction    nS Penalty
   100      1  1.0E+00    103  8.7E-05  3.6E-02  9.4156757E-01    37 1.7E+02
   101      1  1.0E+00    104  1.2E-04  3.0E-02  9.1829722E-01    37 1.7E+02
   102      1  1.0E+00    105  1.4E-04  1.6E-02  8.9977043E-01    37 1.7E+02
   103      1  1.0E+00    106  2.5E-05  7.5E-03  8.9383330E-01    37 1.7E+02
   104      1  1.0E+00    107  8.5E-06  6.4E-03  8.9319811E-01    37 1.7E+02
   105      1  1.0E+00    108 (2.3E-07) 6.3E-03  8.9317585E-01    37 1.7E+02
   106      1  1.0E+00    109 (4.8E-09) 6.3E-03  8.9317489E-01    37 1.7E+02
   107      1  1.0E+00    110 (9.0E-09) 6.3E-03  8.9317296E-01    37 1.7E+02
   108      1  1.0E+00    111 (2.6E-08) 6.2E-03  8.9316784E-01    37 1.7E+02
   109      1  1.0E+00    112 (7.4E-08) 6.0E-03  8.9315460E-01    37 1.7E+02

 Major Minors     Step   nCon Feasible  Optimal  MeritFunction    nS Penalty
   110      1  1.0E+00    113 (2.2E-07) 5.9E-03  8.9312023E-01    37 1.7E+02
   111      1  1.0E+00    114 (6.5E-07) 5.8E-03  8.9303297E-01    37 1.7E+02
   112      1  1.0E+00    115  1.8E-06  5.6E-03  8.9282124E-01    37 1.7E+02
   113      1  1.0E+00    116  3.8E-06  5.5E-03  8.9236407E-01    37 1.7E+02
   114      1  1.0E+00    117  2.7E-06  8.1E-03  8.9160765E-01    37 1.7E+02
   115      1  1.0E+00    118  3.7E-06  6.8E-03  8.9087078E-01    37 1.7E+02
   116      1  1.0E+00    119  1.3E-06  2.7E-03  8.9056185E-01    37 1.7E+02
   117      1  1.0E+00    120 (9.6E-07) 7.9E-04  8.9051758E-01    37 1.7E+02
   118      1  1.0E+00    121 (4.1E-08) 7.8E-04  8.9051570E-01    37 1.7E+02
   119      1  1.0E+00    122 (1.8E-10) 7.8E-04  8.9051566E-01    37 1.7E+02

 Major Minors     Step   nCon Feasible  Optimal  MeritFunction    nS Penalty
   120      1  1.0E+00    123 (2.5E-11) 7.8E-04  8.9051564E-01    37 1.7E+02
   121      1  1.0E+00    124 (2.9E-10) 7.9E-04  8.9051554E-01    37 1.7E+02
   122      1  1.0E+00    125 (5.9E-10) 8.0E-04  8.9051533E-01    37 1.7E+02
   123      1  1.0E+00    126 (2.2E-09) 8.0E-04  8.9051474E-01    37 1.7E+02
   124      1  1.0E+00    127 (6.9E-09) 8.1E-04  8.9051327E-01    37 1.7E+02
   125      1  1.0E+00    128 (2.3E-08) 8.3E-04  8.9050965E-01    37 1.7E+02
   126      1  1.0E+00    129 (5.9E-08) 7.9E-04  8.9050178E-01    37 1.7E+02
   127      1  1.0E+00    130 (8.6E-08) 6.1E-04  8.9048843E-01    37 1.7E+02
   128      1  1.0E+00    131 (1.1E-07) 3.3E-04  8.9047485E-01    37 1.7E+02
   129      1  1.0E+00    132 (2.7E-08) 2.6E-04  8.9046876E-01    37 1.7E+02

 Major Minors     Step   nCon Feasible  Optimal  MeritFunction    nS Penalty
   130      1  1.0E+00    133 (1.1E-08) 2.0E-04  8.9046783E-01    37 1.7E+02
   131      1  1.0E+00    134 (9.5E-10) 2.1E-04  8.9046778E-01    37 1.7E+02
   132      1  1.0E+00    135 (1.1E-11) 2.2E-04  8.9046778E-01    37 1.7E+02
   133      1  1.0E+00    136 (3.2E-12) 2.2E-04  8.9046778E-01    37 1.7E+02
   134      1  1.0E+00    137 (2.0E-11) 2.2E-04  8.9046778E-01    37 1.7E+02
   135      1  1.0E+00    138 (3.7E-11) 2.2E-04  8.9046777E-01    37 1.7E+02
   136      1  1.0E+00    139 (1.0E-10) 2.2E-04  8.9046774E-01    37 1.7E+02
   137      1  1.0E+00    140 (2.1E-10) 2.2E-04  8.9046768E-01    37 1.7E+02
   138      1  1.0E+00    141 (4.2E-10) 2.1E-04  8.9046753E-01    37 1.7E+02
   139      1  1.0E+00    142 (9.7E-10) 1.9E-04  8.9046720E-01    37 1.7E+02

 Major Minors     Step   nCon Feasible  Optimal  MeritFunction    nS Penalty
   140      1  1.0E+00    143 (1.7E-09) 1.8E-04  8.9046660E-01    37 1.7E+02
   141      1  1.0E+00    144 (1.8E-09) 1.4E-04  8.9046593E-01    37 1.7E+02
   142      1  1.0E+00    145 (3.6E-09) 6.4E-05  8.9046559E-01    37 1.7E+02
   143      1  1.0E+00    146 (8.5E-10) 4.0E-05  8.9046552E-01    37 1.7E+02
   144      1  1.0E+00    147 (3.1E-11) 4.0E-05  8.9046552E-01    37 1.7E+02
   145      1  1.0E+00    148 (6.1E-13) 4.0E-05  8.9046552E-01    37 1.7E+02
   145      2  1.0E+00    148 (6.1E-13) 4.0E-05  8.9046552E-01    37 1.7E+02       c
   146      1  1.0E+00    149 (4.3E-14) 4.1E-05  8.9046552E-01    37 1.7E+02
   147      1  1.0E+00    150 (3.6E-13) 4.0E-05  8.9046552E-01    37 1.7E+02
   148      1  1.0E+00    151 (2.7E-13) 4.0E-05  8.9046552E-01    37 1.7E+02
   149      1  1.0E+00    152 (3.0E-12) 4.2E-05  8.9046552E-01    37 1.7E+02

 Major Minors     Step   nCon Feasible  Optimal  MeritFunction    nS Penalty
   150      1  1.0E+00    153 (4.8E-12) 4.6E-05  8.9046552E-01    37 1.7E+02
   151      1  1.0E+00    154 (1.8E-11) 7.0E-05  8.9046551E-01    37 1.7E+02
   152      1  1.0E+00    155 (3.6E-11) 9.8E-05  8.9046550E-01    37 1.7E+02
   153      1  1.0E+00    156 (7.8E-11) 1.2E-04  8.9046548E-01    37 1.7E+02
   154      1  1.0E+00    157 (1.4E-10) 1.1E-04  8.9046545E-01    37 1.7E+02
   155      1  1.0E+00    158 (1.4E-10) 5.0E-05  8.9046543E-01    37 1.7E+02
   156      1  1.0E+00    159 (2.8E-11) 8.3E-06  8.9046543E-01    37 1.7E+02
   157      1  1.0E+00    160 (3.5E-12) 4.9E-06  8.9046543E-01    37 1.7E+02
   158      1  1.0E+00    161 (7.2E-14) 5.3E-06  8.9046543E-01    37 1.7E+02
   158      2  1.0E+00    161 (7.2E-14) 5.5E-06  8.9046543E-01    37 1.7E+02       c
   159      1  1.0E+00    162 (6.9E-14) 5.3E-06  8.9046543E-01    37 1.7E+02       c

 Major Minors     Step   nCon Feasible  Optimal  MeritFunction    nS Penalty
   160      1  1.0E+00    163 (8.9E-15) 5.2E-06  8.9046543E-01    37 1.7E+02       c
   161      1  1.0E+00    164 (1.3E-14) 5.1E-06  8.9046543E-01    37 1.7E+02       c
   162      1  1.0E+00    165 (2.3E-14) 4.9E-06  8.9046543E-01    37 1.7E+02       c
   163      1  1.0E+00    166 (4.8E-14) 4.5E-06  8.9046543E-01    37 1.7E+02       c
   164      1  1.0E+00    167 (7.2E-14) 4.1E-06  8.9046543E-01    37 1.7E+02       c
   165      1  1.0E+00    168 (1.6E-13) 5.1E-06  8.9046543E-01    37 1.7E+02       c
   166      1  1.0E+00    169 (5.3E-13) 8.7E-06  8.9046543E-01    37 1.7E+02       c
   167      1  1.0E+00    170 (1.3E-12) 1.3E-05  8.9046543E-01    37 1.7E+02
   168      1  1.0E+00    171 (1.8E-12) 1.7E-05  8.9046543E-01    37 1.7E+02
   169      1  1.0E+00    172 (3.7E-12) 1.1E-05  8.9046543E-01    37 1.7E+02

 Major Minors     Step   nCon Feasible  Optimal  MeritFunction    nS Penalty
   170      1  1.0E+00    173 (2.7E-12) 4.4E-06  8.9046543E-01    37 1.7E+02
   171      1  1.0E+00    174 (4.9E-13)(8.3E-07) 8.9046543E-01    37 1.7E+02       c
   171      2  1.0E+00    174 (4.9E-13)(1.3E-06) 8.9046543E-01    37 1.7E+02       c
 
 SNOPTA EXIT   0 -- finished successfully
 SNOPTA INFO   1 -- optimality conditions satisfied

 Problem name
 No. of iterations                 243   Objective value      8.9046542738E-01
 No. of major iterations           171   Linear objective     0.0000000000E+00
 Penalty parameter           1.686E+02   Nonlinear objective  8.9046542738E-01
 No. of calls to funobj          11000   No. of calls to funcon          11000
 Calls with modes 1,2 (known g)    174   Calls with modes 1,2 (known g)    174
 Calls for forward differencing   9184   Calls for forward differencing   9184
 Calls for central differencing   1456   Calls for central differencing   1456
 No. of superbasics                 37   No. of basic nonlinears            15
 No. of degenerate steps             2   Percentage                        .82
 Max x                       2 6.0E+00   Max pi                      2 1.5E+00
 Max Primal infeas           0 0.0E+00   Max Dual infeas             3 3.2E-06
 Nonlinear constraint violn    4.1E-12

 Solution not printed
