 

 Nonlinear constraints      15     Linear constraints       0
 Nonlinear variables        36     Linear variables         0
 Jacobian  variables        36     Objective variables     36
 Total constraints          15     Total variables         36
 

 
 The user has defined       0   out of     576   first  derivatives
 XXX  Some first  derivatives are missing --- derivative level reduced to 0
 

 Major Minors     Step   nCon Feasible  Optimal  MeritFunction    nS Penalty
     0     19               1  2.8E-01  1.0E+00  3.9042914E+04    14           r i
     1      6  2.7E-01      2  1.9E-01  9.5E-01  3.2766080E+04    19         n rli
     2      3  1.6E-01      4  1.5E-01  1.1E+01  2.8514848E+04    17         sM l
     3      1  1.0E+00      5  3.3E-02  6.2E-01  5.5722747E+02    17
     4      1  1.0E+00      7  2.3E-03  5.8E-01  3.8386603E+00    17          m
     5      2  1.0E+00      9  3.8E-05  6.0E-01  9.8897186E+00    17 1.4E+04 sM
     6      2  6.5E-05     10  4.8E-03  2.8E-01  6.4195419E+00    17 1.3E+02
     7      2  7.4E-04     11  6.4E-03  1.2E+00  5.4679464E+00    17 2.1E+01
     8      2  5.0E-05     12  1.4E-02  1.1E+00  3.5200682E+00    17 1.0E+01
     9      2  9.5E-04     13  1.7E-02  1.0E+00  1.8996737E-01    17 1.0E+01

 Major Minors     Step   nCon Feasible  Optimal  MeritFunction    nS Penalty
    10      2  2.4E-03     14  1.8E-02  8.6E-01 -4.9234108E-01    17 1.0E+01
    11      1  2.1E-02     16  4.8E-02  1.1E+00 -3.1135114E+00    17 1.0E+01  M
    12      2  4.8E-03     17  6.8E-02  7.2E-01 -3.0757106E+01    17 1.0E+01
    13      2  3.2E-03     19  9.7E-02  2.4E-01 -3.8107188E+01    17 1.0E+01  M
    14      1  1.9E-03     21  1.7E-01  1.6E+00 -8.3153445E+01    17 1.0E+01  M
    15      2  1.6E-03     22  1.7E-01  9.5E-01 -8.7202500E+01    17 1.0E+01
    16      1  4.5E-03     23  1.8E-01  7.6E-01 -8.8922277E+01    17 1.0E+01
    17      1  6.4E-03     24  1.8E-01  3.9E-01 -9.1047192E+01    17 1.0E+01
    18      2  3.1E-03     26  1.8E-01  8.8E-01 -9.1708170E+01    17 1.0E+01  M
    19      2  5.5E-04     28  1.8E-01  1.2E+00 -9.1824600E+01    17 1.0E+01  m

 Major Minors     Step   nCon Feasible  Optimal  MeritFunction    nS Penalty
    20      2  2.8E-07     30  1.8E-01  7.0E-01 -9.1835947E+01    17 1.0E+01 n
    21      2  2.5E-07     32  1.8E-01  6.0E-01 -9.1841077E+01    17 1.0E+01 n R
    22      1  1.0E+00     33  9.0E-02  5.0E-01  1.8338547E+02    17 8.4E+01 s
    23      1  1.0E+00     34  8.4E-03  1.5E+00  4.2843330E+01    17 2.2E+01
    24      1  1.0E+00     35  5.0E-04  1.2E+00  2.8277446E+01    17 2.2E+01
    25      1  1.0E+00     36  2.0E-03  6.3E-01  2.3258124E+01    17 2.2E+01
    26      1  1.0E+00     37  2.0E-02  8.0E-01  2.0263563E+01    17 2.2E+01
    27      1  1.0E+00     38  1.3E-03  6.8E-01  1.8548608E+01    17 2.2E+01
    28      1  1.0E+00     39  2.8E-05  6.4E-01  1.8146128E+01    17 2.2E+01
    29      1  1.0E+00     40  1.4E-02  8.5E-01  1.4169449E+01    17 2.2E+01

 Major Minors     Step   nCon Feasible  Optimal  MeritFunction    nS Penalty
    30      1  1.0E+00     41  7.9E-04  4.4E-01  1.3492699E+01    17 2.2E+01
    31      1  1.0E+00     42  3.0E-05  5.3E-01  1.3211995E+01    17 2.2E+01
    32      1  1.0E+00     43  2.0E-03  3.7E-01  1.0804852E+01    17 2.2E+01
    33      1  1.0E+00     44  1.1E-03  3.1E-01  9.7435436E+00    17 2.2E+01
    34      1  1.0E+00     45  2.4E-03  2.4E-01  8.6245278E+00    17 2.2E+01
    35      1  1.0E+00     46  6.0E-04  2.7E-01  8.1777248E+00    17 2.2E+01
    36      1  1.0E+00     47  3.1E-04  2.4E-01  7.8889765E+00    17 2.2E+01
    37      1  1.0E+00     48  4.2E-04  2.1E-01  7.4536728E+00    17 2.2E+01
    38      1  1.0E+00     49  3.2E-04  1.6E-01  6.7595783E+00    17 2.2E+01
    39      1  1.0E+00     50  1.3E-03  1.0E-01  5.8446018E+00    17 2.2E+01

 Major Minors     Step   nCon Feasible  Optimal  MeritFunction    nS Penalty
    40      1  1.0E+00     51  2.5E-03  8.2E-02  5.1091199E+00    17 2.2E+01
    41      1  1.0E+00     52  4.4E-04  8.5E-02  4.7846660E+00    17 2.2E+01
    42      1  1.0E+00     53  5.8E-04  7.7E-02  4.6428537E+00    17 2.2E+01
    43      1  1.0E+00     54  2.6E-04  7.2E-02  4.5540272E+00    17 2.2E+01
    44      1  1.0E+00     55  1.3E-04  8.6E-02  4.4651865E+00    17 2.2E+01
    45      1  1.0E+00     56  2.0E-04  1.3E-01  4.3551369E+00    17 2.2E+01
    46      1  1.0E+00     57  4.9E-05  1.5E-01  4.2506047E+00    17 2.2E+01
    47      1  1.0E+00     58  1.9E-04  1.3E-01  4.1858826E+00    17 2.2E+01
    48      1  1.0E+00     59  7.1E-05  9.2E-02  4.1471464E+00    17 2.2E+01
    49      1  1.0E+00     60  7.6E-05  1.1E-01  4.0851824E+00    17 2.2E+01

 Major Minors     Step   nCon Feasible  Optimal  MeritFunction    nS Penalty
    50      1  1.0E+00     61  9.0E-05  1.4E-01  3.9673418E+00    17 2.2E+01
    51      1  1.0E+00     62  3.0E-04  1.3E-01  3.7783924E+00    17 2.2E+01
    52      1  1.0E+00     63  1.2E-03  1.4E-01  3.6114707E+00    17 2.2E+01
    53      1  1.0E+00     64  2.6E-04  1.5E-01  3.5649784E+00    17 2.2E+01
    54      1  1.0E+00     65  1.1E-05  1.5E-01  3.5443759E+00    17 2.2E+01
    55      1  1.0E+00     66  2.1E-05  1.5E-01  3.5050655E+00    17 2.2E+01
    56      1  1.0E+00     67  4.4E-05  1.4E-01  3.4373802E+00    17 2.2E+01
    57      1  1.0E+00     68  1.4E-04  1.3E-01  3.3208289E+00    17 2.2E+01
    58      1  1.0E+00     69  1.5E-04  1.2E-01  3.1977395E+00    17 2.2E+01
    59      1  1.0E+00     70  2.3E-05  1.9E-01  3.1229719E+00    17 2.2E+01

 Major Minors     Step   nCon Feasible  Optimal  MeritFunction    nS Penalty
    60      1  1.0E+00     71  1.9E-05  2.1E-01  3.0873928E+00    17 2.2E+01
    61      1  1.0E+00     72  8.0E-06  2.0E-01  3.0464027E+00    17 2.2E+01
    62      1  1.0E+00     73  7.7E-05  1.7E-01  2.9610299E+00    17 2.2E+01
    63      1  1.0E+00     74  3.3E-04  1.2E-01  2.8218160E+00    17 2.2E+01
    64      1  1.0E+00     75  4.4E-04  1.1E-01  2.6796486E+00    17 2.2E+01
    65      1  1.0E+00     76  6.6E-05  1.1E-01  2.6054185E+00    17 2.2E+01
    66      1  1.0E+00     77  3.1E-05  1.1E-01  2.5738085E+00    17 2.2E+01
    67      1  1.0E+00     78  1.5E-05  1.1E-01  2.5455180E+00    17 2.2E+01
    68      1  1.0E+00     79  4.9E-05  1.1E-01  2.4871308E+00    17 2.2E+01
    69      1  1.0E+00     80  1.5E-04  9.2E-02  2.3815630E+00    17 2.2E+01

 Major Minors     Step   nCon Feasible  Optimal  MeritFunction    nS Penalty
    70      1  1.0E+00     81  2.5E-04  1.0E-01  2.2441881E+00    17 2.2E+01
    71      1  1.0E+00     82  7.8E-05  1.2E-01  2.1484892E+00    17 2.2E+01
    72      1  1.0E+00     83  2.0E-05  1.1E-01  2.1124585E+00    17 2.2E+01
    73      1  1.0E+00     84  5.9E-06  1.0E-01  2.0939927E+00    17 2.2E+01
    74      1  1.0E+00     85  1.6E-05  8.5E-02  2.0609216E+00    17 2.2E+01
    75      1  1.0E+00     86  9.5E-05  6.3E-02  1.9932611E+00    17 2.2E+01
    76      1  1.0E+00     87  3.8E-04  4.5E-02  1.8856775E+00    17 2.2E+01
    77      1  1.0E+00     88  4.4E-04  3.3E-02  1.7880282E+00    17 2.2E+01
    78      1  1.0E+00     89  9.6E-05  3.0E-02  1.7468711E+00    17 2.2E+01
    79      1  1.0E+00     90  1.2E-05  3.1E-02  1.7383663E+00    17 2.2E+01

 Major Minors     Step   nCon Feasible  Optimal  MeritFunction    nS Penalty
    80      1  1.0E+00     91  3.7E-06  3.2E-02  1.7342981E+00    17 2.2E+01
    81      1  1.0E+00     92  2.0E-05  3.4E-02  1.7251643E+00    17 2.2E+01
    82      1  1.0E+00     93  4.9E-05  3.7E-02  1.7069364E+00    17 2.2E+01
    83      1  1.0E+00     94  1.3E-04  6.4E-02  1.6730352E+00    17 2.2E+01
    84      1  1.0E+00     95  2.0E-04  8.3E-02  1.6305589E+00    17 2.2E+01
    85      1  1.0E+00     96  1.2E-04  8.6E-02  1.6011617E+00    17 2.2E+01
    86      1  1.0E+00     97  2.4E-05  8.1E-02  1.5923147E+00    17 2.2E+01
    87      1  1.0E+00     98  5.2E-06  7.6E-02  1.5899759E+00    17 2.2E+01
    88      1  1.0E+00     99  2.9E-06  7.0E-02  1.5870785E+00    17 2.2E+01
    89      1  1.0E+00    100  4.9E-06  5.9E-02  1.5802707E+00    17 2.2E+01

 Major Minors     Step   nCon Feasible  Optimal  MeritFunction    nS Penalty
    90      1  1.0E+00    101  6.3E-06  4.5E-02  1.5668605E+00    17 2.2E+01
    91      1  1.0E+00    102  3.6E-05  3.2E-02  1.5460280E+00    17 2.2E+01
    92      1  1.0E+00    103  1.2E-04  2.9E-02  1.5269675E+00    17 2.2E+01
    93      1  1.0E+00    104  6.5E-05  3.1E-02  1.5188784E+00    17 2.2E+01
    94      1  1.0E+00    105  4.0E-06  3.1E-02  1.5174056E+00    17 2.2E+01
    95      1  1.0E+00    106 (4.0E-07) 3.0E-02  1.5169628E+00    17 2.2E+01
    96      1  1.0E+00    107  1.4E-06  2.8E-02  1.5159695E+00    17 2.2E+01
    97      1  1.0E+00    108  4.2E-06  2.2E-02  1.5139514E+00    17 2.2E+01
    98      1  1.0E+00    109  9.9E-06  1.5E-02  1.5104882E+00    17 2.2E+01
    99      1  1.0E+00    110  7.3E-06  1.4E-02  1.5069780E+00    17 2.2E+01

 Major Minors     Step   nCon Feasible  Optimal  MeritFunction    nS Penalty
   100      1  1.0E+00    111  3.2E-06  1.4E-02  1.5053222E+00    17 2.2E+01
   101      1  1.0E+00    112 (3.6E-07) 1.4E-02  1.5049869E+00    17 2.2E+01
   102      1  1.0E+00    113 (1.6E-07) 1.4E-02  1.5048807E+00    17 2.2E+01
   103      1  1.0E+00    114 (4.0E-07) 1.4E-02  1.5046531E+00    17 2.2E+01
   104      1  1.0E+00    115 (1.0E-06) 1.4E-02  1.5041145E+00    17 2.2E+01
   105      1  1.0E+00    116  2.7E-06  1.3E-02  1.5028598E+00    17 2.2E+01
   106      1  1.0E+00    117  6.4E-06  1.1E-02  1.5004528E+00    17 2.2E+01
   107      1  1.0E+00    118  8.3E-06  7.5E-03  1.4972775E+00    17 2.2E+01
   108      1  1.0E+00    119  3.5E-06  4.5E-03  1.4951574E+00    17 2.2E+01
   109      1  1.0E+00    120  1.4E-06  3.2E-03  1.4946075E+00    17 2.2E+01

 Major Minors     Step   nCon Feasible  Optimal  MeritFunction    nS Penalty
   110      1  1.0E+00    121 (2.6E-07) 3.4E-03  1.4945537E+00    17 2.2E+01
   111      1  1.0E+00    122 (1.8E-08) 3.5E-03  1.4945429E+00    17 2.2E+01
   112      1  1.0E+00    123 (5.4E-08) 3.6E-03  1.4945145E+00    17 2.2E+01
   113      1  1.0E+00    124 (1.0E-07) 3.7E-03  1.4944536E+00    17 2.2E+01
   114      1  1.0E+00    125 (2.2E-07) 3.6E-03  1.4943113E+00    17 2.2E+01
   115      1  1.0E+00    126 (2.7E-07) 3.1E-03  1.4940471E+00    17 2.2E+01
   116      1  1.0E+00    127 (5.7E-07) 2.0E-03  1.4937045E+00    17 2.2E+01
   117      1  1.0E+00    128 (7.7E-07) 1.1E-03  1.4934815E+00    17 2.2E+01
   118      1  1.0E+00    129 (1.2E-07) 9.9E-04  1.4934249E+00    17 2.2E+01
   119      1  1.0E+00    130 (1.1E-08) 8.0E-04  1.4934192E+00    17 2.2E+01

 Major Minors     Step   nCon Feasible  Optimal  MeritFunction    nS Penalty
   120      1  1.0E+00    131 (6.5E-10) 7.7E-04  1.4934179E+00    17 2.2E+01
   121      1  1.0E+00    132 (2.8E-09) 7.0E-04  1.4934145E+00    17 2.2E+01
   122      1  1.0E+00    133 (7.1E-09) 6.7E-04  1.4934077E+00    17 2.2E+01
   123      1  1.0E+00    134 (2.0E-08) 7.2E-04  1.4933933E+00    17 2.2E+01
   124      1  1.0E+00    135 (2.7E-08) 6.6E-04  1.4933722E+00    17 2.2E+01
   125      1  1.0E+00    136 (1.0E-08) 3.8E-04  1.4933544E+00    17 2.2E+01
   126      1  1.0E+00    137 (8.4E-09) 1.5E-04  1.4933483E+00    17 2.2E+01
   127      1  1.0E+00    138 (1.1E-09) 1.5E-04  1.4933475E+00    17 2.2E+01
   128      1  1.0E+00    139 (7.8E-11) 1.5E-04  1.4933475E+00    17 2.2E+01
   129      1  1.0E+00    140 (2.3E-11) 1.5E-04  1.4933475E+00    17 2.2E+01

 Major Minors     Step   nCon Feasible  Optimal  MeritFunction    nS Penalty
   130      1  1.0E+00    141 (1.4E-10) 1.4E-04  1.4933473E+00    17 2.2E+01
   131      1  1.0E+00    142 (2.2E-10) 1.3E-04  1.4933471E+00    17 2.2E+01
   132      1  1.0E+00    143 (8.5E-10) 9.8E-05  1.4933467E+00    17 2.2E+01
   133      1  1.0E+00    144 (2.5E-09) 4.8E-05  1.4933461E+00    17 2.2E+01
   134      1  1.0E+00    145 (2.5E-09) 2.5E-05  1.4933456E+00    17 2.2E+01
   135      1  1.0E+00    146 (5.6E-10) 6.6E-06  1.4933455E+00    17 2.2E+01
   136      1  1.0E+00    147 (5.2E-11)(1.5E-06) 1.4933455E+00    17 2.2E+01
 
 SNOPTA EXIT   0 -- finished successfully
 SNOPTA INFO   1 -- optimality conditions satisfied

 Problem name
 No. of iterations                 175   Objective value      1.4933454795E+00
 No. of major iterations           136   Linear objective     0.0000000000E+00
 Penalty parameter           2.167E+01   Nonlinear objective  1.4933454795E+00
 No. of calls to funobj           5625   No. of calls to funcon           5625
 Calls with modes 1,2 (known g)    147   Calls with modes 1,2 (known g)    147
 Calls for forward differencing   5292   Calls for forward differencing   5292
 Calls for central differencing      0   Calls for central differencing      0
 No. of superbasics                 17   No. of basic nonlinears            15
 No. of degenerate steps             2   Percentage                       1.14
 Max x                       2 6.0E+00   Max pi                      2 2.2E+00
 Max Primal infeas           0 0.0E+00   Max Dual infeas            27 4.8E-06
 Nonlinear constraint violn    4.8E-10

 Solution not printed
