
 
 ===>  WARNING - variable     2003 has no Jacobian entries.
 ===>  WARNING - variable     2004 has no Jacobian entries.
 ===>  WARNING - variable     2005 has no Jacobian entries.
 

 Nonlinear constraints       3     Linear constraints       0
 Nonlinear variables      2002     Linear variables         3
 Jacobian  variables      2002     Objective variables   2002
 Total constraints           3     Total variables       2005
 

 
 The user has defined       0   out of    8008   first  derivatives
 XXX  Some first  derivatives are missing --- derivative level reduced to 0
 

 Major Minors     Step   nCon Feasible  Optimal  MeritFunction    nS Penalty
     0     50               1 (0.0E+00) 1.1E+01  1.8955000E+02    50           r
     1      1  7.6E-02      2 (0.0E+00) 9.8E+00  6.9063672E+00    50         n r
     2      2  3.2E-03      3 (0.0E+00) 2.2E+00  4.0916888E+00    50         s
     3      1  1.0E+00      4 (0.0E+00) 8.3E-01  3.6953031E+00    50
     4      1  1.0E+00      5 (0.0E+00) 1.1E+00  3.6128171E+00    50
     5      1  1.0E+00      6 (0.0E+00) 2.5E+00  2.9594548E+00    50
     6      1  1.0E+00      7 (0.0E+00) 2.1E+00  2.6302929E+00    50
     7      1  1.0E+00      8 (0.0E+00) 6.0E-01  2.4302004E+00    50           R
     8      1  1.0E+00      9 (0.0E+00) 4.2E-01  2.4022907E+00    50         s
     9      1  1.0E+00     10 (0.0E+00) 5.3E-01  2.3466780E+00    50

 Major Minors     Step   nCon Feasible  Optimal  MeritFunction    nS Penalty
    10      1  1.0E+00     11 (0.0E+00) 1.3E+00  2.1100499E+00    50
    11      1  1.0E+00     12 (0.0E+00) 1.1E+00  1.9575448E+00    50
    12      1  1.0E+00     13 (0.0E+00) 5.2E-01  1.8234290E+00    50
    13      1  1.0E+00     14 (0.0E+00) 6.2E-01  1.7756748E+00    50           R
    14      1  1.0E+00     15 (0.0E+00) 4.3E-01  1.7512232E+00    50         s
    15      1  1.6E-01     16 (0.0E+00) 1.0E+00  1.5972088E+00    50
    16      1  1.0E+00     17 (0.0E+00) 1.7E-01  1.4863501E+00    50
    17      1  1.0E+00     18 (0.0E+00) 3.5E-01  1.4275677E+00    50
    18      1  1.0E+00     19 (0.0E+00) 5.4E-01  1.2756889E+00    50
    19      1  1.0E+00     20 (0.0E+00) 4.3E-01  1.2080748E+00    50           R

 Major Minors     Step   nCon Feasible  Optimal  MeritFunction    nS Penalty
    20      1  1.5E-01     21 (0.0E+00) 1.7E-01  1.2009231E+00    50         s
    21      1  1.0E+00     22 (0.0E+00) 1.6E-01  1.1966930E+00    50
    22      1  1.0E+00     23 (0.0E+00) 1.3E-01  1.1574870E+00    50
    23      1  1.0E+00     24 (0.0E+00) 1.3E-01  1.1561119E+00    50
    24      1  1.0E+00     25 (0.0E+00) 1.3E-01  1.1187314E+00    50
    25      1  1.0E+00     26 (0.0E+00) 2.3E-01  1.1066374E+00    50           R
    26      1  1.0E+00     27 (0.0E+00) 1.9E-01  1.1044416E+00    50         s
    27      1  1.3E-01     28 (0.0E+00) 4.1E-01  1.0985165E+00    50
    28      1  1.0E+00     29 (0.0E+00) 1.5E-01  1.0863319E+00    50
    29      1  1.0E+00     30 (0.0E+00) 1.4E-01  1.0815662E+00    50

 Major Minors     Step   nCon Feasible  Optimal  MeritFunction    nS Penalty
    30      1  1.0E+00     31 (0.0E+00) 4.9E-02  1.0247258E+00    50
    31      1  1.0E+00     32 (0.0E+00) 3.8E-02  1.0222675E+00    50           R
    32      1  1.0E+00     33 (0.0E+00) 8.0E-02  1.0206140E+00    50         s
    33      1  4.5E-02     34 (0.0E+00) 2.0E-01  1.0170394E+00    50
    34      1  1.0E+00     35 (0.0E+00) 1.2E-01  1.0160352E+00    50
    35      1  1.0E+00     36 (0.0E+00) 6.7E-02  1.0095900E+00    50
    36      1  1.0E+00     37 (0.0E+00) 2.7E-02  1.0081985E+00    50
    37      1  1.0E+00     38 (0.0E+00) 6.0E-02  1.0055321E+00    50           R
    38      1  6.2E-02     39 (0.0E+00) 3.6E-02  1.0054202E+00    50         s
    39      1  1.0E+00     40 (0.0E+00) 3.6E-02  1.0053964E+00    50

 Major Minors     Step   nCon Feasible  Optimal  MeritFunction    nS Penalty
    40      1  1.0E+00     41 (0.0E+00) 2.1E-02  1.0050219E+00    50
    41      1  1.0E+00     42 (0.0E+00) 2.2E-02  1.0049848E+00    50
    42      1  1.0E+00     43 (0.0E+00) 2.8E-02  1.0044671E+00    50
    43      1  1.0E+00     44 (0.0E+00) 2.6E-02  1.0042409E+00    50           R
    44      1  1.0E+00     45 (0.0E+00) 2.5E-02  1.0042031E+00    50         s
    45      1  9.7E-02     46 (0.0E+00) 7.2E-02  1.0040841E+00    50
    46      1  1.0E+00     47 (0.0E+00) 2.9E-02  1.0035759E+00    50
    47      1  1.0E+00     48 (0.0E+00) 2.4E-02  1.0033821E+00    50
    48      1  1.0E+00     49 (0.0E+00) 1.8E-02  1.0025916E+00    50
    49      1  1.0E+00     50 (0.0E+00) 2.1E-02  1.0019225E+00    50           R

 Major Minors     Step   nCon Feasible  Optimal  MeritFunction    nS Penalty
    50      1  1.6E-01     51 (0.0E+00) 5.1E-02  1.0018238E+00    50         s
    51      1  1.0E+00     52 (0.0E+00) 4.5E-02  1.0016807E+00    50
    52      1  1.0E+00     53 (0.0E+00) 2.0E-02  1.0013943E+00    50
    53      1  1.0E+00     54 (0.0E+00) 1.8E-02  1.0013660E+00    50
    54      1  1.0E+00     55 (0.0E+00) 2.9E-02  1.0011405E+00    50
    55      1  1.0E+00     56 (0.0E+00) 2.7E-02  1.0011061E+00    50           R
    56      1  1.0E+00     57 (0.0E+00) 2.2E-02  1.0010942E+00    50         s
    57      1  3.0E-01     58 (0.0E+00) 2.4E-02  1.0009362E+00    50
    58      1  1.0E+00     59 (0.0E+00) 2.8E-02  1.0007298E+00    50
    59      1  1.0E+00     60 (0.0E+00) 3.4E-02  1.0005233E+00    50

 Major Minors     Step   nCon Feasible  Optimal  MeritFunction    nS Penalty
    60      1  1.0E+00     61 (0.0E+00) 4.3E-02  9.9949645E-01    50
    61      1  1.0E+00     62 (0.0E+00) 3.9E-02  9.9856794E-01    50           R
    62      1  1.2E-01     63 (0.0E+00) 2.3E-02  9.9843386E-01    50         s
    63      1  1.0E+00     64 (0.0E+00) 1.9E-02  9.9837751E-01    50
    64      1  1.0E+00     65 (0.0E+00) 1.4E-02  9.9813650E-01    50
    65      1  1.0E+00     66 (0.0E+00) 1.5E-02  9.9812084E-01    50
    66      1  1.0E+00     67 (0.0E+00) 1.0E-02  9.9800620E-01    50
    67      1  1.0E+00     68 (0.0E+00) 1.0E-02  9.9799749E-01    50           R
    68      1  1.0E+00     69 (0.0E+00) 1.0E-02  9.9799436E-01    50         s
    69      1  2.0E-01     70 (0.0E+00) 1.6E-02  9.9798615E-01    50

 Major Minors     Step   nCon Feasible  Optimal  MeritFunction    nS Penalty
    70      1  1.0E+00     71 (0.0E+00) 2.1E-02  9.9797618E-01    50
    71      1  1.0E+00     72 (0.0E+00) 5.0E-03  9.9793399E-01    50
    72      1  1.0E+00     73 (0.0E+00) 6.7E-03  9.9791554E-01    50
    73      1  1.0E+00     74 (0.0E+00) 1.1E-02  9.9788043E-01    50           R
    74      1  1.5E-01     75 (0.0E+00) 4.7E-03  9.9787751E-01    50         s
    75      1  1.0E+00     76 (0.0E+00) 4.4E-03  9.9787509E-01    50
    76      1  1.0E+00     77 (0.0E+00) 5.6E-03  9.9786826E-01    50
    77      1  1.0E+00     78 (0.0E+00) 5.6E-03  9.9786708E-01    50
    78      1  1.0E+00     79 (0.0E+00) 5.0E-03  9.9785178E-01    50
    79      1  1.0E+00     80 (0.0E+00) 5.7E-03  9.9783809E-01    50           R

 Major Minors     Step   nCon Feasible  Optimal  MeritFunction    nS Penalty
    80      1  1.0E+00     81 (0.0E+00) 9.1E-03  9.9783411E-01    50         s
    81      1  1.0E+00     82 (0.0E+00) 8.3E-03  9.9782481E-01    50
    82      1  1.0E+00     83 (0.0E+00) 4.8E-03  9.9782154E-01    50
    83      1  1.0E+00     84 (0.0E+00) 7.7E-03  9.9781775E-01    50
    84      1  1.0E+00     85 (0.0E+00) 1.3E-02  9.9780619E-01    50
    85      1  1.0E+00     86 (0.0E+00) 1.5E-02  9.9778985E-01    50           R
    86      1  3.5E-01     87 (0.0E+00) 4.1E-03  9.9778485E-01    50         s
    87      1  1.0E+00     88 (0.0E+00) 4.1E-03  9.9778296E-01    50
    88      1  1.0E+00     89 (0.0E+00) 5.0E-03  9.9777664E-01    50
    89      1  1.0E+00     90 (0.0E+00) 5.0E-03  9.9777593E-01    50

 Major Minors     Step   nCon Feasible  Optimal  MeritFunction    nS Penalty
    90      1  1.0E+00     91 (0.0E+00) 4.4E-03  9.9776438E-01    50
    91      1  1.0E+00     92 (0.0E+00) 4.3E-03  9.9775687E-01    50           R
    92      1  1.0E+00     93 (0.0E+00) 4.6E-03  9.9775468E-01    50         s
    93      1  2.8E-01     94 (0.0E+00) 1.1E-02  9.9774882E-01    50
    94      1  1.0E+00     95 (0.0E+00) 4.3E-03  9.9774131E-01    50
    95      1  1.0E+00     96 (0.0E+00) 5.1E-03  9.9773610E-01    50
    96      1  1.0E+00     97 (0.0E+00) 6.7E-03  9.9771183E-01    50
    97      1  1.0E+00     98 (0.0E+00) 6.1E-03  9.9770074E-01    50           R
    98      1  1.0E+00     99 (0.0E+00) 1.2E-02  9.9769494E-01    50         s
    99      1  1.0E+00    100 (0.0E+00) 5.4E-03  9.9767740E-01    50

 Major Minors     Step   nCon Feasible  Optimal  MeritFunction    nS Penalty
   100      1  1.0E+00    101 (0.0E+00) 3.0E-03  9.9767335E-01    50
   101      1  1.0E+00    102 (0.0E+00) 4.0E-03  9.9767064E-01    50
   102      1  1.0E+00    103 (0.0E+00) 6.7E-03  9.9765977E-01    50
   103      1  1.0E+00    104 (0.0E+00) 8.7E-03  9.9764470E-01    50           R
   104      1  2.5E-01    105 (0.0E+00) 6.6E-03  9.9764205E-01    50         s
   105      1  1.0E+00    106 (0.0E+00) 5.9E-03  9.9764006E-01    50
   106      1  1.0E+00    107 (0.0E+00) 5.0E-03  9.9763270E-01    50
   107      1  1.0E+00    108 (0.0E+00) 4.9E-03  9.9763179E-01    50
   108      1  1.0E+00    109 (0.0E+00) 2.9E-03  9.9762763E-01    50
   109      1  1.0E+00    110 (0.0E+00) 2.9E-03  9.9762687E-01    50           R

 Major Minors     Step   nCon Feasible  Optimal  MeritFunction    nS Penalty
   110      1  1.0E+00    111 (0.0E+00) 3.0E-03  9.9762645E-01    50         s
   111      1  7.6E-02    112 (0.0E+00) 9.2E-03  9.9762353E-01    50
   112      1  1.0E+00    113 (0.0E+00) 7.0E-03  9.9761920E-01    50
   113      1  1.0E+00    114 (0.0E+00) 8.5E-03  9.9760150E-01    50
   114      1  1.0E+00    115 (0.0E+00) 2.8E-03  9.9758315E-01    50
   115      1  1.0E+00    116 (0.0E+00) 1.3E-02  9.9754244E-01    50           R
   116      1  1.0E-01    117 (0.0E+00) 4.5E-03  9.9753132E-01    50         s
   117      1  1.0E+00    118 (0.0E+00) 3.5E-03  9.9752459E-01    50
   118      1  1.0E+00    119 (0.0E+00) 2.2E-03  9.9751866E-01    50
   119      1  1.0E+00    120 (0.0E+00) 2.1E-03  9.9751803E-01    50

 Major Minors     Step   nCon Feasible  Optimal  MeritFunction    nS Penalty
   120      1  1.0E+00    121 (0.0E+00) 1.8E-03  9.9751529E-01    50
   121      1  1.0E+00    122 (0.0E+00) 1.4E-03  9.9751508E-01    50           R
   122      1  1.0E+00    123 (0.0E+00) 1.3E-03  9.9751503E-01    50         s
   123      1  3.2E-01    124 (0.0E+00) 2.3E-03  9.9751459E-01    50
   124      1  1.0E+00    125 (0.0E+00) 1.6E-03  9.9751360E-01    50
   125      1  1.0E+00    126 (0.0E+00) 2.1E-03  9.9751245E-01    50
   126      1  1.0E+00    127 (0.0E+00) 3.3E-03  9.9750735E-01    50
   127      1  1.0E+00    128 (0.0E+00) 2.2E-03  9.9750489E-01    50           R
   128      1  2.2E-01    129 (0.0E+00) 3.7E-03  9.9750456E-01    50         s
   129      1  1.0E+00    130 (0.0E+00) 3.2E-03  9.9750410E-01    50

 Major Minors     Step   nCon Feasible  Optimal  MeritFunction    nS Penalty
   130      1  1.0E+00    131 (0.0E+00) 1.8E-03  9.9750250E-01    50
   131      1  1.0E+00    132 (0.0E+00) 1.8E-03  9.9750216E-01    50
   132      1  1.0E+00    133 (0.0E+00) 1.2E-03  9.9750135E-01    50
   133      1  1.0E+00    134 (0.0E+00) 8.4E-04  9.9750117E-01    50           R
   134      1  1.0E+00    135 (0.0E+00) 9.4E-04  9.9750106E-01    50         s
   135      1  1.1E-01    136 (0.0E+00) 2.3E-03  9.9750085E-01    50
   136      1  1.0E+00    137 (0.0E+00) 1.9E-03  9.9750035E-01    50
   137      1  1.0E+00    138 (0.0E+00) 8.2E-04  9.9749999E-01    50
   138      1  1.0E+00    139 (0.0E+00) 1.0E-03  9.9749948E-01    50
   139      1  1.0E+00    140 (0.0E+00) 1.3E-03  9.9749849E-01    50           R

 Major Minors     Step   nCon Feasible  Optimal  MeritFunction    nS Penalty
   140      1  1.3E-01    141 (0.0E+00) 1.4E-03  9.9749838E-01    50         s
   141      1  1.0E+00    142 (0.0E+00) 1.1E-03  9.9749830E-01    50
   142      1  1.0E+00    143 (0.0E+00) 6.7E-04  9.9749823E-01    50
   143      1  1.0E+00    144 (0.0E+00) 7.5E-04  9.9749820E-01    50
   144      1  1.0E+00    145 (0.0E+00) 1.1E-03  9.9749806E-01    50
   145      1  1.0E+00    146 (0.0E+00) 1.2E-03  9.9749794E-01    50           R
   146      1  1.0E+00    147 (0.0E+00) 6.6E-04  9.9749788E-01    50         s
   147      1  1.0E+00    148 (0.0E+00) 6.1E-04  9.9749776E-01    50
   148      1  1.0E+00    149 (0.0E+00) 8.5E-04  9.9749770E-01    50
   149      1  1.0E+00    150 (0.0E+00) 9.8E-04  9.9749759E-01    50

 Major Minors     Step   nCon Feasible  Optimal  MeritFunction    nS Penalty
   150      1  1.0E+00    151 (0.0E+00) 8.8E-04  9.9749749E-01    50
   151      1  1.0E+00    152 (0.0E+00) 5.8E-04  9.9749729E-01    50           R
   152      1  1.0E+00    153 (0.0E+00) 8.8E-04  9.9749716E-01    50         s
   153      1  2.6E-01    154 (0.0E+00) 1.4E-03  9.9749705E-01    50
   154      1  1.0E+00    155 (0.0E+00) 6.6E-04  9.9749692E-01    50
   155      1  1.0E+00    156 (0.0E+00) 7.5E-04  9.9749684E-01    50
   156      1  1.0E+00    157 (0.0E+00) 1.0E-03  9.9749615E-01    50
   157      1  1.0E+00    158 (0.0E+00) 9.9E-04  9.9749569E-01    50           R
   158      1  1.0E+00    159 (0.0E+00) 1.7E-03  9.9749542E-01    50         s
   159      1  3.2E-01    160 (0.0E+00) 5.0E-04  9.9749507E-01    50

 Major Minors     Step   nCon Feasible  Optimal  MeritFunction    nS Penalty
   160      1  1.0E+00    161 (0.0E+00) 5.4E-04  9.9749497E-01    50
   161      1  1.0E+00    162 (0.0E+00) 5.4E-04  9.9749491E-01    50
   162      1  1.0E+00    163 (0.0E+00) 4.4E-04  9.9749477E-01    50
   163      1  1.0E+00    164 (0.0E+00) 5.4E-04  9.9749451E-01    50           R
   164      1  1.0E+00    165 (0.0E+00) 8.2E-04  9.9749436E-01    50         s
   165      1  2.1E-01    166 (0.0E+00) 7.1E-04  9.9749432E-01    50
   166      1  1.0E+00    167 (0.0E+00) 4.2E-04  9.9749425E-01    50
   167      1  1.0E+00    168 (0.0E+00) 3.9E-04  9.9749418E-01    50
   168      1  1.0E+00    169 (0.0E+00) 4.0E-04  9.9749398E-01    50
   169      1  1.0E+00    170 (0.0E+00) 4.5E-04  9.9749380E-01    50           R

 Major Minors     Step   nCon Feasible  Optimal  MeritFunction    nS Penalty
   170      1  1.0E+00    171 (0.0E+00) 8.7E-04  9.9749371E-01    50         s
   171      1  2.2E-01    172 (0.0E+00) 6.4E-04  9.9749364E-01    50
   172      1  1.0E+00    173 (0.0E+00) 4.6E-04  9.9749355E-01    50
   173      1  1.0E+00    174 (0.0E+00) 4.3E-04  9.9749349E-01    50
   174      1  1.0E+00    175 (0.0E+00) 4.4E-04  9.9749334E-01    50
   175      1  1.0E+00    176 (0.0E+00) 4.0E-04  9.9749320E-01    50           R
   176      1  1.0E+00    177 (0.0E+00) 6.3E-04  9.9749310E-01    50         s
   177      1  1.8E-01    178 (0.0E+00) 6.9E-04  9.9749307E-01    50
   178      1  4.6E-01    179 (0.0E+00) 3.9E-04  9.9749300E-01    50
   179      1  1.0E+00    180 (0.0E+00) 3.7E-04  9.9749295E-01    50

 Major Minors     Step   nCon Feasible  Optimal  MeritFunction    nS Penalty
   180      1  1.0E+00    181 (0.0E+00) 5.8E-04  9.9749284E-01    50
   181      1  1.0E+00    182 (0.0E+00) 6.4E-04  9.9749268E-01    50           R
   182      1  1.0E+00    183 (0.0E+00) 9.9E-04  9.9749262E-01    50         s
   183      1  2.9E-01    184 (0.0E+00) 2.8E-04  9.9749258E-01    50
   184      1  1.0E+00    185 (0.0E+00) 4.0E-04  9.9749249E-01    50
   185      1  1.0E+00    186 (0.0E+00) 3.3E-04  9.9749246E-01    50
   186      1  1.0E+00    187 (0.0E+00) 2.8E-04  9.9749241E-01    50
   187      1  1.0E+00    188 (0.0E+00) 3.6E-04  9.9749236E-01    50           R
   188      1  1.0E+00    189 (0.0E+00) 7.1E-04  9.9749234E-01    50         s
   189      1  1.0E+00    190 (0.0E+00) 8.6E-04  9.9749232E-01    50

 Major Minors     Step   nCon Feasible  Optimal  MeritFunction    nS Penalty
   190      1  1.0E+00    191 (0.0E+00) 2.9E-04  9.9749226E-01    50
   191      1  1.0E+00    192 (0.0E+00) 3.4E-04  9.9749223E-01    50
   192      1  1.0E+00    193 (0.0E+00) 5.4E-04  9.9749217E-01    50
   193      1  1.0E+00    194 (0.0E+00) 6.3E-04  9.9749209E-01    50           R
   194      1  1.0E+00    195 (0.0E+00) 1.2E-03  9.9749208E-01    50         s
   195      1  1.0E+00    196 (0.0E+00) 2.9E-04  9.9749201E-01    50
   196      1  1.0E+00    197 (0.0E+00) 3.2E-04  9.9749200E-01    50
   197      1  1.0E+00    198 (0.0E+00) 4.1E-04  9.9749197E-01    50
   198      1  1.0E+00    199 (0.0E+00) 3.6E-04  9.9749196E-01    50
   199      1  1.0E+00    200 (0.0E+00) 2.4E-04  9.9749193E-01    50           R

 Major Minors     Step   nCon Feasible  Optimal  MeritFunction    nS Penalty
   200      1  1.0E+00    201 (0.0E+00) 4.1E-04  9.9749192E-01    50         s
   201      1  3.1E-01    202 (0.0E+00) 4.0E-04  9.9749190E-01    50
   202      1  1.0E+00    203 (0.0E+00) 2.6E-04  9.9749188E-01    50
   203      1  1.0E+00    204 (0.0E+00) 3.8E-04  9.9749185E-01    50
   204      1  1.0E+00    205 (0.0E+00) 4.4E-04  9.9749178E-01    50
   205      1  1.0E+00    206 (0.0E+00) 4.5E-04  9.9749171E-01    50           R
   206      1  3.4E-01    207 (0.0E+00) 6.0E-04  9.9749169E-01    50         s
   207      1  1.0E+00    208 (0.0E+00) 5.4E-04  9.9749166E-01    50
   208      1  1.0E+00    209 (0.0E+00) 2.1E-04  9.9749159E-01    50
   209      1  1.0E+00    210 (0.0E+00) 2.0E-04  9.9749158E-01    50

 Major Minors     Step   nCon Feasible  Optimal  MeritFunction    nS Penalty
   210      1  1.0E+00    211 (0.0E+00) 2.7E-04  9.9749157E-01    50
   211      1  1.0E+00    212 (0.0E+00) 2.7E-04  9.9749156E-01    50           R
   212      1  1.0E+00    213 (0.0E+00) 2.4E-04  9.9749156E-01    50         s
   213      1  1.0E+00    214 (0.0E+00) 4.8E-04  9.9749153E-01    50
   214      1  1.4E-01    215 (0.0E+00) 3.3E-04  9.9749152E-01    50
   215      1  1.0E+00    216 (0.0E+00) 3.2E-04  9.9749149E-01    50
   216      1  1.0E+00    217 (0.0E+00) 2.8E-04  9.9749141E-01    50
   217      1  1.0E+00    218 (0.0E+00) 7.9E-04  9.9749101E-01    50           R
   218      1  3.6E-01    219 (0.0E+00) 7.1E-04  9.9749086E-01    50         s
   219      1  4.1E-01    220 (0.0E+00) 1.9E-04  9.9749083E-01    50

 Major Minors     Step   nCon Feasible  Optimal  MeritFunction    nS Penalty
   220      1  1.0E+00    221 (0.0E+00) 1.7E-04  9.9749081E-01    50
   221      1  1.0E+00    222 (0.0E+00) 1.0E-04  9.9749077E-01    50
   222      1  1.0E+00    223 (0.0E+00) 1.2E-04  9.9749077E-01    50
   223      1  1.0E+00    224 (0.0E+00) 1.4E-04  9.9749077E-01    50           R
   224      1  1.0E+00    225 (0.0E+00) 1.4E-04  9.9749077E-01    50         s
   225      1  1.4E-01    226 (0.0E+00) 2.2E-04  9.9749076E-01    50
   226      1  2.9E-01    227 (0.0E+00) 8.9E-05  9.9749076E-01    50
   227      1  1.0E+00    228 (0.0E+00) 1.6E-04  9.9749075E-01    50
   228      1  1.0E+00    229 (0.0E+00) 1.1E-04  9.9749073E-01    50
   229      1  4.4E-01    230 (0.0E+00) 2.1E-04  9.9749070E-01    50           R

 Major Minors     Step   nCon Feasible  Optimal  MeritFunction    nS Penalty
   230      1  2.0E-01    231 (0.0E+00) 3.3E-04  9.9749069E-01    50         s
   231      1  1.0E+00    232 (0.0E+00) 1.4E-04  9.9749067E-01    50
   232      1  1.0E+00    233 (0.0E+00) 6.3E-05  9.9749067E-01    50
   233      1  1.0E+00    234 (0.0E+00) 6.3E-05  9.9749067E-01    50
   234      1  1.0E+00    235 (0.0E+00) 8.3E-05  9.9749067E-01    50
   235      1  1.0E+00    236 (0.0E+00) 8.8E-05  9.9749066E-01    50           R
   236      1  1.0E+00    237 (0.0E+00) 7.5E-05  9.9749066E-01    50         s
   237      1  1.0E+00    238 (0.0E+00) 8.9E-05  9.9749066E-01    50
   238      1  1.0E+00    239 (0.0E+00) 4.9E-05  9.9749066E-01    50
   238      2  1.0E+00    239 (0.0E+00) 5.9E-05  9.9749066E-01    50               c
   239      1  1.0E+00    240 (0.0E+00) 5.6E-05  9.9749066E-01    50

 Major Minors     Step   nCon Feasible  Optimal  MeritFunction    nS Penalty
   240      1  1.0E+00    241 (0.0E+00) 1.2E-04  9.9749066E-01    50
   241      1  1.0E+00    242 (0.0E+00) 1.6E-04  9.9749066E-01    50           R
   242      1  3.5E-01    243 (0.0E+00) 7.4E-05  9.9749066E-01    50         s
   242      2  1.0E+00    243 (0.0E+00) 8.4E-05  9.9749066E-01    50         s     c
   243      1  1.0E+00    244 (0.0E+00) 7.6E-05  9.9749066E-01    50
   244      1  1.0E+00    245 (0.0E+00) 5.9E-05  9.9749066E-01    50
   244      2  1.0E+00    245 (0.0E+00) 5.0E-05  9.9749066E-01    50               c
   245      1  1.0E+00    246 (0.0E+00) 5.3E-05  9.9749066E-01    50
   246      1  1.0E+00    247 (0.0E+00) 8.7E-05  9.9749065E-01    50
   247      1  1.0E+00    248 (0.0E+00) 8.1E-05  9.9749065E-01    50           R
   247      2  1.0E+00    248 (0.0E+00) 7.2E-05  9.9749065E-01    50           R   c
   248      1  1.0E+00    249 (0.0E+00) 5.7E-05  9.9749065E-01    50         s
   249      1  3.1E-01    250 (0.0E+00) 1.3E-04  9.9749065E-01    50

 Major Minors     Step   nCon Feasible  Optimal  MeritFunction    nS Penalty
   250      1  1.0E+00    251 (0.0E+00) 8.9E-05  9.9749065E-01    50

 Major Minors     Step   nCon Feasible  Optimal  MeritFunction    nS Penalty
   250      2  1.0E+00    251 (0.0E+00) 9.8E-05  9.9749065E-01    50               c
   251      1  1.0E+00    252 (0.0E+00) 7.3E-05  9.9749065E-01    50
   252      1  1.0E+00    253 (0.0E+00) 1.5E-04  9.9749065E-01    50
   253      1  1.0E+00    254 (0.0E+00) 1.9E-04  9.9749064E-01    50           R
   254      1  2.6E-01    255 (0.0E+00) 4.5E-05  9.9749064E-01    50         s
   255      1  1.0E+00    256 (0.0E+00) 4.1E-05  9.9749064E-01    50
   256      1  1.0E+00    257 (0.0E+00) 3.6E-05  9.9749064E-01    50
   256      2  1.0E+00    257 (0.0E+00) 4.6E-05  9.9749064E-01    50               c
   257      1  1.0E+00    258 (0.0E+00) 4.2E-05  9.9749064E-01    50
   258      1  1.0E+00    259 (0.0E+00) 5.1E-05  9.9749064E-01    50
   258      2  1.0E+00    259 (0.0E+00) 4.2E-05  9.9749064E-01    50               c
   259      1  1.0E+00    260 (0.0E+00) 4.5E-05  9.9749064E-01    50           R
   259      1  1.0E+00    260 (0.0E+00) 4.5E-05  9.9749064E-01    50           R   c

 Major Minors     Step   nCon Feasible  Optimal  MeritFunction    nS Penalty
   260      1  1.0E+00    261 (0.0E+00) 4.0E-05  9.9749064E-01    50         s
   261      1  1.0E+00    262 (0.0E+00) 1.5E-04  9.9749064E-01    50
   262      1  3.4E-01    263 (0.0E+00) 6.4E-05  9.9749064E-01    50
   263      1  1.0E+00    264 (0.0E+00) 5.1E-05  9.9749064E-01    50
   264      1  1.0E+00    265 (0.0E+00) 1.0E-04  9.9749064E-01    50
   265      1  1.0E+00    266 (0.0E+00) 1.6E-04  9.9749063E-01    50           R
   266      1  1.9E-01    267 (0.0E+00) 4.3E-05  9.9749063E-01    50         s
   266      2  1.0E+00    267 (0.0E+00) 4.9E-05  9.9749063E-01    50         s     c
   267      1  1.0E+00    268 (0.0E+00) 4.4E-05  9.9749063E-01    50
   268      1  1.0E+00    269 (0.0E+00) 4.3E-05  9.9749063E-01    50
   268      2  1.0E+00    269 (0.0E+00) 3.3E-05  9.9749063E-01    50               c
   269      1  1.0E+00    270 (0.0E+00) 3.1E-05  9.9749063E-01    50

 Major Minors     Step   nCon Feasible  Optimal  MeritFunction    nS Penalty
   270      1  1.0E+00    271 (0.0E+00) 3.2E-05  9.9749063E-01    50

 Major Minors     Step   nCon Feasible  Optimal  MeritFunction    nS Penalty
   270      2  1.0E+00    271 (0.0E+00) 3.0E-05  9.9749063E-01    50               c
   271      1  1.0E+00    272 (0.0E+00) 3.2E-05  9.9749063E-01    50           R
   271      1  1.0E+00    272 (0.0E+00) 3.2E-05  9.9749063E-01    50           R   c
   272      1  1.0E+00    273 (0.0E+00) 3.0E-05  9.9749063E-01    50         s
   273      1  4.8E-01    274 (0.0E+00) 7.4E-05  9.9749063E-01    50
   274      1  3.7E-01    275 (0.0E+00) 4.2E-05  9.9749063E-01    50
   275      1  1.0E+00    276 (0.0E+00) 7.6E-05  9.9749063E-01    50
   276      1  1.0E+00    277 (0.0E+00) 6.8E-05  9.9749062E-01    50
   277      1  1.0E+00    278 (0.0E+00) 5.2E-05  9.9749062E-01    50           R
   278      1  4.3E-01    279 (0.0E+00) 1.1E-04  9.9749062E-01    50         s
   279      1  4.4E-01    280 (0.0E+00) 3.2E-05  9.9749062E-01    50

 Major Minors     Step   nCon Feasible  Optimal  MeritFunction    nS Penalty
   280      1  1.0E+00    281 (0.0E+00) 3.4E-05  9.9749062E-01    50
   281      1  1.0E+00    282 (0.0E+00) 3.7E-05  9.9749062E-01    50
   282      1  1.0E+00    283 (0.0E+00) 3.4E-05  9.9749062E-01    50
   283      1  1.0E+00    284 (0.0E+00) 2.4E-05  9.9749062E-01    50           R
   283      2  1.0E+00    284 (0.0E+00) 2.0E-05  9.9749062E-01    50           R   c
   284      1  1.0E+00    285 (0.0E+00) 2.5E-05  9.9749062E-01    50         s
   285      1  7.6E-02    286 (0.0E+00) 6.6E-05  9.9749062E-01    50
   286      1  3.3E-01    287 (0.0E+00) 3.6E-05  9.9749062E-01    50
   287      1  4.9E-01    288 (0.0E+00) 3.3E-05  9.9749062E-01    50
   288      1  4.2E-01    289 (0.0E+00) 2.3E-05  9.9749062E-01    50
   289      1  1.0E+00    290 (0.0E+00) 2.1E-05  9.9749061E-01    50           R

 Major Minors     Step   nCon Feasible  Optimal  MeritFunction    nS Penalty
   290      1  1.2E-01    291 (0.0E+00) 4.7E-05  9.9749061E-01    50         s

 Major Minors     Step   nCon Feasible  Optimal  MeritFunction    nS Penalty
   290      2  1.0E+00    291 (0.0E+00) 4.9E-05  9.9749061E-01    50         s     c
   291      1  1.0E+00    292 (0.0E+00) 3.8E-05  9.9749061E-01    50
   292      1  1.0E+00    293 (0.0E+00) 2.2E-05  9.9749061E-01    50
   292      2  1.0E+00    293 (0.0E+00) 2.4E-05  9.9749061E-01    50               c
   293      1  1.0E+00    294 (0.0E+00) 2.4E-05  9.9749061E-01    50
   294      1  1.0E+00    295 (0.0E+00) 1.9E-05  9.9749061E-01    50
   294      2  1.0E+00    295 (0.0E+00) 1.9E-05  9.9749061E-01    50               c
   295      1  1.0E+00    296 (0.0E+00) 1.6E-05  9.9749061E-01    50           R
   295      1  1.0E+00    296 (0.0E+00) 1.6E-05  9.9749061E-01    50           R   c
   296      1  1.0E+00    297 (0.0E+00) 1.6E-05  9.9749061E-01    50         s
   297      1  4.5E-01    298 (0.0E+00) 3.8E-05  9.9749061E-01    50
   298      1  1.0E+00    299 (0.0E+00) 4.6E-05  9.9749061E-01    50
   298      2  1.0E+00    299 (0.0E+00) 4.1E-05  9.9749061E-01    50               c
   299      1  1.0E+00    300 (0.0E+00) 1.9E-05  9.9749061E-01    50
   299      1  1.0E+00    300 (0.0E+00) 1.9E-05  9.9749061E-01    50               c

 Major Minors     Step   nCon Feasible  Optimal  MeritFunction    nS Penalty
   300      1  1.0E+00    301 (0.0E+00) 2.6E-05  9.9749061E-01    50
   301      1  1.0E+00    302 (0.0E+00) 5.9E-05  9.9749061E-01    50           R
   302      1  1.8E-01    303 (0.0E+00) 1.7E-05  9.9749061E-01    50         s
   302      2  1.0E+00    303 (0.0E+00) 1.7E-05  9.9749061E-01    50         s     c
   303      1  1.0E+00    304 (0.0E+00) 1.6E-05  9.9749061E-01    50
   303      1  1.0E+00    304 (0.0E+00) 1.6E-05  9.9749061E-01    50               c
   304      1  1.0E+00    305 (0.0E+00) 1.3E-05  9.9749061E-01    50
   304      1  1.0E+00    305 (0.0E+00) 1.3E-05  9.9749061E-01    50               c
   305      1  1.0E+00    306 (0.0E+00) 1.3E-05  9.9749061E-01    50
   305      1  1.0E+00    306 (0.0E+00) 1.3E-05  9.9749061E-01    50               c
   306      1  1.0E+00    307 (0.0E+00) 1.4E-05  9.9749061E-01    50
   306      1  1.0E+00    307 (0.0E+00) 1.4E-05  9.9749061E-01    50               c
   307      1  1.0E+00    308 (0.0E+00) 1.5E-05  9.9749061E-01    50           R
   307      1  1.0E+00    308 (0.0E+00) 1.5E-05  9.9749061E-01    50           R   c
   308      1  1.0E+00    309 (0.0E+00) 1.3E-05  9.9749061E-01    50         s
   308      1  1.0E+00    309 (0.0E+00) 1.3E-05  9.9749061E-01    50         s     c
   309      1  1.0E+00    310 (0.0E+00) 4.6E-05  9.9749061E-01    50

 Major Minors     Step   nCon Feasible  Optimal  MeritFunction    nS Penalty
   310      1  4.1E-01    311 (0.0E+00) 2.3E-05  9.9749061E-01    50

 Major Minors     Step   nCon Feasible  Optimal  MeritFunction    nS Penalty
   310      2  1.0E+00    311 (0.0E+00) 1.7E-05  9.9749061E-01    50               c
   311      1  1.0E+00    312 (0.0E+00) 1.9E-05  9.9749061E-01    50
   311      1  1.0E+00    312 (0.0E+00) 1.9E-05  9.9749061E-01    50               c
   312      1  1.0E+00    313 (0.0E+00) 2.8E-05  9.9749061E-01    50
   313      1  1.0E+00    314 (0.0E+00) 5.2E-05  9.9749061E-01    50           R
   314      1  2.7E-01    315 (0.0E+00) 2.6E-05  9.9749061E-01    50         s
   314      2  1.0E+00    315 (0.0E+00) 2.1E-05  9.9749061E-01    50         s     c
   315      1  1.0E+00    316 (0.0E+00) 1.9E-05  9.9749061E-01    50
   315      1  1.0E+00    316 (0.0E+00) 1.9E-05  9.9749061E-01    50               c
   316      1  1.0E+00    317 (0.0E+00) 1.4E-05  9.9749061E-01    50
   316      1  1.0E+00    317 (0.0E+00) 1.4E-05  9.9749061E-01    50               c
   317      1  1.0E+00    318 (0.0E+00) 1.3E-05  9.9749061E-01    50
   317      1  1.0E+00    318 (0.0E+00) 1.3E-05  9.9749061E-01    50               c
   318      1  1.0E+00    319 (0.0E+00) 1.1E-05  9.9749061E-01    50
   318      1  1.0E+00    319 (0.0E+00) 1.1E-05  9.9749061E-01    50               c
   319      1  1.0E+00    320 (0.0E+00) 1.2E-05  9.9749061E-01    50           R
   319      1  1.0E+00    320 (0.0E+00) 1.2E-05  9.9749061E-01    50           R   c

 Major Minors     Step   nCon Feasible  Optimal  MeritFunction    nS Penalty
   320      1  1.0E+00    321 (0.0E+00) 1.1E-05  9.9749061E-01    50         s

 Major Minors     Step   nCon Feasible  Optimal  MeritFunction    nS Penalty
   320      1  1.0E+00    321 (0.0E+00) 1.1E-05  9.9749061E-01    50         s     c
   321      1  1.0E+00    322 (0.0E+00) 2.5E-05  9.9749061E-01    50
   322      1  2.6E-01    323 (0.0E+00) 2.7E-05  9.9749061E-01    50
   322      2  1.0E+00    323 (0.0E+00) 1.8E-05  9.9749061E-01    50               c
   323      1  1.0E+00    324 (0.0E+00) 1.3E-05  9.9749061E-01    50
   324      1  1.0E+00    325 (0.0E+00) 4.9E-05  9.9749061E-01    50
   325      1  1.0E+00    326 (0.0E+00) 2.5E-05  9.9749061E-01    50           R
   326      1  1.0E+00    327 (0.0E+00) 6.9E-05  9.9749061E-01    50         s
   326      2  1.0E+00    327 (0.0E+00) 6.0E-05  9.9749061E-01    50         s     c
   327      1  1.0E+00    328 (0.0E+00) 4.6E-05  9.9749061E-01    50
   327      1  1.0E+00    328 (0.0E+00) 4.6E-05  9.9749061E-01    50               c
   328      1  1.0E+00    329 (0.0E+00) 1.2E-05  9.9749061E-01    50
   328      1  1.0E+00    329 (0.0E+00) 1.2E-05  9.9749061E-01    50               c
   329      1  1.0E+00    330 (0.0E+00) 1.0E-05  9.9749061E-01    50               c

 Major Minors     Step   nCon Feasible  Optimal  MeritFunction    nS Penalty
   330      1  1.0E+00    331 (0.0E+00) 8.1E-06  9.9749061E-01    50               c
   331      1  1.0E+00    332 (0.0E+00) 1.5E-05  9.9749061E-01    50           R
   331      1             332 (0.0E+00) 1.5E-05  9.9749061E-01    50           R   c
   332      1  4.4E-01    333 (0.0E+00) 1.2E-05  9.9749061E-01    50         s
   332      1  1.0E+00    333 (0.0E+00) 1.2E-05  9.9749061E-01    50         s     c
   333      1  1.0E+00    334 (0.0E+00) 1.0E-05  9.9749061E-01    50               c
   334      1  1.0E+00    335 (0.0E+00) 9.5E-06  9.9749061E-01    50               c
   335      1  1.0E+00    336 (0.0E+00) 1.0E-05  9.9749061E-01    50               c
   336      1  1.0E+00    337 (0.0E+00) 8.7E-06  9.9749061E-01    50               c
   337      1  1.0E+00    338 (0.0E+00) 8.0E-06  9.9749061E-01    50           R   c
   338      1  1.0E+00    339 (0.0E+00) 9.6E-06  9.9749061E-01    50         s     c
   339      1  1.9E-01    340 (0.0E+00) 1.9E-05  9.9749061E-01    50
   339      1  1.0E+00    340 (0.0E+00) 1.9E-05  9.9749061E-01    50               c

 Major Minors     Step   nCon Feasible  Optimal  MeritFunction    nS Penalty
   340      1  1.0E+00    341 (0.0E+00) 1.5E-05  9.9749061E-01    50

 Major Minors     Step   nCon Feasible  Optimal  MeritFunction    nS Penalty
   340      1  1.0E+00    341 (0.0E+00) 1.5E-05  9.9749061E-01    50               c
   341      1  1.0E+00    342 (0.0E+00) 1.1E-05  9.9749061E-01    50
   341      1  1.0E+00    342 (0.0E+00) 1.1E-05  9.9749061E-01    50               c
   342      1  1.0E+00    343 (0.0E+00) 8.0E-06  9.9749061E-01    50               c
   343      1  1.0E+00    344 (0.0E+00) 2.4E-05  9.9749061E-01    50           R
   343      1             344 (0.0E+00) 2.4E-05  9.9749061E-01    50           R   c
   344      1  1.5E-01    345 (0.0E+00) 9.9E-06  9.9749061E-01    50         s     c
   345      1  1.0E+00    346 (0.0E+00) 9.1E-06  9.9749061E-01    50               c
   346      1  1.0E+00    347 (0.0E+00) 6.3E-06  9.9749061E-01    50               c
   347      1  1.0E+00    348 (0.0E+00) 6.5E-06  9.9749061E-01    50               c
   348      1  1.0E+00    349 (0.0E+00) 7.5E-06  9.9749061E-01    50               c
   349      1  1.0E+00    350 (0.0E+00) 7.6E-06  9.9749061E-01    50           R   c

 Major Minors     Step   nCon Feasible  Optimal  MeritFunction    nS Penalty
   350      1  1.0E+00    351 (0.0E+00) 7.0E-06  9.9749061E-01    50         s     c
   351      1  4.9E-01    352 (0.0E+00) 1.6E-05  9.9749061E-01    50
   352      1  2.9E-01    353 (0.0E+00) 1.8E-05  9.9749061E-01    50
   352      2             353 (0.0E+00) 8.9E-06  9.9749061E-01    50               c
   353      1  1.0E+00    354 (0.0E+00) 6.3E-06  9.9749061E-01    50               c
   354      1  1.0E+00    355 (0.0E+00) 1.5E-05  9.9749061E-01    50
   355      1  1.0E+00    356 (0.0E+00) 1.9E-05  9.9749061E-01    50           R
   356      1  4.7E-01    357 (0.0E+00) 2.0E-05  9.9749061E-01    50         s
   356      2             357 (0.0E+00) 1.3E-05  9.9749061E-01    50         s     c
   357      1  3.9E-01    358 (0.0E+00) 9.7E-06  9.9749061E-01    50               c
   358      1  1.0E+00    359 (0.0E+00) 7.3E-06  9.9749061E-01    50               c
   359      1  1.0E+00    360 (0.0E+00) 5.1E-06  9.9749061E-01    50               c

 Major Minors     Step   nCon Feasible  Optimal  MeritFunction    nS Penalty
   360      1  1.0E+00    361 (0.0E+00) 4.8E-06  9.9749061E-01    50               c
   361      1  1.0E+00    362 (0.0E+00) 4.5E-06  9.9749061E-01    50           R   c
   362      1  1.0E+00    363 (0.0E+00) 6.4E-06  9.9749061E-01    50         s     c
   363      1  2.3E-01    364 (0.0E+00) 1.1E-05  9.9749061E-01    50               c
   364      1  1.0E+00    365 (0.0E+00) 8.6E-06  9.9749061E-01    50               c
   365      1  1.0E+00    366 (0.0E+00) 7.0E-06  9.9749061E-01    50               c
   366      1  1.0E+00    367 (0.0E+00) 7.2E-06  9.9749061E-01    50               c
   367      1  1.0E+00    368 (0.0E+00) 1.1E-05  9.9749061E-01    50           R
   368      1  1.0E+00    369 (0.0E+00) 2.8E-05  9.9749061E-01    50         s
   368      2             369 (0.0E+00) 1.8E-05  9.9749061E-01    50         s     c
   369      1  1.0E+00    370 (0.0E+00) 2.1E-05  9.9749061E-01    50
   369      1  1.0E+00    370 (0.0E+00) 2.1E-05  9.9749061E-01    50               c

 Major Minors     Step   nCon Feasible  Optimal  MeritFunction    nS Penalty
   370      1  1.0E+00    371 (0.0E+00) 8.0E-06  9.9749061E-01    50               c
   371      1  1.0E+00    372 (0.0E+00) 6.8E-06  9.9749061E-01    50               c
   372      1  1.0E+00    373 (0.0E+00) 4.0E-06  9.9749061E-01    50               c
   373      1  1.0E+00    374 (0.0E+00) 7.2E-06  9.9749061E-01    50           R   c
   374      1  3.2E-01    375 (0.0E+00) 4.3E-06  9.9749061E-01    50         s     c
   375      1  1.0E+00    376 (0.0E+00) 4.3E-06  9.9749061E-01    50               c
   376      1  1.0E+00    377 (0.0E+00) 4.1E-06  9.9749061E-01    50               c
   377      1  1.0E+00    378 (0.0E+00) 4.0E-06  9.9749061E-01    50               c
   378      1  1.0E+00    379 (0.0E+00) 3.5E-06  9.9749061E-01    50               c
   379      1  1.0E+00    380 (0.0E+00) 3.7E-06  9.9749061E-01    50           R   c

 Major Minors     Step   nCon Feasible  Optimal  MeritFunction    nS Penalty
   380      1  1.0E+00    381 (0.0E+00) 4.6E-06  9.9749061E-01    50         s     c
   381      1  4.3E-01    382 (0.0E+00) 1.2E-05  9.9749061E-01    50
   381      1  1.0E+00    382 (0.0E+00) 1.2E-05  9.9749061E-01    50               c
   382      1  1.0E+00    383 (0.0E+00) 6.5E-06  9.9749061E-01    50               c
   383      1  1.0E+00    384 (0.0E+00) 3.6E-06  9.9749061E-01    50               c
   384      1  1.0E+00    385 (0.0E+00) 5.0E-06  9.9749061E-01    50               c
   385      1  1.0E+00    386 (0.0E+00) 7.1E-06  9.9749061E-01    50           R   c
   386      1  3.1E-01    387 (0.0E+00) 4.9E-06  9.9749061E-01    50         s     c
   387      1  1.0E+00    388 (0.0E+00) 4.4E-06  9.9749061E-01    50               c
   388      1  1.0E+00    389 (0.0E+00) 4.2E-06  9.9749061E-01    50               c
   389      1  1.0E+00    390 (0.0E+00) 4.8E-06  9.9749061E-01    50               c

 Major Minors     Step   nCon Feasible  Optimal  MeritFunction    nS Penalty
   390      1  1.0E+00    391 (0.0E+00) 7.1E-06  9.9749061E-01    50               c
   391      1  1.0E+00    392 (0.0E+00) 8.3E-06  9.9749061E-01    50           R   c
   392      1  1.0E+00    393 (0.0E+00) 5.0E-06  9.9749061E-01    50         s     c
   393      1  1.0E+00    394 (0.0E+00) 7.7E-06  9.9749061E-01    50               c
   394      1  1.0E+00    395 (0.0E+00) 4.3E-06  9.9749061E-01    50               c
   395      1  1.0E+00    396 (0.0E+00) 4.0E-06  9.9749061E-01    50               c
   396      1  1.0E+00    397 (0.0E+00) 3.4E-06  9.9749061E-01    50               c
   397      1  1.0E+00    398 (0.0E+00) 4.8E-06  9.9749061E-01    50           R   c
   398      1  1.0E+00    399 (0.0E+00) 5.1E-06  9.9749061E-01    50         s     c
   399      1  3.5E-01    400 (0.0E+00) 6.4E-06  9.9749061E-01    50               c

 Major Minors     Step   nCon Feasible  Optimal  MeritFunction    nS Penalty
   400      1  1.0E+00    401 (0.0E+00) 5.6E-06  9.9749061E-01    50               c
   401      1  1.0E+00    402 (0.0E+00) 4.2E-06  9.9749061E-01    50               c
   402      1  1.0E+00    403 (0.0E+00) 4.4E-06  9.9749061E-01    50               c
   403      1  1.0E+00    404 (0.0E+00) 6.2E-06  9.9749061E-01    50           R   c
   404      1  2.3E-01    405 (0.0E+00) 7.4E-06  9.9749061E-01    50         s     c
   405      1  1.0E+00    406 (0.0E+00) 5.8E-06  9.9749061E-01    50               c
   406      1  1.0E+00    407 (0.0E+00) 2.9E-06  9.9749061E-01    50               c
   407      1  1.0E+00    408 (0.0E+00) 3.1E-06  9.9749061E-01    50               c
   408      1  1.0E+00    409 (0.0E+00) 3.4E-06  9.9749061E-01    50               c
   409      1  1.0E+00    410 (0.0E+00) 2.7E-06  9.9749061E-01    50           R   c

 Major Minors     Step   nCon Feasible  Optimal  MeritFunction    nS Penalty
   410      1  1.0E+00    411 (0.0E+00) 3.2E-06  9.9749061E-01    50         s     c
   411      1  3.7E-01    412 (0.0E+00) 5.4E-06  9.9749061E-01    50               c
   412      1  1.0E+00    413 (0.0E+00) 6.2E-06  9.9749061E-01    50               c
   413      1  1.0E+00    414 (0.0E+00) 4.4E-06  9.9749061E-01    50               c
   414      1  1.0E+00    415 (0.0E+00) 7.5E-06  9.9749061E-01    50               c
   415      1  1.0E+00    416 (0.0E+00) 1.3E-05  9.9749061E-01    50           R
   415      1             416 (0.0E+00) 1.3E-05  9.9749061E-01    50           R   c
   416      1  2.6E-01    417 (0.0E+00)(1.8E-06) 9.9749061E-01    50         s     c
 
 SNOPTA EXIT   0 -- finished successfully
 SNOPTA INFO   1 -- optimality conditions satisfied

 Problem name
 No. of iterations                 490   Objective value      9.9749060870E-01
 No. of major iterations           416   Linear objective     0.0000000000E+00
 Penalty parameter           0.000E+00   Nonlinear objective  9.9749060870E-01
 No. of calls to funobj        1284327   No. of calls to funcon        1284327
 Calls with modes 1,2 (known g)    417   Calls with modes 1,2 (known g)    417
 Calls for forward differencing 590590   Calls for forward differencing 590590
 Calls for central differencing 692692   Calls for central differencing 692692
 No. of superbasics                 50   No. of basic nonlinears             0
 No. of degenerate steps             0   Percentage                        .00
 Max x       (scaled)     1002 1.1E+00   Max pi      (scaled)        1 0.0E+00
 Max x                    1002 1.1E+00   Max pi                      1 0.0E+00
 Max Prim inf(scaled)        0 0.0E+00   Max Dual inf(scaled)       41 3.6E-06
 Max Primal infeas           0 0.0E+00   Max Dual infeas            41 3.6E-06
 Nonlinear constraint violn    0.0E+00

 Solution not printed
