 

 Nonlinear constraints      33     Linear constraints       0
 Nonlinear variables       540     Linear variables         0
 Jacobian  variables       540     Objective variables    540
 Total constraints          33     Total variables        540
 

 
 The user has defined       0   out of   18360   first  derivatives
 XXX  Some first  derivatives are missing --- derivative level reduced to 0
 

        Minor   QPmult   nInf   SumInf   rgNorm  Elastic QPobj    nS
          100 -3.6E+00      2  1.0E+00  9.3E-11  9.1736168E+04    91

 Major Minors     Step   nCon Feasible  Optimal  MeritFunction    nS Penalty
     0    108               1  2.8E+00  1.0E+00  1.0498914E+06    99           r iT

        Minor   QPmult   nInf   SumInf   rgNorm  Elastic QPobj    nS
          100 -1.1E+02                  3.5E-12  2.5004058E+04   194

 Major Minors     Step   nCon Feasible  Optimal  MeritFunction    nS Penalty
     1    104  7.4E-02      2  2.2E+00  1.8E+01  9.7923532E+05   198         n rl T

        Minor   QPmult   nInf   SumInf   rgNorm  Elastic QPobj    nS
          100 -2.5E+02                  1.0E-11  1.1915129E+05   297

 Major Minors     Step   nCon Feasible  Optimal  MeritFunction    nS Penalty
     2    100  8.1E-02      4  1.7E+00  3.1E+00  8.9346526E+05   297         sM l T

        Minor   QPmult   nInf   SumInf   rgNorm  Elastic QPobj    nS
          100  9.2E+01                  3.2E-10  2.1544732E+04   384

 Major Minors     Step   nCon Feasible  Optimal  MeritFunction    nS Penalty
     3    112  7.8E-01      5  2.3E-01  1.1E+01  2.8846100E+05   396            l T

        Minor   QPmult   nInf   SumInf   rgNorm  Elastic QPobj    nS
          100 -1.2E+01                  7.4E-12  8.0957143E+03   495

 Major Minors     Step   nCon Feasible  Optimal  MeritFunction    nS Penalty
     4    100  1.0E+00      7  1.2E-01  4.7E+00 -8.0366303E+03   495          m   T
     5      3  1.0E+00      8  2.5E-02  3.4E+00  2.0514808E+03   497 2.8E+03
     6      1  1.0E+00     10  1.8E-03  3.5E+00  8.4629282E+01   497 6.9E+01  M
     7      1  1.0E+00     11  1.6E-05  2.1E+00  1.0170026E+02   497 1.7E+04
     8      1  1.0E+00     12  2.4E-05  1.7E+00  9.9615746E+01   497 3.3E+02
     9      1  1.0E+00     13  2.7E-03  1.1E+00  9.1010510E+01   497 8.5E+01

 Major Minors     Step   nCon Feasible  Optimal  MeritFunction    nS Penalty
    10      1  1.0E+00     14  4.4E-04  1.2E+00  8.9963686E+01   497 3.4E+02
    11      1  1.0E+00     15  1.1E-05  8.1E-01  8.7916114E+01   497 1.2E+02
    12      1  1.0E+00     16  3.3E-04  4.1E-01  8.3865137E+01   497 1.2E+02   R
    13      1  1.0E+00     17 (4.8E-07) 4.8E-01  8.3920197E+01   497 9.6E+03 s
    14      1  4.1E-01     18  2.5E-03  1.4E+00  6.1547894E+01   497 1.2E+03
    15      1  7.3E-02     19  2.7E-03  1.2E+00  5.5923979E+01   497 8.5E+02
    16      1  1.3E-01     20  1.2E-02  1.7E+00  4.5631785E+01   497 8.5E+02
    17      1  1.8E-02     21  1.2E-02  1.7E+00  4.3585677E+01   497 8.5E+02
    18      1  1.5E-02     22  1.2E-02  1.8E+00  4.2570653E+01   497 8.5E+02
    19      1  2.2E-02     23  1.2E-02  1.6E+00  4.0529932E+01   497 8.5E+02

 Major Minors     Step   nCon Feasible  Optimal  MeritFunction    nS Penalty
    20      1  1.5E-02     24  1.3E-02  2.7E+00  3.8817863E+01   497 8.5E+02
    21      1  2.4E-02     25  1.3E-02  2.4E+00  3.7081362E+01   497 8.5E+02
    22      1  3.4E-02     26  1.3E-02  2.5E+00  3.5234592E+01   497 8.5E+02
    23      1  4.0E-02     27  1.3E-02  1.1E+00  3.3328542E+01   497 8.5E+02   R
    24      1  1.0E+00     28  3.2E-03  9.8E-01  2.4656825E+01   497 8.5E+02 s
    25      1  2.1E-01     29  3.0E-03  1.5E+00  2.2716959E+01   497 8.5E+02
    26      1  9.9E-02     30  2.8E-03  8.7E-01  2.1502428E+01   497 8.5E+02
    27      1  4.3E-02     31  2.7E-03  1.2E+00  2.0858205E+01   497 8.5E+02
    28      1  6.4E-02     32  2.6E-03  9.8E-01  1.9862695E+01   497 8.5E+02
    29      1  4.4E-02     33  2.5E-03  1.3E+00  1.9124341E+01   497 8.5E+02

 Major Minors     Step   nCon Feasible  Optimal  MeritFunction    nS Penalty
    30      1  3.2E-02     34  2.5E-03  1.4E+00  1.8539895E+01   497 8.5E+02
    31      1  2.4E-02     35  2.4E-03  1.8E+00  1.8058718E+01   497 8.5E+02
    32      1  1.8E-02     36  2.4E-03  2.0E+00  1.7635052E+01   497 8.5E+02
    33      1  1.6E-02     37  2.4E-03  2.4E+00  1.7227346E+01   497 8.5E+02
    34      1  1.5E-02     38  2.4E-03  1.0E+00  1.6776767E+01   497 8.5E+02   R
    35      1  1.0E+00     39  1.9E-03  1.5E+00  1.4161433E+01   497 8.5E+02 s
    36      1  7.1E-03     40  2.2E-03  2.2E+00  1.3781936E+01   497 8.5E+02
    37      2  1.3E-03     42  2.5E-03  8.4E-01  1.3441968E+01   497 8.5E+02  m
    38      2  9.2E-05     43  2.9E-03  2.8E+00  1.3114458E+01   497 8.5E+02
    39      2  4.0E-04     44  3.3E-03  1.8E+00  1.2813875E+01   497 8.5E+02

 Major Minors     Step   nCon Feasible  Optimal  MeritFunction    nS Penalty
    40      2  3.5E-03     45  3.7E-03  1.6E+00  1.2474661E+01   497 8.5E+02
    41      2  5.1E-03     46  4.1E-03  1.2E+00  1.2159890E+01   497 8.5E+02
    42      2  1.0E-02     47  4.5E-03  1.3E+00  1.1785005E+01   497 8.5E+02
    43      2  1.9E-03     48  4.5E-03  1.6E+00  1.1699318E+01   497 8.5E+02
    44      2  9.5E-03     49  4.9E-03  7.9E-01  1.1311417E+01   497 8.5E+02
    45      1  1.2E-02     50  5.3E-03  1.2E+00  1.0982627E+01   497 8.5E+02   R
    46      1  1.0E+00     51  7.2E-04  1.0E+00  8.0870250E+00   497 8.5E+02 s
    47      1  7.8E-02     52  8.9E-04  9.8E-01  7.4506581E+00   497 8.5E+02
    48      1  4.8E-02     53  9.7E-04  1.0E+00  6.8190371E+00   497 8.5E+02
    49      1  9.9E-02     54  2.1E-03  1.0E+00  5.8335806E+00   497 8.5E+02

 Major Minors     Step   nCon Feasible  Optimal  MeritFunction    nS Penalty
    50      1  3.9E-02     55  2.2E-03  8.1E-01  5.4328281E+00   497 8.5E+02
    51      1  4.8E-02     56  2.4E-03  7.3E-01  4.9658717E+00   497 8.5E+02
    52      1  3.3E-02     57  2.4E-03  6.8E-01  4.6658146E+00   497 8.5E+02
    53      1  1.6E-02     58  2.4E-03  6.2E-01  4.5106675E+00   497 8.5E+02
    54      1  1.6E-02     59  2.4E-03  5.6E-01  4.3560237E+00   497 8.5E+02
    55      1  4.5E-02     60  2.5E-03  5.2E-01  3.9902432E+00   497 8.5E+02
    56      1  2.1E-02     61  2.5E-03  9.4E-01  3.8252463E+00   497 8.5E+02   R
    57      1  1.0E+00     62  5.0E-03  9.2E-01  3.4383586E+00   497 8.5E+02 s
    58      1  2.8E-01     63  2.1E-03  6.6E-01  2.3468570E+00   497 8.5E+02
    59      1  1.4E-01     64  2.0E-03  5.6E-01  2.1214496E+00   497 8.5E+02

 Major Minors     Step   nCon Feasible  Optimal  MeritFunction    nS Penalty
    60      1  3.5E-01     65  1.3E-03  5.2E-01  1.7002475E+00   497 8.5E+02
    61      1  4.2E-01     66  1.3E-03  4.7E-01  1.4000733E+00   497 8.5E+02
    62      1  4.5E-01     67  1.2E-03  4.3E-01  1.2012076E+00   497 8.5E+02
    63      1  4.8E-01     68  7.6E-04  4.2E-01  1.0878745E+00   497 8.5E+02
    64      1  1.0E+00     69  2.4E-04  4.0E-01  1.0014608E+00   497 8.5E+02
    65      1  1.0E+00     70  4.7E-04  3.3E-01  9.8557180E-01   497 8.5E+02
    66      1  1.0E+00     71  2.0E-04  2.7E-01  9.2787100E-01   497 8.5E+02
    67      1  4.5E-01     72  1.6E-04  2.7E-01  8.9654233E-01   497 8.5E+02   R
    68      1  4.7E-01     73  7.2E-05  2.6E-01  8.7791486E-01   497 8.5E+02 s
    69      1  1.0E+00     74  5.5E-06  2.3E-01  8.6439193E-01   497 8.5E+02

 Major Minors     Step   nCon Feasible  Optimal  MeritFunction    nS Penalty
    70      1  1.0E+00     75  8.5E-05  1.5E-01  8.2315050E-01   497 8.5E+02
    71      1  1.0E+00     76  8.4E-05  8.3E-02  7.9296497E-01   497 8.5E+02
    72      1  1.0E+00     77  6.6E-05  3.4E-02  7.7133125E-01   497 8.5E+02
    73      1  1.0E+00     78  2.5E-05  3.1E-02  7.6200971E-01   497 8.5E+02
    74      1  1.0E+00     79  1.3E-05  2.3E-02  7.5892199E-01   497 8.5E+02
    75      1  1.0E+00     80  5.7E-06  1.6E-02  7.5736518E-01   497 8.5E+02
    76      1  1.0E+00     81  2.1E-06  9.5E-03  7.5617397E-01   497 8.5E+02
    77      1  1.0E+00     82  3.5E-06  4.5E-03  7.5512762E-01   497 8.5E+02
    78      1  1.0E+00     83  2.0E-06  2.9E-03  7.5459043E-01   497 8.5E+02   R
    79      1  1.0E+00     84 (4.3E-07) 2.4E-03  7.5440843E-01   497 8.5E+02 s

 Major Minors     Step   nCon Feasible  Optimal  MeritFunction    nS Penalty
    80      1  1.0E+00     85 (2.6E-07) 2.4E-03  7.5425809E-01   497 8.5E+02
    81      1  1.0E+00     86 (2.1E-07) 2.3E-03  7.5414948E-01   497 8.5E+02
    82      1  1.0E+00     87 (3.9E-07) 2.1E-03  7.5403644E-01   497 8.5E+02
    83      1  1.0E+00     88 (4.4E-07) 1.8E-03  7.5392275E-01   497 8.5E+02
    84      1  1.0E+00     89 (3.7E-07) 1.5E-03  7.5381871E-01   497 8.5E+02
    85      1  1.0E+00     90 (2.2E-07) 1.7E-03  7.5374364E-01   497 8.5E+02
    86      1  1.0E+00     91 (1.3E-07) 2.1E-03  7.5369468E-01   497 8.5E+02
    87      1  1.0E+00     92 (7.8E-08) 2.1E-03  7.5366180E-01   497 8.5E+02
    88      1  1.0E+00     93 (5.0E-08) 1.8E-03  7.5363406E-01   497 8.5E+02
    89      1  1.0E+00     94 (2.6E-08) 1.8E-03  7.5360809E-01   497 8.5E+02   R

 Major Minors     Step   nCon Feasible  Optimal  MeritFunction    nS Penalty
    90      1  1.0E+00     95 (1.7E-08) 1.3E-03  7.5359532E-01   497 8.5E+02 s
    91      1  1.0E+00     96 (6.2E-08) 9.0E-04  7.5358735E-01   497 8.5E+02
    92      1  1.0E+00     97 (3.6E-08) 4.9E-04  7.5357039E-01   497 8.5E+02
    93      1  1.0E+00     98 (1.3E-08) 5.9E-04  7.5356564E-01   497 8.5E+02
    94      1  1.0E+00     99 (1.0E-08) 4.1E-04  7.5355464E-01   497 8.5E+02
    95      1  1.0E+00    100 (1.5E-08) 3.5E-04  7.5354891E-01   497 8.5E+02
    96      1  4.6E-01    101 (1.1E-08) 3.3E-04  7.5354645E-01   497 8.5E+02
    97      1  1.0E+00    102 (2.0E-09) 2.7E-04  7.5354509E-01   497 8.5E+02
    98      1  1.0E+00    103 (4.9E-09) 2.0E-04  7.5354398E-01   497 8.5E+02
    99      1  1.0E+00    104 (1.0E-09) 1.2E-04  7.5354296E-01   497 8.5E+02

 Major Minors     Step   nCon Feasible  Optimal  MeritFunction    nS Penalty
   100      1  1.0E+00    105 (1.0E-09) 1.4E-04  7.5354246E-01   497 8.5E+02   R
   101      1  4.2E-01    106 (6.4E-10) 1.3E-04  7.5354215E-01   497 8.5E+02 s
   102      1  1.0E+00    107 (2.7E-11) 1.1E-04  7.5354209E-01   497 8.5E+02
   103      1  1.0E+00    108 (1.2E-10) 8.8E-05  7.5354196E-01   497 8.5E+02
   104      1  1.0E+00    109 (6.0E-11) 7.0E-05  7.5354187E-01   497 8.5E+02
   105      1  1.0E+00    110 (1.4E-10) 4.3E-05  7.5354177E-01   497 8.5E+02
   106      1  1.0E+00    111 (7.3E-11) 2.4E-05  7.5354170E-01   497 8.5E+02
   107      1  1.0E+00    112 (3.9E-11) 2.9E-05  7.5354165E-01   497 8.5E+02
   108      1  1.0E+00    113 (1.5E-11) 3.5E-05  7.5354161E-01   497 8.5E+02
   109      1  1.0E+00    114 (1.8E-11) 4.4E-05  7.5354158E-01   497 8.5E+02

 Major Minors     Step   nCon Feasible  Optimal  MeritFunction    nS Penalty
   110      1  1.0E+00    115 (1.8E-11) 4.9E-05  7.5354156E-01   497 8.5E+02
   111      1  1.0E+00    116 (1.4E-11) 5.0E-05  7.5354154E-01   497 8.5E+02   R
   112      1  1.0E+00    117 (1.6E-12) 4.0E-05  7.5354154E-01   497 8.5E+02 s
   113      1  1.0E+00    118 (5.3E-11) 2.9E-05  7.5354153E-01   497 8.5E+02
   114      1  1.0E+00    119 (7.8E-11) 3.7E-05  7.5354152E-01   497 8.5E+02
   115      1  1.0E+00    120 (9.6E-12) 2.0E-05  7.5354151E-01   497 8.5E+02
   116      1  4.2E-01    121 (1.4E-11) 1.2E-05  7.5354151E-01   497 8.5E+02
   117      1  1.0E+00    122 (1.6E-11) 7.7E-06  7.5354150E-01   497 8.5E+02
   118      1  1.0E+00    123 (3.6E-11) 1.9E-05  7.5354150E-01   497 8.5E+02
   119      1  1.0E+00    124 (2.9E-11) 1.1E-05  7.5354150E-01   497 8.5E+02

 Major Minors     Step   nCon Feasible  Optimal  MeritFunction    nS Penalty
   120      1  1.0E+00    125 (1.4E-11) 5.1E-06  7.5354150E-01   497 8.5E+02
   121      1  1.0E+00    126 (3.7E-12) 6.0E-06  7.5354150E-01   497 8.5E+02
   122      1  1.0E+00    127 (2.9E-12) 6.9E-06  7.5354150E-01   497 8.5E+02   R
   123      1  3.3E-01    128 (2.2E-12) 6.2E-06  7.5354150E-01   497 8.5E+02 s
   124      1  1.0E+00    129 (1.5E-13) 5.7E-06  7.5354150E-01   497 8.5E+02
   125      1  1.0E+00    130 (8.4E-14) 4.6E-06  7.5354150E-01   497 8.5E+02
   126      1  1.0E+00    131 (2.8E-13) 2.5E-06  7.5354150E-01   497 8.5E+02
   127      1  1.0E+00    132 (4.7E-13)(1.6E-06) 7.5354150E-01   497 8.5E+02
 
 SNOPTA EXIT   0 -- finished successfully
 SNOPTA INFO   1 -- optimality conditions satisfied

 Problem name
 No. of iterations                 657   Objective value      7.5354149508E-01
 No. of major iterations           127   Linear objective     0.0000000000E+00
 Penalty parameter           8.464E+02   Nonlinear objective  7.5354149508E-01
 No. of calls to funobj          71672   No. of calls to funcon          71672
 Calls with modes 1,2 (known g)    132   Calls with modes 1,2 (known g)    132
 Calls for forward differencing  71280   Calls for forward differencing  71280
 Calls for central differencing      0   Calls for central differencing      0
 No. of superbasics                497   No. of basic nonlinears            33
 No. of degenerate steps             8   Percentage                       1.22
 Max x                      28 1.0E+01   Max pi                      2 1.3E+00
 Max Primal infeas           0 0.0E+00   Max Dual infeas            33 3.6E-06
 Nonlinear constraint violn    7.8E-12

 Solution not printed
