
 
 ===>  WARNING - variable     1003 has no Jacobian entries.
 ===>  WARNING - variable     1004 has no Jacobian entries.
 ===>  WARNING - variable     1005 has no Jacobian entries.
 

 Nonlinear constraints       3     Linear constraints       0
 Nonlinear variables      1002     Linear variables         3
 Jacobian  variables      1002     Objective variables   1002
 Total constraints           3     Total variables       1005
 

 
 The user has defined       0   out of    4008   first  derivatives
 XXX  Some first  derivatives are missing --- derivative level reduced to 0
 

 Major Minors     Step   nCon Feasible  Optimal  MeritFunction    nS Penalty
     0     99               1 (0.0E+00) 1.4E+00  1.9904375E+02    99           r  T

        Minor   QPmult   nInf   SumInf   rgNorm    QPobjective    nS cgItns
          100 -1.6E+00                  1.1E-47 -2.5299438E+02   198

 Major Minors     Step   nCon Feasible  Optimal  MeritFunction    nS Penalty
     1    100  1.5E-01      2 (0.0E+00) 1.4E+00  1.2477429E+02   198         n rl T

        Minor   QPmult   nInf   SumInf   rgNorm    QPobjective    nS cgItns
          100 -2.2E-01                  2.8E-17  8.1170431E+00   297

 Major Minors     Step   nCon Feasible  Optimal  MeritFunction    nS Penalty
     2    100  8.2E-02      3 (0.0E+00) 9.4E-01  7.1125759E+01   297         s  l T

        Minor   QPmult   nInf   SumInf   rgNorm    QPobjective    nS cgItns
          100 -3.3E-02                  6.9E-18 -2.5038940E+01   396

 Major Minors     Step   nCon Feasible  Optimal  MeritFunction    nS Penalty
     3    100  1.0E+00      4 (0.0E+00) 1.3E+00  1.3618919E+01   396              T
     4      5  7.5E-02      5 (0.0E+00) 2.1E-01  1.1057810E+01   400
     5      1  1.0E+00      6 (0.0E+00) 1.2E-01  7.5401222E+00   400
     6      1  1.0E+00      7 (0.0E+00) 9.7E-02  2.3192608E+00   400
     7      1  1.0E+00      8 (0.0E+00) 1.6E-01  1.3538500E+00   400           R
     8      1  5.1E-02      9 (0.0E+00) 6.6E-02  1.3138683E+00   400         s
     9      1  1.0E+00     10 (0.0E+00) 6.3E-02  1.2971473E+00   400

 Major Minors     Step   nCon Feasible  Optimal  MeritFunction    nS Penalty
    10      1  1.0E+00     11 (0.0E+00) 2.6E-02  1.1772169E+00   400
    11      1  1.0E+00     12 (0.0E+00) 2.5E-02  1.1750920E+00   400
    12      1  1.0E+00     13 (0.0E+00) 2.8E-02  1.0875122E+00   400
    13      1  1.0E+00     14 (0.0E+00) 2.8E-02  1.0740296E+00   400           R
    14      1  1.0E+00     15 (0.0E+00) 2.6E-02  1.0693222E+00   400         s
    15      1  7.8E-02     16 (0.0E+00) 9.8E-02  1.0392721E+00   400
    16      1  1.0E+00     17 (0.0E+00) 1.9E-02  9.8655668E-01   400
    17      1  1.0E+00     18 (0.0E+00) 2.0E-02  9.6862326E-01   400
    18      1  1.0E+00     19 (0.0E+00) 3.5E-02  8.2532506E-01   400
    19      1  1.0E+00     20 (0.0E+00) 1.3E-02  8.1399681E-01   400           R

 Major Minors     Step   nCon Feasible  Optimal  MeritFunction    nS Penalty
    20      1  7.5E-02     21 (0.0E+00) 1.3E-02  8.1361700E-01   400         s
    21      1  1.0E+00     22 (0.0E+00) 1.3E-02  8.1322217E-01   400
    22      1  1.0E+00     23 (0.0E+00) 1.0E-02  8.0374474E-01   400
    23      1  1.0E+00     24 (0.0E+00) 1.1E-02  8.0280731E-01   400
    24      1  1.0E+00     25 (0.0E+00) 1.3E-02  7.8747676E-01   400
    25      1  1.0E+00     26 (0.0E+00) 9.4E-03  7.8101950E-01   400           R
    26      1  1.0E+00     27 (0.0E+00) 1.3E-02  7.8046349E-01   400         s
    27      1  2.7E-01     28 (0.0E+00) 1.6E-02  7.7708885E-01   400
    28      1  1.0E+00     29 (0.0E+00) 6.9E-03  7.7581814E-01   400
    29      1  1.0E+00     30 (0.0E+00) 7.7E-03  7.7537898E-01   400

 Major Minors     Step   nCon Feasible  Optimal  MeritFunction    nS Penalty
    30      1  1.0E+00     31 (0.0E+00) 7.1E-03  7.7227416E-01   400
    31      1  1.0E+00     32 (0.0E+00) 7.0E-03  7.7034127E-01   400           R
    32      1  1.8E-01     33 (0.0E+00) 1.2E-02  7.7004902E-01   400         s
    33      1  1.0E+00     34 (0.0E+00) 1.1E-02  7.6967167E-01   400
    34      1  1.0E+00     35 (0.0E+00) 3.9E-03  7.6839415E-01   400
    35      1  1.0E+00     36 (0.0E+00) 4.0E-03  7.6835900E-01   400
    36      1  1.0E+00     37 (0.0E+00) 5.5E-03  7.6766667E-01   400
    37      1  1.0E+00     38 (0.0E+00) 5.7E-03  7.6748025E-01   400           R
    38      1  1.0E+00     39 (0.0E+00) 5.2E-03  7.6740152E-01   400         s
    39      1  5.7E-02     40 (0.0E+00) 1.2E-02  7.6727394E-01   400

 Major Minors     Step   nCon Feasible  Optimal  MeritFunction    nS Penalty
    40      1  1.0E+00     41 (0.0E+00) 5.6E-03  7.6633858E-01   400
    41      1  1.0E+00     42 (0.0E+00) 3.6E-03  7.6585591E-01   400
    42      1  1.0E+00     43 (0.0E+00) 9.0E-03  7.6329986E-01   400
    43      1  1.0E+00     44 (0.0E+00) 9.9E-03  7.6139631E-01   400           R
    44      1  5.2E-02     45 (0.0E+00) 3.4E-03  7.6130815E-01   400         s
    45      1  1.0E+00     46 (0.0E+00) 3.3E-03  7.6125845E-01   400
    46      1  1.0E+00     47 (0.0E+00) 1.8E-03  7.6092491E-01   400
    47      1  1.0E+00     48 (0.0E+00) 1.8E-03  7.6092209E-01   400
    48      1  1.0E+00     49 (0.0E+00) 2.6E-03  7.6083128E-01   400
    49      1  1.0E+00     50 (0.0E+00) 2.8E-03  7.6082202E-01   400           R

 Major Minors     Step   nCon Feasible  Optimal  MeritFunction    nS Penalty
    50      1  1.0E+00     51 (0.0E+00) 2.7E-03  7.6081377E-01   400         s
    51      1  4.9E-01     52 (0.0E+00) 5.4E-03  7.6077197E-01   400
    52      1  1.1E-01     53 (0.0E+00) 1.3E-03  7.6071297E-01   400
    53      1  1.0E+00     54 (0.0E+00) 1.2E-03  7.6067701E-01   400
    54      1  1.0E+00     55 (0.0E+00) 1.1E-03  7.5994771E-01   400
    55      1  1.0E+00     56 (0.0E+00) 7.7E-04  7.5992442E-01   400           R
    56      1  1.0E+00     57 (0.0E+00) 8.1E-04  7.5990734E-01   400         s
    57      1  8.4E-03     58 (0.0E+00) 2.3E-03  7.5989841E-01   400
    58      1  2.8E-01     59 (0.0E+00) 1.2E-03  7.5986816E-01   400
    59      1  4.7E-01     60 (0.0E+00) 5.8E-04  7.5981723E-01   400

 Major Minors     Step   nCon Feasible  Optimal  MeritFunction    nS Penalty
    60      1  2.8E-01     61 (0.0E+00) 9.3E-04  7.5981170E-01   400
    61      1  1.0E+00     62 (0.0E+00) 7.0E-04  7.5979028E-01   400           R
    62      1  2.3E-02     63 (0.0E+00) 3.8E-04  7.5979004E-01   400         s
    63      1  1.0E+00     64 (0.0E+00) 3.9E-04  7.5978962E-01   400
    64      1  1.0E+00     65 (0.0E+00) 4.5E-04  7.5978756E-01   400
    65      1  1.0E+00     66 (0.0E+00) 4.5E-04  7.5978732E-01   400
    66      1  1.0E+00     67 (0.0E+00) 3.6E-04  7.5978306E-01   400
    67      1  1.0E+00     68 (0.0E+00) 3.0E-04  7.5977980E-01   400           R
    68      1  1.0E+00     69 (0.0E+00) 5.2E-04  7.5977926E-01   400         s
    69      1  1.0E+00     70 (0.0E+00) 3.6E-04  7.5977664E-01   400

 Major Minors     Step   nCon Feasible  Optimal  MeritFunction    nS Penalty
    70      1  1.0E+00     71 (0.0E+00) 3.3E-04  7.5977628E-01   400
    71      1  1.0E+00     72 (0.0E+00) 4.1E-04  7.5977596E-01   400
    72      1  1.0E+00     73 (0.0E+00) 5.9E-04  7.5977480E-01   400
    73      1  1.0E+00     74 (0.0E+00) 7.0E-04  7.5977312E-01   400           R
    74      1  3.9E-01     75 (0.0E+00) 3.3E-04  7.5977282E-01   400         s
    75      1  1.0E+00     76 (0.0E+00) 3.3E-04  7.5977249E-01   400
    76      1  1.0E+00     77 (0.0E+00) 3.5E-04  7.5977116E-01   400
    77      1  1.0E+00     78 (0.0E+00) 3.5E-04  7.5977111E-01   400
    78      1  1.0E+00     79 (0.0E+00) 2.4E-04  7.5976822E-01   400
    79      1  1.0E+00     80 (0.0E+00) 2.9E-04  7.5976581E-01   400           R

 Major Minors     Step   nCon Feasible  Optimal  MeritFunction    nS Penalty
    80      1  1.0E+00     81 (0.0E+00) 4.5E-04  7.5976547E-01   400         s
    81      1  1.0E+00     82 (0.0E+00) 3.6E-04  7.5976366E-01   400
    82      1  1.0E+00     83 (0.0E+00) 2.6E-04  7.5976322E-01   400
    83      1  1.0E+00     84 (0.0E+00) 3.2E-04  7.5976300E-01   400
    84      1  1.0E+00     85 (0.0E+00) 4.8E-04  7.5976206E-01   400
    85      1  1.0E+00     86 (0.0E+00) 5.1E-04  7.5976113E-01   400           R
    86      1  4.5E-01     87 (0.0E+00) 2.4E-04  7.5976098E-01   400         s
    87      1  1.0E+00     88 (0.0E+00) 2.5E-04  7.5976079E-01   400
    88      1  1.0E+00     89 (0.0E+00) 2.8E-04  7.5976005E-01   400
    89      1  1.0E+00     90 (0.0E+00) 2.7E-04  7.5976000E-01   400

 Major Minors     Step   nCon Feasible  Optimal  MeritFunction    nS Penalty
    90      1  1.0E+00     91 (0.0E+00) 2.0E-04  7.5975824E-01   400
    91      1  1.0E+00     92 (0.0E+00) 2.3E-04  7.5975645E-01   400           R
    92      1  1.0E+00     93 (0.0E+00) 3.9E-04  7.5975616E-01   400         s
    93      1  1.0E+00     94 (0.0E+00) 3.2E-04  7.5975483E-01   400
    94      1  1.0E+00     95 (0.0E+00) 1.8E-04  7.5975447E-01   400
    95      1  1.0E+00     96 (0.0E+00) 2.2E-04  7.5975437E-01   400
    96      1  1.0E+00     97 (0.0E+00) 3.7E-04  7.5975370E-01   400
    97      1  1.0E+00     98 (0.0E+00) 4.1E-04  7.5975308E-01   400           R
    98      1  4.2E-01     99 (0.0E+00) 1.8E-04  7.5975296E-01   400         s
    99      1  1.0E+00    100 (0.0E+00) 1.8E-04  7.5975286E-01   400

 Major Minors     Step   nCon Feasible  Optimal  MeritFunction    nS Penalty
   100      1  1.0E+00    101 (0.0E+00) 2.1E-04  7.5975233E-01   400
   101      1  1.0E+00    102 (0.0E+00) 2.1E-04  7.5975231E-01   400
   102      1  1.0E+00    103 (0.0E+00) 1.6E-04  7.5975116E-01   400
   103      1  1.0E+00    104 (0.0E+00) 2.3E-04  7.5975019E-01   400           R
   104      1  1.0E+00    105 (0.0E+00) 3.0E-04  7.5975001E-01   400         s
   105      1  1.0E+00    106 (0.0E+00) 4.4E-04  7.5974928E-01   400
   106      1  1.0E+00    107 (0.0E+00) 1.3E-04  7.5974886E-01   400
   107      1  1.0E+00    108 (0.0E+00) 1.6E-04  7.5974875E-01   400
   108      1  1.0E+00    109 (0.0E+00) 2.7E-04  7.5974804E-01   400
   109      1  1.0E+00    110 (0.0E+00) 2.6E-04  7.5974755E-01   400           R

 Major Minors     Step   nCon Feasible  Optimal  MeritFunction    nS Penalty
   110      1  3.4E-01    111 (0.0E+00) 1.9E-04  7.5974747E-01   400         s
   111      1  1.0E+00    112 (0.0E+00) 1.8E-04  7.5974735E-01   400
   112      1  1.0E+00    113 (0.0E+00) 1.9E-04  7.5974709E-01   400
   113      1  1.0E+00    114 (0.0E+00) 1.9E-04  7.5974706E-01   400
   114      1  1.0E+00    115 (0.0E+00) 1.6E-04  7.5974649E-01   400
   115      1  1.0E+00    116 (0.0E+00) 1.2E-04  7.5974601E-01   400           R
   116      1  1.0E+00    117 (0.0E+00) 2.4E-04  7.5974591E-01   400         s
   117      1  1.0E+00    118 (0.0E+00) 1.9E-04  7.5974564E-01   400
   118      1  1.0E+00    119 (0.0E+00) 1.4E-04  7.5974547E-01   400
   119      1  1.0E+00    120 (0.0E+00) 1.6E-04  7.5974543E-01   400

 Major Minors     Step   nCon Feasible  Optimal  MeritFunction    nS Penalty
   120      1  1.0E+00    121 (0.0E+00) 2.5E-04  7.5974511E-01   400
   121      1  1.0E+00    122 (0.0E+00) 2.5E-04  7.5974480E-01   400           R
   122      1  1.0E+00    123 (0.0E+00) 2.4E-04  7.5974478E-01   400         s
   123      1  1.0E+00    124 (0.0E+00) 1.1E-04  7.5974467E-01   400
   124      1  1.0E+00    125 (0.0E+00) 1.5E-04  7.5974458E-01   400
   125      1  1.0E+00    126 (0.0E+00) 1.6E-04  7.5974446E-01   400
   126      1  1.0E+00    127 (0.0E+00) 1.0E-04  7.5974441E-01   400
   127      1  1.0E+00    128 (0.0E+00) 1.5E-04  7.5974438E-01   400           R
   128      1  1.0E+00    129 (0.0E+00) 1.5E-04  7.5974436E-01   400         s
   129      1  6.4E-02    130 (0.0E+00) 1.9E-04  7.5974431E-01   400

 Major Minors     Step   nCon Feasible  Optimal  MeritFunction    nS Penalty
   130      1  1.0E+00    131 (0.0E+00) 1.3E-04  7.5974365E-01   400
   131      1  1.0E+00    132 (0.0E+00) 1.2E-04  7.5974299E-01   400
   132      1  1.0E+00    133 (0.0E+00) 1.2E-04  7.5973985E-01   400
   133      1  1.0E+00    134 (0.0E+00) 1.0E-04  7.5973886E-01   400           R
   134      1  1.0E-01    135 (0.0E+00) 2.4E-04  7.5973881E-01   400         s
   135      1  1.0E+00    136 (0.0E+00) 2.0E-04  7.5973867E-01   400
   136      1  1.0E+00    137 (0.0E+00) 5.2E-05  7.5973830E-01   400
   137      1  1.0E+00    138 (0.0E+00) 4.8E-05  7.5973826E-01   400
   138      1  1.0E+00    139 (0.0E+00) 4.0E-05  7.5973811E-01   400
   139      1  1.0E+00    140 (0.0E+00) 5.0E-05  7.5973810E-01   400           R

 Major Minors     Step   nCon Feasible  Optimal  MeritFunction    nS Penalty
   140      1  1.0E+00    141 (0.0E+00) 5.8E-05  7.5973809E-01   400         s
   141      1  2.5E-01    142 (0.0E+00) 8.0E-05  7.5973807E-01   400
   142      1  1.0E+00    143 (0.0E+00) 4.1E-05  7.5973805E-01   400
   143      1  1.0E+00    144 (0.0E+00) 1.0E-04  7.5973796E-01   400
   144      1  1.0E+00    145 (0.0E+00) 1.4E-04  7.5973786E-01   400
   145      1  1.0E+00    146 (0.0E+00) 1.1E-04  7.5973776E-01   400           R
   146      1  7.9E-02    147 (0.0E+00) 2.3E-05  7.5973774E-01   400         s
   147      1  1.0E+00    148 (0.0E+00) 2.3E-05  7.5973774E-01   400
   148      1  1.0E+00    149 (0.0E+00) 3.3E-05  7.5973766E-01   400
   149      1  1.0E+00    150 (0.0E+00) 3.2E-05  7.5973766E-01   400

 Major Minors     Step   nCon Feasible  Optimal  MeritFunction    nS Penalty
   150      1  1.0E+00    151 (0.0E+00) 2.2E-05  7.5973764E-01   400
   151      1  1.0E+00    152 (0.0E+00) 2.3E-05  7.5973764E-01   400           R
   151      2  1.0E+00    152 (0.0E+00) 2.3E-05  7.5973764E-01   400           R   c
   152      1  1.0E+00    153 (0.0E+00) 2.3E-05  7.5973764E-01   400         s
   153      1  4.8E-02    154 (0.0E+00) 5.7E-05  7.5973763E-01   400
   154      1  5.9E-02    155 (0.0E+00) 4.1E-05  7.5973760E-01   400
   155      1  3.9E-01    156 (0.0E+00) 1.9E-05  7.5973756E-01   400
   156      1  3.2E-01    157 (0.0E+00) 1.7E-05  7.5973750E-01   400
   157      1  1.0E+00    158 (0.0E+00) 8.5E-06  7.5973747E-01   400           R
   158      1  8.3E-02    159 (0.0E+00) 2.3E-05  7.5973747E-01   400         s
   159      1  2.8E-01    160 (0.0E+00) 1.1E-05  7.5973747E-01   400
   159      2  1.0E+00    160 (0.0E+00) 1.1E-05  7.5973747E-01   400               c

 Major Minors     Step   nCon Feasible  Optimal  MeritFunction    nS Penalty
   160      1  1.0E+00    161 (0.0E+00) 1.0E-05  7.5973747E-01   400
   161      1  1.0E+00    162 (0.0E+00) 1.1E-05  7.5973746E-01   400
   162      1  1.0E+00    163 (0.0E+00) 1.1E-05  7.5973746E-01   400
   163      1  1.0E+00    164 (0.0E+00) 8.0E-06  7.5973746E-01   400           R
   163      2  1.0E+00    164 (0.0E+00) 7.8E-06  7.5973746E-01   400           R   c
   164      1  1.0E+00    165 (0.0E+00) 7.2E-06  7.5973746E-01   400         s     c
   165      1  2.4E-01    166 (0.0E+00) 1.9E-05  7.5973746E-01   400
   166      1  2.1E-02    167 (0.0E+00) 9.5E-06  7.5973746E-01   400
   167      1  4.2E-01    168 (0.0E+00) 6.0E-06  7.5973746E-01   400
   168      1  4.2E-01    169 (0.0E+00) 6.2E-06  7.5973746E-01   400
   169      1  1.0E+00    170 (0.0E+00) 4.5E-06  7.5973746E-01   400           R

 Major Minors     Step   nCon Feasible  Optimal  MeritFunction    nS Penalty
   170      1  2.4E-01    171 (0.0E+00) 6.6E-06  7.5973746E-01   400         s
   171      1  1.0E-01    172 (0.0E+00) 4.2E-06  7.5973746E-01   400
   171      2  1.0E+00    172 (0.0E+00) 4.0E-06  7.5973746E-01   400               c
   172      1  1.0E+00    173 (0.0E+00) 4.2E-06  7.5973746E-01   400               c
   173      1  1.0E+00    174 (0.0E+00) 5.0E-06  7.5973746E-01   400               c
   174      1  1.0E+00    175 (0.0E+00) 5.3E-06  7.5973746E-01   400               c
   175      1  1.0E+00    176 (0.0E+00) 5.1E-06  7.5973745E-01   400           R   c
   176      1  1.0E+00    177 (0.0E+00) 6.5E-06  7.5973745E-01   400         s     c
   177      1  4.7E-02    178 (0.0E+00) 4.7E-06  7.5973745E-01   400               c
   178      1  1.0E+00    179 (0.0E+00) 5.3E-06  7.5973745E-01   400               c
   179      1  1.0E+00    180 (0.0E+00) 2.9E-06  7.5973745E-01   400               c

 Major Minors     Step   nCon Feasible  Optimal  MeritFunction    nS Penalty
   180      1  1.0E+00    181 (0.0E+00) 2.6E-06  7.5973745E-01   400               c
   181      1  1.0E+00    182 (0.0E+00) 2.7E-06  7.5973745E-01   400           R   c
   182      1  6.5E-02    183 (0.0E+00) 4.0E-06  7.5973745E-01   400         s     c
   183      1  1.0E+00    184 (0.0E+00) 3.7E-06  7.5973745E-01   400               c
   184      1  1.0E+00    185 (0.0E+00) 2.4E-06  7.5973745E-01   400               c
   185      1  1.0E+00    186 (0.0E+00) 2.4E-06  7.5973745E-01   400               c
   186      1  1.0E+00    187 (0.0E+00) 3.1E-06  7.5973745E-01   400               c
   187      1  1.0E+00    188 (0.0E+00) 2.9E-06  7.5973745E-01   400           R   c
   188      1  1.0E+00    189 (0.0E+00) 3.6E-06  7.5973745E-01   400         s     c
   189      1  1.0E+00    190 (0.0E+00) 3.8E-06  7.5973745E-01   400               c

 Major Minors     Step   nCon Feasible  Optimal  MeritFunction    nS Penalty
   190      1  1.0E+00    191 (0.0E+00) 3.6E-06  7.5973745E-01   400               c
   191      1  1.0E+00    192 (0.0E+00) 2.8E-06  7.5973745E-01   400               c
   192      1  1.0E+00    193 (0.0E+00) 2.3E-06  7.5973745E-01   400               c
   193      1  1.0E+00    194 (0.0E+00) 2.1E-06  7.5973745E-01   400           R   c
   194      1  1.0E+00    195 (0.0E+00) 2.7E-06  7.5973745E-01   400         s     c
   195      1  3.6E-01    196 (0.0E+00) 2.6E-06  7.5973745E-01   400               c
   196      1  1.0E+00    197 (0.0E+00) 3.2E-06  7.5973745E-01   400               c
   197      1  1.0E+00    198 (0.0E+00) 4.0E-06  7.5973745E-01   400               c
   198      1  1.0E+00    199 (0.0E+00) 6.0E-06  7.5973745E-01   400               c
   199      1  1.0E+00    200 (0.0E+00) 7.9E-06  7.5973745E-01   400           R   c

 Major Minors     Step   nCon Feasible  Optimal  MeritFunction    nS Penalty
   200      1  8.2E-02    201 (0.0E+00)(1.7E-06) 7.5973745E-01   400         s     c
 
 SNOPTA EXIT   0 -- finished successfully
 SNOPTA INFO   1 -- optimality conditions satisfied

 Problem name
 No. of iterations                 604   Objective value      7.5973745257E-01
 No. of major iterations           200   Linear objective     0.0000000000E+00
 Penalty parameter           0.000E+00   Nonlinear objective  7.5973745257E-01
 No. of calls to funobj         242996   No. of calls to funcon         242996
 Calls with modes 1,2 (known g)    201   Calls with modes 1,2 (known g)    201
 Calls for forward differencing 168336   Calls for forward differencing 168336
 Calls for central differencing  74148   Calls for central differencing  74148
 No. of superbasics                400   No. of basic nonlinears             0
 No. of degenerate steps             0   Percentage                        .00
 Max x       (scaled)      502 1.4E+00   Max pi      (scaled)        1 0.0E+00
 Max x                     502 1.4E+00   Max pi                      1 0.0E+00
 Max Prim inf(scaled)        0 0.0E+00   Max Dual inf(scaled)      509 3.4E-06
 Max Primal infeas           0 0.0E+00   Max Dual infeas           509 3.4E-06
 Nonlinear constraint violn    0.0E+00

 Solution not printed
