 

 Nonlinear constraints     609     Linear constraints       0
 Nonlinear variables      1005     Linear variables         0
 Jacobian  variables      1005     Objective variables   1005
 Total constraints         609     Total variables       1005
 

 
 The user has defined  613050   out of  613050   first  derivatives
 

        Minor  RedCost   nInf   SumInf   rgNorm    LPobjective
          100 -3.6E+00      2  1.1E+01
          200 -5.1E-01      2  1.0E+00  1.0E-14  3.4027941E+04    76

 Major Minors     Step   nCon Feasible  Optimal  MeritFunction    nS Penalty
     0    223               1  2.5E-01  1.0E+00  3.8726755E+05    99           r iT

        Minor   QPmult   nInf   SumInf   rgNorm  Elastic QPobj    nS cgItns
          100 -2.3E+01      1  7.4E-01  3.6E-12  1.5216672E+05   194

 Major Minors     Step   nCon Feasible  Optimal  MeritFunction    nS Penalty
     1    104  3.2E-02      2  2.4E-01  2.8E-01  3.7598469E+05   198         n rliT

        Minor   QPmult   nInf   SumInf   rgNorm  Elastic QPobj    nS cgItns
          100 -1.5E+00                  1.4E-10  1.2335124E+04   290

 Major Minors     Step   nCon Feasible  Optimal  MeritFunction    nS Penalty
     2    107  3.9E-02      4  2.3E-01  1.3E+01  3.6196839E+05   297         sm l T
     3     99  1.0E+00      6  1.3E-01  1.9E-01  1.3762416E+02   394          m
     4      2  1.0E+00      7  4.6E-02  2.7E-01  1.7860952E+02   395 6.8E+00
     5      2  1.0E+00      8  4.7E-03  9.3E-02  1.5746324E+02   396 2.3E+01
     6      1  1.0E+00      9  5.5E-05  4.1E-01  1.5379495E+02   396 2.9E+01
     7      1  1.0E+00     10  5.1E-03  2.7E-01  1.1136039E+02   396 1.9E+01   R
     8      1  1.0E+00     11  8.5E-06  3.4E-01  1.0635803E+02   396 1.9E+01 s
     9      2  5.9E-01     13  4.2E-02  3.5E-01  3.8808841E+01   396 1.9E+01

 Major Minors     Step   nCon Feasible  Optimal  MeritFunction    nS Penalty
    10      1  1.0E+00     14  1.3E-02  4.7E-01  2.0018132E+01   396 1.9E+01
    11      1  1.0E+00     15  7.9E-03  4.6E-01  1.5625316E+01   396 1.9E+01
    12      1  1.0E+00     16  4.1E-03  4.3E-01  1.3055746E+01   396 1.9E+01
    13      1  1.0E+00     17  7.2E-03  4.8E-01  1.1769426E+01   396 1.9E+01   R
    14      1  1.0E+00     18  1.1E-03  4.1E-01  1.0297842E+01   396 1.9E+01 s
    15      1  1.0E+00     19  5.8E-03  4.0E-01  8.7837422E+00   396 1.9E+01
    16      1  3.6E-01     21  8.4E-03  3.8E-01  7.7799815E+00   396 1.9E+01
    17      1  2.8E-02     23  8.3E-03  2.7E-01  7.4521951E+00   396 1.9E+01
    18      1  1.0E-02     25  8.3E-03  3.1E-01  7.2800187E+00   396 1.9E+01
    19      1  9.1E-03     27  8.2E-03  4.4E-01  7.1065967E+00   396 1.9E+01   R

 Major Minors     Step   nCon Feasible  Optimal  MeritFunction    nS Penalty
    20      1  1.0E+00     28  4.2E-03  4.2E-01  4.7891954E+00   396 1.9E+01 s
    21      1  1.0E+00     29  3.5E-03  3.4E-01  3.7926118E+00   396 1.9E+01
    22      1  4.5E-01     31  5.6E-03  1.5E-01  2.9301839E+00   396 1.9E+01
    23      1  3.7E-01     33  6.0E-03  1.3E-01  2.1175575E+00   396 1.9E+01
    24      1  1.0E+00     34  4.5E-03  1.1E-01  1.2452716E+00   396 1.9E+01
    25      1  1.0E+00     35  1.7E-03  1.3E-01  9.6201953E-01   396 1.9E+01   R
    26      1  1.0E+00     36  7.9E-04  9.8E-02  9.0133470E-01   396 1.9E+01 s
    27      1  1.0E+00     37  9.1E-05  3.0E-02  8.4012477E-01   396 1.9E+01
    28      1  1.0E+00     38  7.0E-04  2.7E-02  7.7657005E-01   396 1.9E+01
    29      1  1.0E+00     39  1.1E-04  3.5E-02  7.6332755E-01   396 1.9E+01

 Major Minors     Step   nCon Feasible  Optimal  MeritFunction    nS Penalty
    30      1  1.0E+00     40  4.4E-05  2.8E-02  7.5231848E-01   396 1.9E+01
    31      1  1.0E+00     41  7.1E-05  3.0E-02  7.4096176E-01   396 1.9E+01   R
    32      1  1.0E+00     42  1.9E-05  1.8E-02  7.3691005E-01   396 1.9E+01 s
    33      1  1.0E+00     43  6.4E-05  5.2E-03  7.3164751E-01   396 1.9E+01
    34      1  1.0E+00     44  8.3E-06  4.7E-03  7.3082195E-01   396 1.9E+01
    35      1  1.0E+00     45  2.4E-06  4.3E-03  7.3020612E-01   396 1.9E+01
    36      1  1.0E+00     46  4.4E-06  2.4E-03  7.2958041E-01   396 1.9E+01
    37      1  1.0E+00     47  5.4E-06  1.7E-03  7.2933482E-01   396 1.9E+01   R
    38      1  1.0E+00     48 (6.1E-07) 1.0E-03  7.2931908E-01   396 1.9E+01 s
    39      1  1.0E+00     49 (1.3E-07) 4.6E-04  7.2926589E-01   396 1.9E+01

 Major Minors     Step   nCon Feasible  Optimal  MeritFunction    nS Penalty
    40      1  1.0E+00     50 (6.4E-09) 2.4E-04  7.2925430E-01   396 1.9E+01
    41      1  1.0E+00     51 (2.3E-08) 3.5E-04  7.2923971E-01   396 1.9E+01
    42      1  1.0E+00     52 (6.5E-09) 3.1E-04  7.2923348E-01   396 1.9E+01
    43      1  1.0E+00     53 (1.0E-08) 4.4E-04  7.2922461E-01   396 1.9E+01   R
    44      1  1.0E+00     54 (7.1E-10) 3.9E-04  7.2921991E-01   396 1.9E+01 s
    45      1  3.7E-01     56 (3.2E-08) 4.9E-04  7.2920433E-01   396 1.9E+01
    46      1  4.3E-01     58 (8.0E-08) 6.5E-04  7.2917504E-01   396 1.9E+01
    47      1  3.3E-01     60 (5.3E-08) 4.6E-04  7.2915989E-01   396 1.9E+01
    48      1  1.0E+00     61 (9.1E-08) 4.3E-04  7.2914352E-01   396 1.9E+01
    49      1  3.7E-01     63 (6.8E-08) 5.8E-04  7.2911525E-01   396 1.9E+01   R

 Major Minors     Step   nCon Feasible  Optimal  MeritFunction    nS Penalty
    50      1  2.4E-01     65 (1.1E-07) 2.8E-04  7.2909506E-01   396 1.9E+01 s
    51      1  1.0E+00     66 (2.9E-08) 1.2E-04  7.2909071E-01   396 1.9E+01
    52      1  1.0E+00     67 (5.9E-09) 7.4E-05  7.2908933E-01   396 1.9E+01
    53      1  1.0E+00     68 (9.4E-10) 6.5E-05  7.2908854E-01   396 1.9E+01
    54      1  1.0E+00     69 (1.6E-09) 1.1E-04  7.2908712E-01   396 1.9E+01
    55      1  1.0E+00     70 (2.1E-09) 1.3E-04  7.2908570E-01   396 1.9E+01   R
    56      1  1.0E+00     71 (2.4E-09) 5.9E-05  7.2908528E-01   396 1.9E+01 s
    57      1  1.0E+00     72 (2.4E-10) 4.6E-05  7.2908499E-01   396 1.9E+01
    58      1  1.0E+00     73 (4.7E-10) 5.6E-05  7.2908472E-01   396 1.9E+01
    59      1  1.0E+00     74 (6.0E-10) 4.3E-05  7.2908444E-01   396 1.9E+01

 Major Minors     Step   nCon Feasible  Optimal  MeritFunction    nS Penalty
    60      1  1.0E+00     75 (1.2E-09) 6.7E-05  7.2908400E-01   396 1.9E+01
    61      1  1.0E+00     76 (4.8E-10) 9.4E-05  7.2908352E-01   396 1.9E+01   R
    62      1  1.0E+00     77 (2.9E-10) 6.0E-05  7.2908324E-01   396 1.9E+01 s
    63      1  1.0E+00     78 (1.3E-08) 7.0E-05  7.2908294E-01   396 1.9E+01
    64      1  1.0E+00     79 (2.7E-09) 3.6E-05  7.2908250E-01   396 1.9E+01
    65      1  1.0E+00     80 (1.3E-09) 3.3E-05  7.2908241E-01   396 1.9E+01
    66      1  1.0E+00     81 (1.1E-09) 4.3E-05  7.2908210E-01   396 1.9E+01
    67      1  1.0E+00     82 (3.1E-09) 7.9E-05  7.2908193E-01   396 1.9E+01   R
    68      1  4.4E-01     84 (2.9E-09) 3.7E-05  7.2908166E-01   396 1.9E+01 s
    69      1  1.0E+00     85 (2.8E-10) 2.2E-05  7.2908154E-01   396 1.9E+01

 Major Minors     Step   nCon Feasible  Optimal  MeritFunction    nS Penalty
    70      1  1.0E+00     86 (1.5E-10) 2.4E-05  7.2908144E-01   396 1.9E+01
    71      1  1.0E+00     87 (1.0E-10) 2.7E-05  7.2908135E-01   396 1.9E+01
    72      1  1.0E+00     88 (2.8E-10) 3.6E-05  7.2908116E-01   396 1.9E+01
    73      1  1.0E+00     89 (4.4E-11) 3.7E-05  7.2908104E-01   396 1.9E+01   R
    74      1  1.0E+00     90 (8.3E-11) 2.2E-05  7.2908099E-01   396 1.9E+01 s
    75      1  1.0E+00     91 (1.3E-09) 2.0E-05  7.2908093E-01   396 1.9E+01
    76      1  1.0E+00     92 (1.1E-10) 9.4E-06  7.2908090E-01   396 1.9E+01
    77      1  1.0E+00     93 (6.0E-11) 6.7E-06  7.2908089E-01   396 1.9E+01
    78      1  1.0E+00     94 (1.8E-11) 1.2E-05  7.2908087E-01   396 1.9E+01
    79      1  1.0E+00     95 (4.7E-11) 1.2E-05  7.2908085E-01   396 1.9E+01   R

 Major Minors     Step   nCon Feasible  Optimal  MeritFunction    nS Penalty
    80      1  4.3E-01     97 (3.9E-11) 9.6E-06  7.2908085E-01   396 1.9E+01 s
    81      1  1.0E+00     98 (2.2E-12) 8.2E-06  7.2908084E-01   396 1.9E+01
    82      1  1.0E+00     99 (4.0E-12) 7.4E-06  7.2908084E-01   396 1.9E+01
    83      1  1.0E+00    100 (4.3E-12) 3.8E-06  7.2908084E-01   396 1.9E+01
    84      1  1.0E+00    101 (7.5E-12) 6.5E-06  7.2908083E-01   396 1.9E+01
    85      1  1.0E+00    102 (2.2E-12) 1.0E-05  7.2908083E-01   396 1.9E+01   R
    86      1  1.0E+00    103 (3.5E-13) 4.9E-06  7.2908083E-01   396 1.9E+01 s
    87      1  2.5E-01    105 (1.4E-11) 1.0E-05  7.2908082E-01   396 1.9E+01
    88      1  3.5E-01    107 (1.9E-11) 7.4E-06  7.2908081E-01   396 1.9E+01
    89      1  2.6E-01    109 (2.0E-11) 4.8E-06  7.2908081E-01   396 1.9E+01

 Major Minors     Step   nCon Feasible  Optimal  MeritFunction    nS Penalty
    90      1  3.8E-01    111 (1.1E-11) 3.0E-06  7.2908081E-01   396 1.9E+01
    91      1  2.9E-01    113 (8.3E-12) 3.4E-06  7.2908080E-01   396 1.9E+01   R
    92      1  1.9E-01    115 (6.6E-12) 2.1E-06  7.2908080E-01   396 1.9E+01 s
    93      1  1.0E+00    116 (2.7E-13)(8.2E-07) 7.2908080E-01   396 1.9E+01
 
 SNOPTA EXIT   0 -- finished successfully
 SNOPTA INFO   1 -- optimality conditions satisfied

 Problem name
 No. of iterations                 626   Objective value      7.2908080416E-01
 No. of major iterations            93   Linear objective     0.0000000000E+00
 Penalty parameter           1.931E+01   Nonlinear objective  7.2908080416E-01
 No. of calls to funobj            116   No. of calls to funcon            116
 No. of superbasics                396   No. of basic nonlinears           609
 No. of degenerate steps           109   Percentage                      17.41
 Max x                     201 1.0E+01   Max pi                    605 1.2E+00
 Max Primal infeas           0 0.0E+00   Max Dual infeas           459 1.8E-06
 Nonlinear constraint violn    2.0E-11

 Solution not printed
