 

 Nonlinear constraints     183     Linear constraints       0
 Nonlinear variables       540     Linear variables         0
 Jacobian  variables       540     Objective variables    540
 Total constraints         183     Total variables        540
 

 
 The user has defined       0   out of   99360   first  derivatives
 XXX  Some first  derivatives are missing --- derivative level reduced to 0
 

        Minor   QPmult   nInf   SumInf   rgNorm  Elastic QPobj    nS
          100 -3.6E+00      2  1.0E+00  1.0E-10  4.8860224E+04    41

 Major Minors     Step   nCon Feasible  Optimal  MeritFunction    nS Penalty
     0    158               1  5.9E-01  1.0E+00  5.5773241E+05    99           r iT

        Minor   QPmult   nInf   SumInf   rgNorm  Elastic QPobj    nS
          100 -1.0E+01                  1.5E-12  3.8972698E+04   194

 Major Minors     Step   nCon Feasible  Optimal  MeritFunction    nS Penalty
     1    104  7.1E-02      2  5.5E-01  3.2E+00  5.2165157E+05   198         n rl T
     2     57  8.3E-02      4  4.8E-01  6.9E+00  4.7382540E+05   254         n rl
     3     45  1.0E+00      6  1.7E-02  8.4E-02 -6.7383137E+02   297         sm
     4      2  1.0E+00      8  2.4E-03  1.9E+00  1.1835325E+02   297 5.6E+03 sM
     5      2  6.7E-04     10  9.7E-03  6.9E-01  1.0580276E+02   297 1.1E+02  m
     6      2  6.5E-03     11  2.0E-02  1.6E+00  7.8064874E+01   297 2.5E+01
     7      2  1.1E-02     12  3.4E-02  9.5E-01 -1.7370595E+00   297 1.8E+01
     8      2  2.5E-02     13  3.5E-02  1.4E+00 -9.9090433E+00   297 1.8E+01
     9      2  1.8E-02     14  3.7E-02  1.0E+00 -1.3468823E+01   297 1.8E+01

 Major Minors     Step   nCon Feasible  Optimal  MeritFunction    nS Penalty
    10      2  4.2E-03     15  3.8E-02  9.0E-01 -1.5668403E+01   297 1.8E+01
    11      2  1.3E-02     17  4.9E-02  1.2E+00 -1.7490717E+01   297 1.8E+01  M
    12      2  3.7E-03     18  5.1E-02  1.5E+00 -2.9312304E+01   297 1.8E+01
    13      2  1.0E-03     20  5.1E-02  6.6E-01 -3.0966219E+01   297 1.8E+01  mR
    14      1  1.0E+00     21  8.8E-03  9.6E-01  2.7220696E+01   297 5.0E+01 s
    15      1  1.0E+00     22  2.6E-03  9.6E-01  1.2572226E+01   297 2.5E+01
    16      1  1.0E+00     23  3.0E-03  1.0E+00  8.8487000E+00   297 2.5E+01
    17      1  1.0E+00     24  1.4E-03  8.9E-01  6.8903103E+00   297 2.5E+01
    18      1  1.0E+00     25  1.7E-03  7.9E-01  5.3389834E+00   297 2.5E+01
    19      1  1.0E+00     26  3.9E-04  6.1E-01  4.4349763E+00   297 2.5E+01

 Major Minors     Step   nCon Feasible  Optimal  MeritFunction    nS Penalty
    20      1  1.0E+00     27  4.5E-04  5.3E-01  3.6077602E+00   297 2.5E+01
    21      1  1.0E+00     28  2.9E-04  5.2E-01  3.0848718E+00   297 2.5E+01
    22      1  1.0E+00     29  5.7E-04  4.4E-01  2.5616649E+00   297 2.5E+01
    23      1  1.0E+00     30  1.9E-04  4.3E-01  2.2898825E+00   297 2.5E+01
    24      1  1.0E+00     31  1.2E-04  4.3E-01  2.1039257E+00   297 2.5E+01   R
    25      1  1.0E+00     32  2.8E-05  5.5E-01  2.0242310E+00   297 2.5E+01 s
    26      1  1.0E+00     33  1.3E-03  5.9E-01  1.9361914E+00   297 2.5E+01
    27      1  1.0E+00     34  3.3E-04  6.2E-01  1.7793557E+00   297 2.5E+01
    28      1  1.0E+00     35  3.3E-04  5.8E-01  1.7272484E+00   297 2.5E+01
    29      1  1.0E+00     36  1.3E-04  5.9E-01  1.6163407E+00   297 2.5E+01

 Major Minors     Step   nCon Feasible  Optimal  MeritFunction    nS Penalty
    30      1  1.0E+00     37  3.2E-04  5.6E-01  1.5612919E+00   297 2.5E+01
    31      1  1.0E+00     38  1.6E-04  5.5E-01  1.4382972E+00   297 2.5E+01
    32      1  1.0E+00     39  2.5E-04  5.0E-01  1.3471368E+00   297 2.5E+01
    33      1  1.0E+00     40  9.5E-05  4.3E-01  1.2446764E+00   297 2.5E+01
    34      1  1.0E+00     41  1.7E-04  3.8E-01  1.1919081E+00   297 2.5E+01
    35      1  1.0E+00     42  4.5E-05  3.6E-01  1.1393116E+00   297 2.5E+01   R
    36      1  3.9E-01     43  5.7E-05  3.4E-01  1.0826050E+00   297 2.5E+01 s
    37      1  1.0E+00     44  3.7E-06  3.4E-01  1.0709856E+00   297 2.5E+01
    38      1  1.0E+00     45  2.7E-06  3.3E-01  1.0554558E+00   297 2.5E+01
    39      1  1.0E+00     46  1.2E-05  3.4E-01  1.0285085E+00   297 2.5E+01

 Major Minors     Step   nCon Feasible  Optimal  MeritFunction    nS Penalty
    40      1  1.0E+00     47  1.1E-05  3.5E-01  1.0045560E+00   297 2.5E+01
    41      1  1.0E+00     48  5.9E-06  3.6E-01  9.8655918E-01   297 2.5E+01
    42      1  1.0E+00     49  3.7E-06  3.6E-01  9.7699368E-01   297 2.5E+01
    43      1  1.0E+00     50  2.3E-06  3.5E-01  9.6868089E-01   297 2.5E+01
    44      1  1.0E+00     51  5.3E-06  3.4E-01  9.5736690E-01   297 2.5E+01
    45      1  1.0E+00     52  6.6E-06  3.2E-01  9.4288714E-01   297 2.5E+01
    46      1  1.0E+00     53  9.0E-06  3.0E-01  9.2859411E-01   297 2.5E+01   R
    47      1  1.0E+00     54 (9.0E-07) 3.0E-01  9.2184265E-01   297 2.5E+01 s
    48      1  1.0E+00     55  2.7E-05  3.1E-01  9.1250400E-01   297 2.5E+01
    49      1  4.1E-01     56  3.5E-05  3.2E-01  9.0374605E-01   297 2.5E+01

 Major Minors     Step   nCon Feasible  Optimal  MeritFunction    nS Penalty
    50      1  1.0E+00     57  9.4E-06  3.2E-01  9.0162950E-01   297 2.5E+01
    51      1  1.0E+00     58  2.2E-05  3.1E-01  8.9387796E-01   297 2.5E+01
    52      1  1.0E+00     59  1.3E-05  3.0E-01  8.9123186E-01   297 2.5E+01
    53      1  1.0E+00     60  1.6E-05  2.9E-01  8.8156960E-01   297 2.5E+01
    54      1  1.0E+00     61  1.0E-05  2.9E-01  8.8080575E-01   297 2.5E+01
    55      1  1.0E+00     62  2.1E-05  2.7E-01  8.7114189E-01   297 2.5E+01
    56      1  1.0E+00     63  1.2E-05  2.5E-01  8.7016013E-01   297 2.5E+01
    57      1  1.0E+00     64  1.6E-05  2.4E-01  8.6212690E-01   297 2.5E+01   R
    58      1  3.4E-01     65  1.7E-05  2.4E-01  8.5503199E-01   297 2.5E+01 s
    59      1  1.0E+00     66  1.1E-06  2.4E-01  8.5333158E-01   297 2.5E+01

 Major Minors     Step   nCon Feasible  Optimal  MeritFunction    nS Penalty
    60      1  1.0E+00     67 (1.9E-07) 2.4E-01  8.5182821E-01   297 2.5E+01
    61      1  1.0E+00     68  1.1E-06  2.4E-01  8.4776878E-01   297 2.5E+01
    62      1  1.0E+00     69  1.6E-06  2.4E-01  8.4367520E-01   297 2.5E+01
    63      1  1.0E+00     70  1.3E-06  2.4E-01  8.4028114E-01   297 2.5E+01
    64      1  1.0E+00     71 (4.9E-07) 2.4E-01  8.3829475E-01   297 2.5E+01
    65      1  1.0E+00     72 (5.3E-07) 2.3E-01  8.3634015E-01   297 2.5E+01
    66      1  1.0E+00     73 (8.3E-07) 2.2E-01  8.3309049E-01   297 2.5E+01
    67      1  1.0E+00     74  1.5E-06  2.0E-01  8.2732734E-01   297 2.5E+01
    68      1  1.0E+00     75  3.7E-06  1.8E-01  8.1923382E-01   297 2.5E+01   R
    69      1  1.0E+00     76  1.1E-06  1.8E-01  8.1443282E-01   297 2.5E+01 s

 Major Minors     Step   nCon Feasible  Optimal  MeritFunction    nS Penalty
    70      1  1.0E+00     77  6.5E-06  1.8E-01  8.0998059E-01   297 2.5E+01
    71      1  1.0E+00     78  2.2E-06  1.8E-01  8.0725538E-01   297 2.5E+01
    72      1  1.0E+00     79 (5.5E-07) 1.7E-01  8.0496511E-01   297 2.5E+01
    73      1  1.0E+00     80  1.5E-06  1.5E-01  8.0055284E-01   297 2.5E+01
    74      1  1.0E+00     81  4.5E-06  1.3E-01  7.9706218E-01   297 2.5E+01
    75      1  1.0E+00     82  2.8E-06  1.1E-01  7.9466504E-01   297 2.5E+01
    76      1  1.0E+00     83 (6.5E-07) 9.5E-02  7.9268045E-01   297 2.5E+01
    77      1  1.0E+00     84  1.5E-06  6.1E-02  7.8932890E-01   297 2.5E+01
    78      1  1.0E+00     85  2.3E-06  4.2E-02  7.8518627E-01   297 2.5E+01
    79      1  1.0E+00     86  3.0E-06  2.0E-02  7.8042050E-01   297 2.5E+01   R

 Major Minors     Step   nCon Feasible  Optimal  MeritFunction    nS Penalty
    80      1  1.0E+00     87  4.2E-06  2.4E-02  7.7890224E-01   297 2.5E+01 s
    81      1  1.0E+00     88 (1.0E-06) 3.2E-02  7.7647404E-01   297 2.5E+01
    82      1  1.0E+00     89  1.1E-06  3.5E-02  7.7530290E-01   297 2.5E+01
    83      1  1.0E+00     90 (6.6E-07) 3.3E-02  7.7463863E-01   297 2.5E+01
    84      1  1.0E+00     91 (3.2E-07) 2.7E-02  7.7393361E-01   297 2.5E+01
    85      1  1.0E+00     92 (4.6E-07) 1.7E-02  7.7306665E-01   297 2.5E+01
    86      1  1.0E+00     93 (4.6E-07) 1.0E-02  7.7239831E-01   297 2.5E+01
    87      1  1.0E+00     94 (4.5E-07) 5.9E-03  7.7198600E-01   297 2.5E+01
    88      1  1.0E+00     95 (2.2E-07) 4.9E-03  7.7166569E-01   297 2.5E+01
    89      1  1.0E+00     96 (1.7E-07) 4.9E-03  7.7135894E-01   297 2.5E+01

 Major Minors     Step   nCon Feasible  Optimal  MeritFunction    nS Penalty
    90      1  1.0E+00     97 (1.3E-07) 5.3E-03  7.7110207E-01   297 2.5E+01   R
    91      1  1.0E+00     98 (8.9E-08) 4.8E-03  7.7099012E-01   297 2.5E+01 s
    92      1  1.0E+00     99 (2.3E-07) 3.2E-03  7.7082812E-01   297 2.5E+01
    93      1  1.0E+00    100 (4.0E-08) 3.3E-03  7.7074508E-01   297 2.5E+01
    94      1  1.0E+00    101 (5.4E-08) 3.9E-03  7.7061932E-01   297 2.5E+01
    95      1  1.0E+00    102 (2.3E-08) 2.7E-03  7.7050569E-01   297 2.5E+01
    96      1  1.0E+00    103 (6.5E-08) 1.9E-03  7.7042624E-01   297 2.5E+01
    97      1  1.0E+00    104 (1.7E-08) 1.5E-03  7.7036916E-01   297 2.5E+01
    98      1  1.0E+00    105 (2.2E-08) 1.4E-03  7.7032890E-01   297 2.5E+01
    99      1  1.0E+00    106 (3.8E-08) 1.3E-03  7.7028809E-01   297 2.5E+01

 Major Minors     Step   nCon Feasible  Optimal  MeritFunction    nS Penalty
   100      1  1.0E+00    107 (1.2E-08) 1.2E-03  7.7025384E-01   297 2.5E+01
   101      1  1.0E+00    108 (1.3E-08) 9.8E-04  7.7021281E-01   297 2.5E+01   R
   102      1  1.0E+00    109 (1.8E-08) 1.1E-03  7.7019926E-01   297 2.5E+01 s
   103      1  1.0E+00    110 (7.2E-09) 9.8E-04  7.7018465E-01   297 2.5E+01
   104      1  1.0E+00    111 (1.5E-08) 7.9E-04  7.7017501E-01   297 2.5E+01
   105      1  1.0E+00    112 (3.5E-09) 7.3E-04  7.7017005E-01   297 2.5E+01
   106      1  1.0E+00    113 (2.9E-09) 6.6E-04  7.7016324E-01   297 2.5E+01
   107      1  1.0E+00    114 (2.4E-09) 5.9E-04  7.7015818E-01   297 2.5E+01
   108      1  1.0E+00    115 (1.8E-09) 5.3E-04  7.7015428E-01   297 2.5E+01
   109      1  1.0E+00    116 (3.6E-09) 5.7E-04  7.7015062E-01   297 2.5E+01

 Major Minors     Step   nCon Feasible  Optimal  MeritFunction    nS Penalty
   110      1  1.0E+00    117 (2.4E-09) 4.7E-04  7.7014799E-01   297 2.5E+01
   111      1  1.0E+00    118 (1.5E-09) 4.3E-04  7.7014631E-01   297 2.5E+01
   112      1  1.0E+00    119 (5.1E-10) 3.3E-04  7.7014444E-01   297 2.5E+01   R
   113      1  1.0E+00    120 (5.9E-10) 3.7E-04  7.7014313E-01   297 2.5E+01 s
   114      1  1.0E+00    121 (1.3E-08) 4.4E-04  7.7014255E-01   297 2.5E+01
   115      1  1.0E+00    122 (3.5E-09) 3.8E-04  7.7013922E-01   297 2.5E+01
   116      1  4.8E-01    123 (1.9E-09) 3.3E-04  7.7013844E-01   297 2.5E+01
   117      1  1.0E+00    124 (2.8E-10) 1.6E-04  7.7013722E-01   297 2.5E+01
   118      1  4.6E-01    125 (8.4E-10) 1.1E-04  7.7013636E-01   297 2.5E+01
   119      1  1.0E+00    126 (5.5E-10) 1.1E-04  7.7013615E-01   297 2.5E+01

 Major Minors     Step   nCon Feasible  Optimal  MeritFunction    nS Penalty
   120      1  1.0E+00    127 (3.1E-10) 1.2E-04  7.7013598E-01   297 2.5E+01
   121      1  1.0E+00    128 (1.9E-10) 1.3E-04  7.7013572E-01   297 2.5E+01
   122      1  1.0E+00    129 (3.9E-10) 1.0E-04  7.7013566E-01   297 2.5E+01
   123      1  1.0E+00    130 (2.5E-10) 7.0E-05  7.7013550E-01   297 2.5E+01   R
   124      1  3.7E-01    131 (1.7E-10) 6.5E-05  7.7013543E-01   297 2.5E+01 s
   125      1  1.0E+00    132 (4.8E-12) 6.0E-05  7.7013542E-01   297 2.5E+01
   126      1  1.0E+00    133 (4.0E-12) 6.7E-05  7.7013540E-01   297 2.5E+01
   127      1  1.0E+00    134 (2.6E-11) 7.0E-05  7.7013536E-01   297 2.5E+01
   128      1  1.0E+00    135 (5.4E-12) 6.8E-05  7.7013534E-01   297 2.5E+01
   129      1  1.0E+00    136 (4.5E-12) 6.0E-05  7.7013532E-01   297 2.5E+01

 Major Minors     Step   nCon Feasible  Optimal  MeritFunction    nS Penalty
   130      1  1.0E+00    137 (3.7E-12) 4.9E-05  7.7013530E-01   297 2.5E+01
   131      1  1.0E+00    138 (1.1E-11) 3.5E-05  7.7013529E-01   297 2.5E+01
   132      1  1.0E+00    139 (1.0E-11) 2.9E-05  7.7013528E-01   297 2.5E+01
   133      1  1.0E+00    140 (3.2E-12) 2.3E-05  7.7013528E-01   297 2.5E+01
   134      1  1.0E+00    141 (7.9E-13) 1.4E-05  7.7013527E-01   297 2.5E+01   R
   135      1  1.0E+00    142 (2.9E-13) 1.9E-05  7.7013527E-01   297 2.5E+01 s
   136      1  1.0E+00    143 (1.6E-11) 2.0E-05  7.7013527E-01   297 2.5E+01
   137      1  1.0E+00    144 (4.1E-12) 1.6E-05  7.7013527E-01   297 2.5E+01
   138      1  1.0E+00    145 (1.8E-12) 1.4E-05  7.7013527E-01   297 2.5E+01
   139      1  1.0E+00    146 (9.5E-13) 1.2E-05  7.7013527E-01   297 2.5E+01

 Major Minors     Step   nCon Feasible  Optimal  MeritFunction    nS Penalty
   140      1  1.0E+00    147 (5.2E-13) 1.0E-05  7.7013527E-01   297 2.5E+01
   141      1  1.0E+00    148 (2.5E-13) 9.1E-06  7.7013527E-01   297 2.5E+01
   142      1  1.0E+00    149 (1.7E-13) 8.4E-06  7.7013527E-01   297 2.5E+01
   143      1  1.0E+00    150 (1.0E-13) 7.5E-06  7.7013527E-01   297 2.5E+01
   144      1  1.0E+00    151 (8.4E-14) 6.4E-06  7.7013526E-01   297 2.5E+01
   145      1  1.0E+00    152 (4.8E-14) 4.2E-06  7.7013526E-01   297 2.5E+01   R
   146      1  1.0E+00    153 (9.7E-14) 4.1E-06  7.7013526E-01   297 2.5E+01 s
   146      2  1.0E+00    153 (9.7E-14) 3.2E-06  7.7013526E-01   297 2.5E+01 s     c
   147      1  1.0E+00    154 (4.2E-14) 3.6E-06  7.7013526E-01   297 2.5E+01       c
   148      1  1.0E+00    155 (5.0E-14) 3.1E-06  7.7013526E-01   297 2.5E+01       c
   149      1  1.0E+00    156 (6.6E-14) 2.5E-06  7.7013526E-01   297 2.5E+01       c

 Major Minors     Step   nCon Feasible  Optimal  MeritFunction    nS Penalty
   150      1  1.0E+00    157 (3.4E-14)(1.8E-06) 7.7013526E-01   297 2.5E+01       c
 
 SNOPTA EXIT   0 -- finished successfully
 SNOPTA INFO   1 -- optimality conditions satisfied

 Problem name
 No. of iterations                 522   Objective value      7.7013526468E-01
 No. of major iterations           150   Linear objective     0.0000000000E+00
 Penalty parameter           2.512E+01   Nonlinear objective  7.7013526468E-01
 No. of calls to funobj          88355   No. of calls to funcon          88355
 Calls with modes 1,2 (known g)    157   Calls with modes 1,2 (known g)    157
 Calls for forward differencing  82620   Calls for forward differencing  82620
 Calls for central differencing   5400   Calls for central differencing   5400
 No. of superbasics                297   No. of basic nonlinears           183
 No. of degenerate steps            58   Percentage                      11.11
 Max x                     178 1.0E+01   Max pi                      2 1.3E+00
 Max Primal infeas           0 0.0E+00   Max Dual infeas            84 4.2E-06
 Nonlinear constraint violn    1.2E-12

 Solution not printed
