
 
 ===>  WARNING - variable      403 has no Jacobian entries.
 ===>  WARNING - variable      404 has no Jacobian entries.
 ===>  WARNING - variable      405 has no Jacobian entries.
 

 Nonlinear constraints       3     Linear constraints       0
 Nonlinear variables       402     Linear variables         3
 Jacobian  variables       402     Objective variables    402
 Total constraints           3     Total variables        405
 

 
 The user has defined       0   out of    1608   first  derivatives
 XXX  Some first  derivatives are missing --- derivative level reduced to 0
 

 Major Minors     Step   nCon Feasible  Optimal  MeritFunction    nS Penalty
     0     99               1 (0.0E+00) 2.7E+00  1.9767500E+02    99           r  T

        Minor   QPmult   nInf   SumInf   rgNorm    QPobjective    nS
          100 -1.3E-01                          -3.0507980E+02   198

 Major Minors     Step   nCon Feasible  Optimal  MeritFunction    nS Penalty
     1    100  1.1E-01      2 (0.0E+00) 2.7E+00  1.1092311E+02   198         n rl T
     2      3  7.9E-02      3 (0.0E+00) 1.7E+00  5.6101161E+01   200         s  l
     3      1  1.9E-01      4 (0.0E+00) 4.0E+00  3.4451963E+01   200
     4      1  4.7E-01      5 (0.0E+00) 6.2E-01  5.0531110E+00   200
     5      1  1.0E+00      6 (0.0E+00) 2.6E-01  3.2610916E+00   200
     6      1  1.0E+00      7 (0.0E+00) 2.0E-01  2.7573542E+00   200
     7      1  1.0E+00      8 (0.0E+00) 2.8E-01  1.5382191E+00   200
     8      1  1.0E+00      9 (0.0E+00) 3.2E-01  1.2946966E+00   200
     9      1  1.0E+00     10 (0.0E+00) 1.2E-01  1.1850357E+00   200

 Major Minors     Step   nCon Feasible  Optimal  MeritFunction    nS Penalty
    10      1  1.0E+00     11 (0.0E+00) 6.8E-02  1.1166709E+00   200
    11      1  1.0E+00     12 (0.0E+00) 1.3E-01  1.0678858E+00   200
    12      1  1.0E+00     13 (0.0E+00) 1.7E-01  9.9384307E-01   200           R
    13      1  8.8E-02     14 (0.0E+00) 5.1E-02  9.8653060E-01   200         s
    14      1  1.0E+00     15 (0.0E+00) 4.9E-02  9.8198568E-01   200
    15      1  1.0E+00     16 (0.0E+00) 2.8E-02  9.4119794E-01   200
    16      1  1.0E+00     17 (0.0E+00) 2.7E-02  9.4047057E-01   200
    17      1  1.0E+00     18 (0.0E+00) 4.1E-02  9.0724195E-01   200
    18      1  1.0E+00     19 (0.0E+00) 6.3E-02  8.8952919E-01   200
    19      1  1.0E+00     20 (0.0E+00) 7.0E-02  8.7740624E-01   200

 Major Minors     Step   nCon Feasible  Optimal  MeritFunction    nS Penalty
    20      1  1.0E+00     21 (0.0E+00) 6.2E-02  8.7267728E-01   200
    21      1  1.0E+00     22 (0.0E+00) 4.9E-02  8.6658586E-01   200
    22      1  1.0E+00     23 (0.0E+00) 4.1E-02  8.5768164E-01   200
    23      1  1.0E+00     24 (0.0E+00) 2.9E-02  8.4895324E-01   200           R
    24      1  1.0E+00     25 (0.0E+00) 4.9E-02  8.4798358E-01   200         s
    25      1  1.0E+00     26 (0.0E+00) 5.3E-02  8.4685502E-01   200
    26      1  1.0E+00     27 (0.0E+00) 4.6E-02  8.3918871E-01   200
    27      1  1.0E+00     28 (0.0E+00) 2.1E-02  8.3778361E-01   200
    28      1  1.0E+00     29 (0.0E+00) 1.9E-02  8.3671809E-01   200
    29      1  1.0E+00     30 (0.0E+00) 3.6E-02  8.3537099E-01   200

 Major Minors     Step   nCon Feasible  Optimal  MeritFunction    nS Penalty
    30      1  1.0E+00     31 (0.0E+00) 6.0E-02  8.3214304E-01   200
    31      1  1.0E+00     32 (0.0E+00) 6.9E-02  8.2782895E-01   200
    32      1  1.0E+00     33 (0.0E+00) 4.8E-02  8.2409699E-01   200
    33      1  1.0E+00     34 (0.0E+00) 2.0E-02  8.2245461E-01   200
    34      1  1.0E+00     35 (0.0E+00) 2.5E-02  8.2169774E-01   200           R
    35      1  1.0E+00     36 (0.0E+00) 1.5E-02  8.2130249E-01   200         s
    36      1  1.0E+00     37 (0.0E+00) 1.8E-02  8.1961075E-01   200
    37      1  1.0E+00     38 (0.0E+00) 1.6E-02  8.1832495E-01   200
    38      1  1.0E+00     39 (0.0E+00) 1.4E-02  8.1802070E-01   200
    39      1  1.0E+00     40 (0.0E+00) 3.0E-02  8.1622929E-01   200

 Major Minors     Step   nCon Feasible  Optimal  MeritFunction    nS Penalty
    40      1  1.0E+00     41 (0.0E+00) 4.4E-02  8.1404204E-01   200
    41      1  1.0E+00     42 (0.0E+00) 4.8E-02  8.1107823E-01   200
    42      1  1.0E+00     43 (0.0E+00) 3.7E-02  8.0897894E-01   200
    43      1  1.0E+00     44 (0.0E+00) 2.5E-02  8.0755333E-01   200
    44      1  1.0E+00     45 (0.0E+00) 1.7E-02  8.0617206E-01   200
    45      1  1.0E+00     46 (0.0E+00) 2.7E-02  8.0437751E-01   200           R
    46      1  4.1E-01     47 (0.0E+00) 2.8E-02  8.0394226E-01   200         s
    47      1  1.0E+00     48 (0.0E+00) 2.7E-02  8.0376160E-01   200
    48      1  1.0E+00     49 (0.0E+00) 6.9E-03  8.0192899E-01   200
    49      1  1.0E+00     50 (0.0E+00) 6.8E-03  8.0183376E-01   200

 Major Minors     Step   nCon Feasible  Optimal  MeritFunction    nS Penalty
    50      1  1.0E+00     51 (0.0E+00) 1.7E-02  7.9916640E-01   200
    51      1  1.0E+00     52 (0.0E+00) 1.3E-02  7.9834001E-01   200
    52      1  1.0E+00     53 (0.0E+00) 7.0E-03  7.9808258E-01   200
    53      1  1.0E+00     54 (0.0E+00) 4.9E-03  7.9805132E-01   200
    54      1  1.0E+00     55 (0.0E+00) 5.8E-03  7.9800865E-01   200
    55      1  1.0E+00     56 (0.0E+00) 9.5E-03  7.9789949E-01   200
    56      1  1.0E+00     57 (0.0E+00) 1.5E-02  7.9763753E-01   200           R
    57      1  1.0E+00     58 (0.0E+00) 8.3E-03  7.9758589E-01   200         s
    58      1  1.0E+00     59 (0.0E+00) 6.3E-03  7.9747114E-01   200
    59      1  1.0E+00     60 (0.0E+00) 1.0E-02  7.9720960E-01   200

 Major Minors     Step   nCon Feasible  Optimal  MeritFunction    nS Penalty
    60      1  1.0E+00     61 (0.0E+00) 8.5E-03  7.9715323E-01   200
    61      1  1.0E+00     62 (0.0E+00) 6.3E-03  7.9708042E-01   200
    62      1  1.0E+00     63 (0.0E+00) 1.2E-02  7.9694359E-01   200
    63      1  1.0E+00     64 (0.0E+00) 2.1E-02  7.9659610E-01   200
    64      1  1.0E+00     65 (0.0E+00) 3.0E-02  7.9590603E-01   200
    65      1  1.0E+00     66 (0.0E+00) 3.1E-02  7.9485952E-01   200
    66      1  1.0E+00     67 (0.0E+00) 2.3E-02  7.9397381E-01   200
    67      1  1.0E+00     68 (0.0E+00) 1.1E-02  7.9361231E-01   200           R
    68      1  1.0E+00     69 (0.0E+00) 9.0E-03  7.9355310E-01   200         s
    69      1  1.0E+00     70 (0.0E+00) 8.3E-03  7.9344166E-01   200

 Major Minors     Step   nCon Feasible  Optimal  MeritFunction    nS Penalty
    70      1  1.0E+00     71 (0.0E+00) 7.1E-03  7.9277328E-01   200
    71      1  1.0E+00     72 (0.0E+00) 7.2E-03  7.9273852E-01   200
    72      1  1.0E+00     73 (0.0E+00) 5.2E-03  7.9221657E-01   200
    73      1  1.0E+00     74 (0.0E+00) 2.9E-03  7.9216405E-01   200
    74      1  1.0E+00     75 (0.0E+00) 2.0E-03  7.9215453E-01   200
    75      1  1.0E+00     76 (0.0E+00) 2.1E-03  7.9215061E-01   200
    76      1  1.0E+00     77 (0.0E+00) 2.8E-03  7.9213037E-01   200
    77      1  1.0E+00     78 (0.0E+00) 3.8E-03  7.9209013E-01   200
    78      1  1.0E+00     79 (0.0E+00) 5.4E-03  7.9198872E-01   200           R
    79      1  1.0E+00     80 (0.0E+00) 3.5E-03  7.9197472E-01   200         s

 Major Minors     Step   nCon Feasible  Optimal  MeritFunction    nS Penalty
    80      1  1.0E+00     81 (0.0E+00) 3.1E-03  7.9195231E-01   200
    81      1  1.0E+00     82 (0.0E+00) 2.4E-03  7.9187347E-01   200
    82      1  1.0E+00     83 (0.0E+00) 2.5E-03  7.9187155E-01   200
    83      1  1.0E+00     84 (0.0E+00) 5.8E-03  7.9179048E-01   200
    84      1  1.0E+00     85 (0.0E+00) 6.8E-03  7.9171720E-01   200
    85      1  1.0E+00     86 (0.0E+00) 5.2E-03  7.9162529E-01   200
    86      1  1.0E+00     87 (0.0E+00) 4.0E-03  7.9156793E-01   200
    87      1  1.0E+00     88 (0.0E+00) 6.3E-03  7.9151369E-01   200
    88      1  1.0E+00     89 (0.0E+00) 7.4E-03  7.9144830E-01   200
    89      1  1.0E+00     90 (0.0E+00) 6.2E-03  7.9137862E-01   200           R

 Major Minors     Step   nCon Feasible  Optimal  MeritFunction    nS Penalty
    90      1  1.0E+00     91 (0.0E+00) 2.9E-03  7.9137073E-01   200         s
    91      1  1.0E+00     92 (0.0E+00) 1.8E-03  7.9136248E-01   200
    92      1  1.0E+00     93 (0.0E+00) 3.4E-03  7.9135140E-01   200
    93      1  1.0E+00     94 (0.0E+00) 4.2E-03  7.9133279E-01   200
    94      1  1.0E+00     95 (0.0E+00) 3.0E-03  7.9131929E-01   200
    95      1  1.0E+00     96 (0.0E+00) 1.3E-03  7.9131341E-01   200
    96      1  1.0E+00     97 (0.0E+00) 9.6E-04  7.9131069E-01   200
    97      1  1.0E+00     98 (0.0E+00) 2.2E-03  7.9130650E-01   200
    98      1  1.0E+00     99 (0.0E+00) 3.6E-03  7.9129840E-01   200
    99      1  1.0E+00    100 (0.0E+00) 4.3E-03  7.9128670E-01   200

 Major Minors     Step   nCon Feasible  Optimal  MeritFunction    nS Penalty
   100      1  1.0E+00    101 (0.0E+00) 3.3E-03  7.9127705E-01   200           R
   101      1  1.0E+00    102 (0.0E+00) 1.4E-03  7.9127364E-01   200         s
   102      1  1.0E+00    103 (0.0E+00) 9.6E-04  7.9127288E-01   200
   103      1  1.0E+00    104 (0.0E+00) 1.8E-03  7.9126989E-01   200
   104      1  1.0E+00    105 (0.0E+00) 1.9E-03  7.9126728E-01   200
   105      1  1.0E+00    106 (0.0E+00) 1.2E-03  7.9126561E-01   200
   106      1  1.0E+00    107 (0.0E+00) 5.7E-04  7.9126515E-01   200
   107      1  1.0E+00    108 (0.0E+00) 7.7E-04  7.9126490E-01   200
   108      1  1.0E+00    109 (0.0E+00) 1.2E-03  7.9126439E-01   200
   109      1  1.0E+00    110 (0.0E+00) 1.7E-03  7.9126329E-01   200

 Major Minors     Step   nCon Feasible  Optimal  MeritFunction    nS Penalty
   110      1  1.0E+00    111 (0.0E+00) 2.2E-03  7.9126132E-01   200
   111      1  1.0E+00    112 (0.0E+00) 2.2E-03  7.9125888E-01   200           R
   112      1  1.0E+00    113 (0.0E+00) 7.6E-04  7.9125743E-01   200         s
   113      1  1.0E+00    114 (0.0E+00) 6.9E-04  7.9125704E-01   200
   114      1  1.0E+00    115 (0.0E+00) 6.2E-04  7.9125348E-01   200
   115      1  1.0E+00    116 (0.0E+00) 5.6E-04  7.9125337E-01   200
   116      1  1.0E+00    117 (0.0E+00) 9.3E-04  7.9125187E-01   200
   117      1  1.0E+00    118 (0.0E+00) 1.2E-03  7.9125014E-01   200
   118      1  1.0E+00    119 (0.0E+00) 1.3E-03  7.9124747E-01   200
   119      1  1.0E+00    120 (0.0E+00) 9.9E-04  7.9124560E-01   200

 Major Minors     Step   nCon Feasible  Optimal  MeritFunction    nS Penalty
   120      1  1.0E+00    121 (0.0E+00) 1.2E-03  7.9124429E-01   200
   121      1  1.0E+00    122 (0.0E+00) 1.7E-03  7.9124271E-01   200
   122      1  1.0E+00    123 (0.0E+00) 2.5E-03  7.9123923E-01   200           R
   123      1  1.0E+00    124 (0.0E+00) 1.0E-03  7.9123698E-01   200         s
   124      1  1.0E+00    125 (0.0E+00) 1.0E-03  7.9123612E-01   200
   125      1  1.0E+00    126 (0.0E+00) 4.0E-04  7.9123046E-01   200
   126      1  1.0E+00    127 (0.0E+00) 4.7E-04  7.9123037E-01   200
   127      1  1.0E+00    128 (0.0E+00) 8.0E-04  7.9122998E-01   200
   128      1  1.0E+00    129 (0.0E+00) 9.7E-04  7.9122948E-01   200
   129      1  1.0E+00    130 (0.0E+00) 8.9E-04  7.9122872E-01   200

 Major Minors     Step   nCon Feasible  Optimal  MeritFunction    nS Penalty
   130      1  1.0E+00    131 (0.0E+00) 5.0E-04  7.9122818E-01   200
   131      1  1.0E+00    132 (0.0E+00) 5.5E-04  7.9122783E-01   200
   132      1  1.0E+00    133 (0.0E+00) 9.2E-04  7.9122745E-01   200
   133      1  1.0E+00    134 (0.0E+00) 1.5E-03  7.9122660E-01   200           R
   134      1  1.0E+00    135 (0.0E+00) 4.2E-04  7.9122595E-01   200         s
   135      1  1.0E+00    136 (0.0E+00) 4.3E-04  7.9122576E-01   200
   136      1  1.0E+00    137 (0.0E+00) 3.8E-04  7.9122395E-01   200
   137      1  1.0E+00    138 (0.0E+00) 3.6E-04  7.9122389E-01   200
   138      1  1.0E+00    139 (0.0E+00) 8.6E-04  7.9122324E-01   200
   139      1  1.0E+00    140 (0.0E+00) 1.2E-03  7.9122247E-01   200

 Major Minors     Step   nCon Feasible  Optimal  MeritFunction    nS Penalty
   140      1  1.0E+00    141 (0.0E+00) 1.4E-03  7.9122125E-01   200
   141      1  1.0E+00    142 (0.0E+00) 1.1E-03  7.9122036E-01   200
   142      1  1.0E+00    143 (0.0E+00) 6.7E-04  7.9121971E-01   200
   143      1  1.0E+00    144 (0.0E+00) 9.5E-04  7.9121894E-01   200
   144      1  1.0E+00    145 (0.0E+00) 1.6E-03  7.9121725E-01   200           R
   145      1  1.0E+00    146 (0.0E+00) 6.8E-04  7.9121629E-01   200         s
   146      1  1.0E+00    147 (0.0E+00) 7.6E-04  7.9121579E-01   200
   147      1  1.0E+00    148 (0.0E+00) 5.7E-04  7.9121313E-01   200
   148      1  1.0E+00    149 (0.0E+00) 3.7E-04  7.9121305E-01   200
   149      1  1.0E+00    150 (0.0E+00) 3.3E-04  7.9121299E-01   200

 Major Minors     Step   nCon Feasible  Optimal  MeritFunction    nS Penalty
   150      1  1.0E+00    151 (0.0E+00) 5.4E-04  7.9121284E-01   200
   151      1  1.0E+00    152 (0.0E+00) 8.0E-04  7.9121255E-01   200
   152      1  1.0E+00    153 (0.0E+00) 9.4E-04  7.9121212E-01   200
   153      1  1.0E+00    154 (0.0E+00) 8.0E-04  7.9121170E-01   200
   154      1  1.0E+00    155 (0.0E+00) 5.0E-04  7.9121142E-01   200
   155      1  1.0E+00    156 (0.0E+00) 2.6E-04  7.9121117E-01   200           R
   156      1  1.0E+00    157 (0.0E+00) 4.9E-04  7.9121100E-01   200         s
   157      1  1.0E+00    158 (0.0E+00) 6.2E-04  7.9121051E-01   200
   158      1  1.0E+00    159 (0.0E+00) 4.8E-04  7.9120967E-01   200
   159      1  1.0E+00    160 (0.0E+00) 2.9E-04  7.9120957E-01   200

 Major Minors     Step   nCon Feasible  Optimal  MeritFunction    nS Penalty
   160      1  1.0E+00    161 (0.0E+00) 3.9E-04  7.9120947E-01   200
   161      1  1.0E+00    162 (0.0E+00) 6.3E-04  7.9120929E-01   200
   162      1  1.0E+00    163 (0.0E+00) 9.4E-04  7.9120890E-01   200
   163      1  1.0E+00    164 (0.0E+00) 1.1E-03  7.9120827E-01   200
   164      1  1.0E+00    165 (0.0E+00) 9.7E-04  7.9120747E-01   200
   165      1  1.0E+00    166 (0.0E+00) 5.3E-04  7.9120660E-01   200
   166      1  1.0E+00    167 (0.0E+00) 9.4E-04  7.9120552E-01   200           R
   167      1  1.0E+00    168 (0.0E+00) 8.3E-04  7.9120502E-01   200         s
   168      1  1.0E+00    169 (0.0E+00) 6.4E-04  7.9120415E-01   200
   169      1  1.0E+00    170 (0.0E+00) 1.8E-04  7.9120287E-01   200

 Major Minors     Step   nCon Feasible  Optimal  MeritFunction    nS Penalty
   170      1  1.0E+00    171 (0.0E+00) 1.7E-04  7.9120285E-01   200
   171      1  1.0E+00    172 (0.0E+00) 2.4E-04  7.9120249E-01   200
   172      1  1.0E+00    173 (0.0E+00) 2.4E-04  7.9120245E-01   200
   173      1  1.0E+00    174 (0.0E+00) 2.3E-04  7.9120219E-01   200
   174      1  1.0E+00    175 (0.0E+00) 2.7E-04  7.9120176E-01   200
   175      1  1.0E+00    176 (0.0E+00) 3.2E-04  7.9120070E-01   200
   176      1  1.0E+00    177 (0.0E+00) 3.1E-04  7.9119915E-01   200
   177      1  1.0E+00    178 (0.0E+00) 2.0E-04  7.9119776E-01   200           R
   178      1  1.0E+00    179 (0.0E+00) 3.5E-04  7.9119764E-01   200         s
   179      1  1.0E+00    180 (0.0E+00) 1.8E-04  7.9119722E-01   200

 Major Minors     Step   nCon Feasible  Optimal  MeritFunction    nS Penalty
   180      1  1.0E+00    181 (0.0E+00) 6.0E-05  7.9119720E-01   200
   181      1  1.0E+00    182 (0.0E+00) 4.9E-05  7.9119720E-01   200
   182      1  1.0E+00    183 (0.0E+00) 4.8E-05  7.9119718E-01   200
   183      1  1.0E+00    184 (0.0E+00) 3.8E-05  7.9119717E-01   200
   184      1  1.0E+00    185 (0.0E+00) 5.6E-05  7.9119717E-01   200
   185      1  1.0E+00    186 (0.0E+00) 7.7E-05  7.9119715E-01   200
   186      1  1.0E+00    187 (0.0E+00) 8.7E-05  7.9119714E-01   200
   187      1  1.0E+00    188 (0.0E+00) 6.6E-05  7.9119712E-01   200
   188      1  1.0E+00    189 (0.0E+00) 3.0E-05  7.9119711E-01   200           R
   189      1  1.0E+00    190 (0.0E+00) 6.5E-05  7.9119711E-01   200         s

 Major Minors     Step   nCon Feasible  Optimal  MeritFunction    nS Penalty
   190      1  1.0E+00    191 (0.0E+00) 5.8E-05  7.9119710E-01   200
   191      1  1.0E+00    192 (0.0E+00) 3.7E-05  7.9119708E-01   200
   192      1  1.0E+00    193 (0.0E+00) 2.9E-05  7.9119708E-01   200
   193      1  1.0E+00    194 (0.0E+00) 3.8E-05  7.9119707E-01   200
   194      1  1.0E+00    195 (0.0E+00) 4.2E-05  7.9119707E-01   200
   195      1  1.0E+00    196 (0.0E+00) 4.6E-05  7.9119707E-01   200
   196      1  1.0E+00    197 (0.0E+00) 4.7E-05  7.9119706E-01   200
   197      1  1.0E+00    198 (0.0E+00) 4.3E-05  7.9119705E-01   200
   198      1  1.0E+00    199 (0.0E+00) 4.7E-05  7.9119703E-01   200
   199      1  1.0E+00    200 (0.0E+00) 4.0E-05  7.9119701E-01   200           R

 Major Minors     Step   nCon Feasible  Optimal  MeritFunction    nS Penalty
   200      1  1.0E+00    201 (0.0E+00) 8.1E-05  7.9119701E-01   200         s
   201      1  1.0E+00    202 (0.0E+00) 7.6E-06  7.9119700E-01   200
   201      2  1.0E+00    202 (0.0E+00) 7.8E-06  7.9119700E-01   200               c
   202      1  1.0E+00    203 (0.0E+00) 1.3E-05  7.9119700E-01   200
   203      1  1.0E+00    204 (0.0E+00) 1.5E-05  7.9119700E-01   200
   204      1  1.0E+00    205 (0.0E+00) 1.1E-05  7.9119700E-01   200
   205      1  1.0E+00    206 (0.0E+00) 8.4E-06  7.9119700E-01   200
   206      1  1.0E+00    207 (0.0E+00) 1.3E-05  7.9119700E-01   200
   207      1  1.0E+00    208 (0.0E+00) 2.1E-05  7.9119700E-01   200
   208      1  1.0E+00    209 (0.0E+00) 2.7E-05  7.9119699E-01   200
   209      1  1.0E+00    210 (0.0E+00) 2.4E-05  7.9119699E-01   200

 Major Minors     Step   nCon Feasible  Optimal  MeritFunction    nS Penalty
   210      1  1.0E+00    211 (0.0E+00) 1.4E-05  7.9119699E-01   200           R

 Major Minors     Step   nCon Feasible  Optimal  MeritFunction    nS Penalty
   210      2  1.0E+00    211 (0.0E+00) 1.3E-05  7.9119699E-01   200           R   c
   211      1  1.0E+00    212 (0.0E+00) 2.0E-05  7.9119699E-01   200         s
   211      1  1.0E+00    212 (0.0E+00) 2.0E-05  7.9119699E-01   200         s     c
   212      1  1.0E+00    213 (0.0E+00) 1.4E-05  7.9119699E-01   200
   213      1  1.0E+00    214 (0.0E+00) 1.7E-05  7.9119699E-01   200
   214      1  1.0E+00    215 (0.0E+00) 2.2E-05  7.9119699E-01   200
   215      1  1.0E+00    216 (0.0E+00) 1.5E-05  7.9119699E-01   200
   216      1  1.0E+00    217 (0.0E+00) 7.5E-06  7.9119699E-01   200
   216      2  1.0E+00    217 (0.0E+00) 8.1E-06  7.9119699E-01   200               c
   217      1  1.0E+00    218 (0.0E+00) 1.1E-05  7.9119699E-01   200
   217      1  1.0E+00    218 (0.0E+00) 1.1E-05  7.9119699E-01   200               c
   218      1  1.0E+00    219 (0.0E+00) 1.3E-05  7.9119699E-01   200
   218      1  1.0E+00    219 (0.0E+00) 1.3E-05  7.9119699E-01   200               c
   219      1  1.0E+00    220 (0.0E+00) 1.1E-05  7.9119699E-01   200
   219      1  1.0E+00    220 (0.0E+00) 1.1E-05  7.9119699E-01   200               c

 Major Minors     Step   nCon Feasible  Optimal  MeritFunction    nS Penalty
   220      1  1.0E+00    221 (0.0E+00) 6.4E-06  7.9119699E-01   200               c
   221      1  1.0E+00    222 (0.0E+00) 7.9E-06  7.9119699E-01   200           R   c
   222      1  1.0E+00    223 (0.0E+00) 1.0E-05  7.9119699E-01   200         s
   222      1  1.0E+00    223 (0.0E+00) 1.0E-05  7.9119699E-01   200         s     c
   223      1  1.0E+00    224 (0.0E+00) 8.4E-06  7.9119699E-01   200               c
   224      1  1.0E+00    225 (0.0E+00) 6.7E-06  7.9119699E-01   200               c
   225      1  1.0E+00    226 (0.0E+00) 5.9E-06  7.9119699E-01   200               c
   226      1  1.0E+00    227 (0.0E+00) 8.9E-06  7.9119699E-01   200               c
   227      1  1.0E+00    228 (0.0E+00) 1.2E-05  7.9119699E-01   200
   228      1  1.0E+00    229 (0.0E+00) 1.2E-05  7.9119699E-01   200
   229      1  1.0E+00    230 (0.0E+00) 9.7E-06  7.9119699E-01   200

 Major Minors     Step   nCon Feasible  Optimal  MeritFunction    nS Penalty
   230      1  1.0E+00    231 (0.0E+00) 6.0E-06  7.9119699E-01   200

 Major Minors     Step   nCon Feasible  Optimal  MeritFunction    nS Penalty
   230      2  1.0E+00    231 (0.0E+00) 5.3E-06  7.9119699E-01   200               c
   231      1  1.0E+00    232 (0.0E+00) 8.1E-06  7.9119699E-01   200               c
   232      1  1.0E+00    233 (0.0E+00) 1.0E-05  7.9119699E-01   200           R
   232      1  1.0E+00    233 (0.0E+00) 1.0E-05  7.9119699E-01   200           R   c
   233      1  1.0E+00    234 (0.0E+00) 6.3E-06  7.9119699E-01   200         s     c
   234      1  1.0E+00    235 (0.0E+00) 8.3E-06  7.9119699E-01   200               c
   235      1  1.0E+00    236 (0.0E+00) 7.2E-06  7.9119699E-01   200               c
   236      1  1.0E+00    237 (0.0E+00) 6.0E-06  7.9119699E-01   200               c
   237      1  1.0E+00    238 (0.0E+00) 4.4E-06  7.9119699E-01   200               c
   238      1  1.0E+00    239 (0.0E+00) 4.6E-06  7.9119699E-01   200               c
   239      1  1.0E+00    240 (0.0E+00) 3.5E-06  7.9119699E-01   200               c

 Major Minors     Step   nCon Feasible  Optimal  MeritFunction    nS Penalty
   240      1  1.0E+00    241 (0.0E+00) 4.4E-06  7.9119699E-01   200               c
   241      1  1.0E+00    242 (0.0E+00) 5.3E-06  7.9119699E-01   200               c
   242      1  1.0E+00    243 (0.0E+00) 5.8E-06  7.9119699E-01   200               c
   243      1  1.0E+00    244 (0.0E+00) 5.1E-06  7.9119699E-01   200           R   c
   244      1  4.3E-01    245 (0.0E+00) 8.0E-06  7.9119699E-01   200         s     c
   245      1  1.0E+00    246 (0.0E+00) 7.5E-06  7.9119699E-01   200               c
   246      1  1.0E+00    247 (0.0E+00) 3.3E-06  7.9119699E-01   200               c
   247      1  1.0E+00    248 (0.0E+00) 3.4E-06  7.9119699E-01   200               c
   248      1  1.0E+00    249 (0.0E+00) 5.4E-06  7.9119699E-01   200               c
   249      1  1.0E+00    250 (0.0E+00) 5.2E-06  7.9119699E-01   200               c

 Major Minors     Step   nCon Feasible  Optimal  MeritFunction    nS Penalty
   250      1  1.0E+00    251 (0.0E+00) 4.5E-06  7.9119699E-01   200               c
   251      1  1.0E+00    252 (0.0E+00) 6.1E-06  7.9119699E-01   200               c
   252      1  1.0E+00    253 (0.0E+00) 8.1E-06  7.9119699E-01   200               c
   253      1  1.0E+00    254 (0.0E+00) 8.8E-06  7.9119699E-01   200               c
   254      1  1.0E+00    255 (0.0E+00) 6.9E-06  7.9119699E-01   200           R   c
   255      1  1.0E+00    256 (0.0E+00) 4.9E-06  7.9119699E-01   200         s     c
   256      1  1.0E+00    257 (0.0E+00) 2.6E-06  7.9119699E-01   200               c
   257      1  1.0E+00    258 (0.0E+00) 2.9E-06  7.9119699E-01   200               c
   258      1  1.0E+00    259 (0.0E+00) 5.3E-06  7.9119699E-01   200               c
   259      1  1.0E+00    260 (0.0E+00) 4.7E-06  7.9119699E-01   200               c

 Major Minors     Step   nCon Feasible  Optimal  MeritFunction    nS Penalty
   260      1  1.0E+00    261 (0.0E+00) 2.7E-06  7.9119699E-01   200               c
   261      1  1.0E+00    262 (0.0E+00)(1.8E-06) 7.9119699E-01   200               c
 
 SNOPTA EXIT   0 -- finished successfully
 SNOPTA INFO   1 -- optimality conditions satisfied

 Problem name
 No. of iterations                 465   Objective value      7.9119698755E-01
 No. of major iterations           261   Linear objective     0.0000000000E+00
 Penalty parameter           0.000E+00   Nonlinear objective  7.9119698755E-01
 No. of calls to funobj         132023   No. of calls to funcon         132023
 Calls with modes 1,2 (known g)    262   Calls with modes 1,2 (known g)    262
 Calls for forward differencing  87234   Calls for forward differencing  87234
 Calls for central differencing  44220   Calls for central differencing  44220
 No. of superbasics                200   No. of basic nonlinears             0
 No. of degenerate steps             0   Percentage                        .00
 Max x       (scaled)      202 1.4E+00   Max pi      (scaled)        1 0.0E+00
 Max x                     202 1.4E+00   Max pi                      1 0.0E+00
 Max Prim inf(scaled)        0 0.0E+00   Max Dual inf(scaled)      210 3.7E-06
 Max Primal infeas           0 0.0E+00   Max Dual infeas           210 3.7E-06
 Nonlinear constraint violn    0.0E+00

 Solution not printed
