
 
 ===>  WARNING - variable      403 has no Jacobian entries.
 ===>  WARNING - variable      404 has no Jacobian entries.
 ===>  WARNING - variable      405 has no Jacobian entries.
 

 Nonlinear constraints       3     Linear constraints       0
 Nonlinear variables       402     Linear variables         3
 Jacobian  variables       402     Objective variables    402
 Total constraints           3     Total variables        405
 

 
 The user has defined       0   out of    1608   first  derivatives
 XXX  Some first  derivatives are missing --- derivative level reduced to 0
 

 Major Minors     Step   nCon Feasible  Optimal  MeritFunction    nS Penalty
     0     50               1 (0.0E+00) 1.1E+01  1.8955000E+02    50           r
     1      1  1.6E-01      2 (0.0E+00) 9.6E+00  7.9135974E+00    50         n rl
     2      2  6.0E-03      3 (0.0E+00) 1.6E+00  4.9375902E+00    50         s
     3      1  1.0E+00      4 (0.0E+00) 1.3E+00  4.6879206E+00    50
     4      1  1.0E+00      5 (0.0E+00) 2.7E+00  3.3639788E+00    50
     5      1  1.0E+00      6 (0.0E+00) 2.1E+00  2.8565399E+00    50
     6      1  1.0E+00      7 (0.0E+00) 8.9E-01  2.6794066E+00    50
     7      1  1.0E+00      8 (0.0E+00) 5.5E-01  2.6434583E+00    50
     8      1  1.0E+00      9 (0.0E+00) 1.1E+00  2.5178993E+00    50
     9      1  1.0E+00     10 (0.0E+00) 1.6E+00  2.3277304E+00    50

 Major Minors     Step   nCon Feasible  Optimal  MeritFunction    nS Penalty
    10      1  1.0E+00     11 (0.0E+00) 1.4E+00  2.1035950E+00    50
    11      1  1.0E+00     12 (0.0E+00) 8.8E-01  2.0115684E+00    50
    12      1  1.0E+00     13 (0.0E+00) 5.2E-01  1.9474318E+00    50           R
    13      1  1.0E+00     14 (0.0E+00) 4.5E-01  1.9174685E+00    50         s
    14      1  3.5E-01     15 (0.0E+00) 1.3E+00  1.7062809E+00    50
    15      1  1.0E+00     16 (0.0E+00) 3.5E-01  1.6028640E+00    50
    16      1  1.0E+00     17 (0.0E+00) 4.1E-01  1.5546050E+00    50
    17      1  1.0E+00     18 (0.0E+00) 4.9E-01  1.3948136E+00    50
    18      1  1.0E+00     19 (0.0E+00) 3.4E-01  1.3266775E+00    50
    19      1  1.0E+00     20 (0.0E+00) 4.7E-01  1.2236463E+00    50

 Major Minors     Step   nCon Feasible  Optimal  MeritFunction    nS Penalty
    20      1  1.0E+00     21 (0.0E+00) 3.5E-01  1.1847452E+00    50
    21      1  1.0E+00     22 (0.0E+00) 1.0E-01  1.1631883E+00    50
    22      1  1.0E+00     23 (0.0E+00) 1.2E-01  1.1488231E+00    50
    23      1  1.0E+00     24 (0.0E+00) 3.1E-01  1.1205550E+00    50           R
    24      1  2.3E-01     25 (0.0E+00) 1.3E-01  1.1160597E+00    50         s
    25      1  1.0E+00     26 (0.0E+00) 1.2E-01  1.1126774E+00    50
    26      1  1.0E+00     27 (0.0E+00) 1.2E-01  1.0926719E+00    50
    27      1  1.0E+00     28 (0.0E+00) 1.1E-01  1.0919166E+00    50
    28      1  1.0E+00     29 (0.0E+00) 1.4E-01  1.0734972E+00    50
    29      1  1.0E+00     30 (0.0E+00) 1.4E-01  1.0721444E+00    50

 Major Minors     Step   nCon Feasible  Optimal  MeritFunction    nS Penalty
    30      1  1.0E+00     31 (0.0E+00) 1.5E-01  1.0609229E+00    50
    31      1  1.0E+00     32 (0.0E+00) 1.3E-01  1.0523420E+00    50
    32      1  1.0E+00     33 (0.0E+00) 8.7E-02  1.0463323E+00    50
    33      1  1.0E+00     34 (0.0E+00) 6.6E-02  1.0448451E+00    50
    34      1  1.0E+00     35 (0.0E+00) 5.8E-02  1.0441242E+00    50           R
    35      1  1.0E+00     36 (0.0E+00) 4.8E-02  1.0436624E+00    50         s
    36      1  7.8E-02     37 (0.0E+00) 3.7E-01  1.0364479E+00    50
    37      1  1.0E+00     38 (0.0E+00) 8.3E-02  1.0236222E+00    50
    38      1  1.0E+00     39 (0.0E+00) 7.0E-02  1.0205410E+00    50
    39      1  1.0E+00     40 (0.0E+00) 4.1E-02  1.0151045E+00    50

 Major Minors     Step   nCon Feasible  Optimal  MeritFunction    nS Penalty
    40      1  1.0E+00     41 (0.0E+00) 4.2E-02  1.0027499E+00    50
    41      1  1.0E+00     42 (0.0E+00) 2.6E-02  1.0005069E+00    50
    42      1  1.0E+00     43 (0.0E+00) 1.1E-02  9.9994505E-01    50
    43      1  1.0E+00     44 (0.0E+00) 1.9E-02  9.9964639E-01    50
    44      1  1.0E+00     45 (0.0E+00) 2.4E-02  9.9920841E-01    50
    45      1  1.0E+00     46 (0.0E+00) 2.0E-02  9.9884043E-01    50           R
    46      1  1.8E-01     47 (0.0E+00) 1.9E-02  9.9880891E-01    50         s
    47      1  1.0E+00     48 (0.0E+00) 1.4E-02  9.9872661E-01    50
    48      1  1.0E+00     49 (0.0E+00) 1.2E-02  9.9862792E-01    50
    49      1  1.0E+00     50 (0.0E+00) 1.4E-02  9.9860832E-01    50

 Major Minors     Step   nCon Feasible  Optimal  MeritFunction    nS Penalty
    50      1  1.0E+00     51 (0.0E+00) 1.7E-02  9.9848293E-01    50
    51      1  1.0E+00     52 (0.0E+00) 1.6E-02  9.9843047E-01    50
    52      1  1.0E+00     53 (0.0E+00) 1.3E-02  9.9839865E-01    50
    53      1  1.0E+00     54 (0.0E+00) 9.9E-03  9.9838114E-01    50
    54      1  1.0E+00     55 (0.0E+00) 1.1E-02  9.9835848E-01    50
    55      1  1.0E+00     56 (0.0E+00) 1.3E-02  9.9833750E-01    50
    56      1  1.0E+00     57 (0.0E+00) 1.5E-02  9.9831623E-01    50           R
    57      1  1.0E+00     58 (0.0E+00) 1.1E-02  9.9830465E-01    50         s
    58      1  1.1E-01     59 (0.0E+00) 2.3E-02  9.9828619E-01    50
    59      1  1.0E+00     60 (0.0E+00) 1.4E-02  9.9822846E-01    50

 Major Minors     Step   nCon Feasible  Optimal  MeritFunction    nS Penalty
    60      1  1.0E+00     61 (0.0E+00) 1.6E-02  9.9819486E-01    50
    61      1  1.0E+00     62 (0.0E+00) 1.2E-02  9.9809530E-01    50
    62      1  1.0E+00     63 (0.0E+00) 8.0E-03  9.9805205E-01    50
    63      1  1.0E+00     64 (0.0E+00) 1.4E-02  9.9790371E-01    50
    64      1  1.0E+00     65 (0.0E+00) 1.9E-02  9.9775660E-01    50
    65      1  1.0E+00     66 (0.0E+00) 1.5E-02  9.9764297E-01    50
    66      1  1.0E+00     67 (0.0E+00) 7.6E-03  9.9760500E-01    50
    67      1  1.0E+00     68 (0.0E+00) 2.6E-03  9.9758733E-01    50           R
    68      1  1.0E+00     69 (0.0E+00) 1.4E-02  9.9758276E-01    50         s
    69      1  1.0E+00     70 (0.0E+00) 5.0E-03  9.9756680E-01    50

 Major Minors     Step   nCon Feasible  Optimal  MeritFunction    nS Penalty
    70      1  1.0E+00     71 (0.0E+00) 4.7E-03  9.9754666E-01    50
    71      1  1.0E+00     72 (0.0E+00) 2.6E-03  9.9753528E-01    50
    72      1  1.0E+00     73 (0.0E+00) 1.5E-03  9.9753066E-01    50
    73      1  1.0E+00     74 (0.0E+00) 2.2E-03  9.9752739E-01    50
    74      1  1.0E+00     75 (0.0E+00) 2.4E-03  9.9752388E-01    50
    75      1  1.0E+00     76 (0.0E+00) 1.8E-03  9.9752116E-01    50
    76      1  1.0E+00     77 (0.0E+00) 2.1E-03  9.9751950E-01    50
    77      1  1.0E+00     78 (0.0E+00) 2.8E-03  9.9751793E-01    50
    78      1  1.0E+00     79 (0.0E+00) 3.4E-03  9.9751510E-01    50           R
    79      1  4.8E-01     80 (0.0E+00) 2.2E-03  9.9751469E-01    50         s

 Major Minors     Step   nCon Feasible  Optimal  MeritFunction    nS Penalty
    80      1  1.0E+00     81 (0.0E+00) 1.7E-03  9.9751307E-01    50
    81      1  1.0E+00     82 (0.0E+00) 1.6E-03  9.9751139E-01    50
    82      1  1.0E+00     83 (0.0E+00) 1.5E-03  9.9751099E-01    50
    83      1  1.0E+00     84 (0.0E+00) 1.1E-03  9.9751025E-01    50
    84      1  1.0E+00     85 (0.0E+00) 1.3E-03  9.9751002E-01    50
    85      1  1.0E+00     86 (0.0E+00) 1.5E-03  9.9750957E-01    50
    86      1  1.0E+00     87 (0.0E+00) 1.6E-03  9.9750880E-01    50
    87      1  1.0E+00     88 (0.0E+00) 1.4E-03  9.9750715E-01    50
    88      1  1.0E+00     89 (0.0E+00) 1.3E-03  9.9750466E-01    50
    89      1  1.0E+00     90 (0.0E+00) 1.5E-03  9.9750201E-01    50           R

 Major Minors     Step   nCon Feasible  Optimal  MeritFunction    nS Penalty
    90      1  1.0E+00     91 (0.0E+00) 3.8E-03  9.9750123E-01    50         s
    91      1  1.0E+00     92 (0.0E+00) 3.4E-03  9.9750039E-01    50
    92      1  1.0E+00     93 (0.0E+00) 1.1E-03  9.9749971E-01    50
    93      1  1.0E+00     94 (0.0E+00) 8.7E-04  9.9749947E-01    50
    94      1  1.0E+00     95 (0.0E+00) 2.2E-03  9.9749849E-01    50
    95      1  1.0E+00     96 (0.0E+00) 1.8E-03  9.9749799E-01    50
    96      1  1.0E+00     97 (0.0E+00) 7.5E-04  9.9749772E-01    50
    97      1  1.0E+00     98 (0.0E+00) 1.0E-03  9.9749760E-01    50
    98      1  1.0E+00     99 (0.0E+00) 1.6E-03  9.9749742E-01    50
    99      1  1.0E+00    100 (0.0E+00) 2.0E-03  9.9749713E-01    50

 Major Minors     Step   nCon Feasible  Optimal  MeritFunction    nS Penalty
   100      1  1.0E+00    101 (0.0E+00) 1.9E-03  9.9749671E-01    50           R
   101      1  4.1E-01    102 (0.0E+00) 7.5E-04  9.9749660E-01    50         s
   102      1  1.0E+00    103 (0.0E+00) 6.8E-04  9.9749648E-01    50
   103      1  1.0E+00    104 (0.0E+00) 8.0E-04  9.9749629E-01    50
   104      1  1.0E+00    105 (0.0E+00) 8.0E-04  9.9749626E-01    50
   105      1  1.0E+00    106 (0.0E+00) 7.0E-04  9.9749590E-01    50
   106      1  1.0E+00    107 (0.0E+00) 5.3E-04  9.9749567E-01    50
   107      1  1.0E+00    108 (0.0E+00) 6.6E-04  9.9749551E-01    50
   108      1  1.0E+00    109 (0.0E+00) 7.1E-04  9.9749546E-01    50
   109      1  1.0E+00    110 (0.0E+00) 7.3E-04  9.9749541E-01    50

 Major Minors     Step   nCon Feasible  Optimal  MeritFunction    nS Penalty
   110      1  1.0E+00    111 (0.0E+00) 7.5E-04  9.9749531E-01    50
   111      1  1.0E+00    112 (0.0E+00) 7.5E-04  9.9749516E-01    50           R
   112      1  1.0E+00    113 (0.0E+00) 1.1E-03  9.9749509E-01    50         s
   113      1  1.0E+00    114 (0.0E+00) 1.6E-03  9.9749494E-01    50
   114      1  1.0E+00    115 (0.0E+00) 5.7E-04  9.9749483E-01    50
   115      1  1.0E+00    116 (0.0E+00) 7.4E-04  9.9749474E-01    50
   116      1  1.0E+00    117 (0.0E+00) 1.3E-03  9.9749450E-01    50
   117      1  1.0E+00    118 (0.0E+00) 1.3E-03  9.9749427E-01    50
   118      1  1.0E+00    119 (0.0E+00) 7.1E-04  9.9749406E-01    50
   119      1  1.0E+00    120 (0.0E+00) 7.5E-04  9.9749391E-01    50

 Major Minors     Step   nCon Feasible  Optimal  MeritFunction    nS Penalty
   120      1  1.0E+00    121 (0.0E+00) 1.4E-03  9.9749373E-01    50
   121      1  1.0E+00    122 (0.0E+00) 2.0E-03  9.9749343E-01    50
   122      1  1.0E+00    123 (0.0E+00) 2.1E-03  9.9749293E-01    50           R
   123      1  4.2E-01    124 (0.0E+00) 1.1E-03  9.9749278E-01    50         s
   124      1  1.0E+00    125 (0.0E+00) 8.6E-04  9.9749261E-01    50
   125      1  1.0E+00    126 (0.0E+00) 3.2E-04  9.9749242E-01    50
   126      1  1.0E+00    127 (0.0E+00) 3.1E-04  9.9749239E-01    50
   127      1  1.0E+00    128 (0.0E+00) 5.4E-04  9.9749216E-01    50
   128      1  1.0E+00    129 (0.0E+00) 5.1E-04  9.9749209E-01    50
   129      1  1.0E+00    130 (0.0E+00) 4.0E-04  9.9749206E-01    50

 Major Minors     Step   nCon Feasible  Optimal  MeritFunction    nS Penalty
   130      1  1.0E+00    131 (0.0E+00) 3.7E-04  9.9749205E-01    50
   131      1  1.0E+00    132 (0.0E+00) 3.5E-04  9.9749203E-01    50
   132      1  1.0E+00    133 (0.0E+00) 4.6E-04  9.9749200E-01    50
   133      1  1.0E+00    134 (0.0E+00) 5.0E-04  9.9749198E-01    50           R
   134      1  1.0E+00    135 (0.0E+00) 3.7E-04  9.9749197E-01    50         s
   135      1  2.3E-01    136 (0.0E+00) 6.9E-04  9.9749194E-01    50
   136      1  1.0E+00    137 (0.0E+00) 3.8E-04  9.9749189E-01    50
   137      1  1.0E+00    138 (0.0E+00) 5.8E-04  9.9749185E-01    50
   138      1  1.0E+00    139 (0.0E+00) 8.8E-04  9.9749171E-01    50
   139      1  1.0E+00    140 (0.0E+00) 7.4E-04  9.9749159E-01    50

 Major Minors     Step   nCon Feasible  Optimal  MeritFunction    nS Penalty
   140      1  1.0E+00    141 (0.0E+00) 2.8E-04  9.9749139E-01    50
   141      1  1.0E+00    142 (0.0E+00) 6.3E-04  9.9749115E-01    50
   142      1  1.0E+00    143 (0.0E+00) 8.5E-04  9.9749089E-01    50
   143      1  1.0E+00    144 (0.0E+00) 5.6E-04  9.9749076E-01    50
   144      1  1.0E+00    145 (0.0E+00) 2.1E-04  9.9749072E-01    50           R
   145      1  2.4E-01    146 (0.0E+00) 1.5E-04  9.9749072E-01    50         s
   146      1  1.0E+00    147 (0.0E+00) 1.4E-04  9.9749072E-01    50
   147      1  1.0E+00    148 (0.0E+00) 1.3E-04  9.9749069E-01    50
   148      1  1.0E+00    149 (0.0E+00) 1.2E-04  9.9749069E-01    50
   149      1  1.0E+00    150 (0.0E+00) 2.0E-04  9.9749068E-01    50

 Major Minors     Step   nCon Feasible  Optimal  MeritFunction    nS Penalty
   150      1  1.0E+00    151 (0.0E+00) 2.0E-04  9.9749068E-01    50
   151      1  1.0E+00    152 (0.0E+00) 1.9E-04  9.9749067E-01    50
   152      1  1.0E+00    153 (0.0E+00) 1.6E-04  9.9749067E-01    50
   153      1  1.0E+00    154 (0.0E+00) 9.6E-05  9.9749066E-01    50
   154      1  1.0E+00    155 (0.0E+00) 8.1E-05  9.9749066E-01    50
   155      1  1.0E+00    156 (0.0E+00) 1.0E-04  9.9749066E-01    50           R
   155      2  1.0E+00    156 (0.0E+00) 1.1E-04  9.9749066E-01    50           R   c
   156      1  1.0E+00    157 (0.0E+00) 1.1E-04  9.9749066E-01    50         s
   157      1  2.1E-01    158 (0.0E+00) 2.4E-04  9.9749066E-01    50
   158      1  8.3E-02    159 (0.0E+00) 1.2E-04  9.9749065E-01    50
   159      1  4.6E-01    160 (0.0E+00) 6.7E-05  9.9749064E-01    50

 Major Minors     Step   nCon Feasible  Optimal  MeritFunction    nS Penalty
   160      1  1.0E+00    161 (0.0E+00) 7.8E-05  9.9749064E-01    50
   161      1  1.0E+00    162 (0.0E+00) 8.5E-05  9.9749063E-01    50
   162      1  1.0E+00    163 (0.0E+00) 5.3E-05  9.9749062E-01    50
   163      1  1.0E+00    164 (0.0E+00) 2.9E-05  9.9749062E-01    50
   164      1  1.0E+00    165 (0.0E+00) 2.2E-05  9.9749062E-01    50
   165      1  1.0E+00    166 (0.0E+00) 2.7E-05  9.9749061E-01    50
   166      1  1.0E+00    167 (0.0E+00) 2.1E-05  9.9749061E-01    50           R
   167      1  1.9E-01    168 (0.0E+00) 4.9E-05  9.9749061E-01    50         s
   168      1  1.0E+00    169 (0.0E+00) 1.8E-05  9.9749061E-01    50
   169      1  1.0E+00    170 (0.0E+00) 3.3E-05  9.9749061E-01    50

 Major Minors     Step   nCon Feasible  Optimal  MeritFunction    nS Penalty
   170      1  1.0E+00    171 (0.0E+00) 4.4E-05  9.9749061E-01    50
   171      1  1.0E+00    172 (0.0E+00) 3.9E-05  9.9749061E-01    50
   172      1  1.0E+00    173 (0.0E+00) 2.3E-05  9.9749061E-01    50
   173      1  1.0E+00    174 (0.0E+00) 1.9E-05  9.9749061E-01    50
   174      1  1.0E+00    175 (0.0E+00) 2.9E-05  9.9749061E-01    50
   175      1  1.0E+00    176 (0.0E+00) 2.9E-05  9.9749061E-01    50
   176      1  1.0E+00    177 (0.0E+00) 2.2E-05  9.9749061E-01    50
   177      1  1.0E+00    178 (0.0E+00) 1.2E-05  9.9749061E-01    50           R
   177      2  1.0E+00    178 (0.0E+00) 2.0E-05  9.9749061E-01    50           R   c
   178      1  1.0E+00    179 (0.0E+00) 1.6E-05  9.9749061E-01    50         s
   179      1  2.0E-01    180 (0.0E+00) 4.2E-05  9.9749061E-01    50

 Major Minors     Step   nCon Feasible  Optimal  MeritFunction    nS Penalty
   180      1  4.7E-01    181 (0.0E+00) 2.6E-05  9.9749061E-01    50

 Major Minors     Step   nCon Feasible  Optimal  MeritFunction    nS Penalty
   180      2  1.0E+00    181 (0.0E+00) 1.9E-05  9.9749061E-01    50               c
   181      1  1.0E+00    182 (0.0E+00) 2.0E-05  9.9749061E-01    50
   182      1  1.0E+00    183 (0.0E+00) 2.2E-05  9.9749061E-01    50
   182      2  1.0E+00    183 (0.0E+00) 1.6E-05  9.9749061E-01    50               c
   183      1  1.0E+00    184 (0.0E+00) 1.7E-05  9.9749061E-01    50
   184      1  1.0E+00    185 (0.0E+00) 2.4E-05  9.9749061E-01    50
   185      1  1.0E+00    186 (0.0E+00) 2.4E-05  9.9749061E-01    50
   186      1  1.0E+00    187 (0.0E+00) 9.4E-06  9.9749061E-01    50
   187      1  1.0E+00    188 (0.0E+00) 8.9E-06  9.9749061E-01    50
   188      1  1.0E+00    189 (0.0E+00) 9.5E-06  9.9749061E-01    50           R
   189      1  3.0E-01    190 (0.0E+00) 1.7E-05  9.9749061E-01    50         s
   189      2  1.0E+00    190 (0.0E+00) 2.4E-05  9.9749061E-01    50         s     c

 Major Minors     Step   nCon Feasible  Optimal  MeritFunction    nS Penalty
   190      1  1.0E+00    191 (0.0E+00) 1.6E-05  9.9749061E-01    50
   191      1  1.0E+00    192 (0.0E+00) 1.3E-05  9.9749061E-01    50
   191      2  1.0E+00    192 (0.0E+00) 1.6E-05  9.9749061E-01    50               c
   192      1  1.0E+00    193 (0.0E+00) 1.4E-05  9.9749061E-01    50
   193      1  1.0E+00    194 (0.0E+00) 1.3E-05  9.9749061E-01    50
   193      2             194 (0.0E+00) 8.2E-06  9.9749061E-01    50               c
   194      1  1.0E+00    195 (0.0E+00) 9.1E-06  9.9749061E-01    50               c
   195      1  1.0E+00    196 (0.0E+00) 9.8E-06  9.9749061E-01    50               c
   196      1  1.0E+00    197 (0.0E+00) 8.1E-06  9.9749061E-01    50               c
   197      1  1.0E+00    198 (0.0E+00) 7.6E-06  9.9749061E-01    50               c
   198      1  1.0E+00    199 (0.0E+00) 1.0E-05  9.9749061E-01    50               c
   199      1  1.0E+00    200 (0.0E+00) 1.0E-05  9.9749061E-01    50           R   c

 Major Minors     Step   nCon Feasible  Optimal  MeritFunction    nS Penalty
   200      1  1.0E+00    201 (0.0E+00) 8.0E-06  9.9749061E-01    50         s     c
   201      1  4.0E-01    202 (0.0E+00) 7.3E-06  9.9749061E-01    50               c
   202      1  1.0E+00    203 (0.0E+00) 9.4E-06  9.9749061E-01    50               c
   203      1  1.0E+00    204 (0.0E+00) 1.2E-05  9.9749061E-01    50
   203      1  1.0E+00    204 (0.0E+00) 1.2E-05  9.9749061E-01    50               c
   204      1  1.0E+00    205 (0.0E+00) 1.1E-05  9.9749061E-01    50               c
   205      1  1.0E+00    206 (0.0E+00) 7.3E-06  9.9749061E-01    50               c
   206      1  1.0E+00    207 (0.0E+00) 8.5E-06  9.9749061E-01    50               c
   207      1  1.0E+00    208 (0.0E+00) 1.2E-05  9.9749061E-01    50
   207      1  1.0E+00    208 (0.0E+00) 1.2E-05  9.9749061E-01    50               c
   208      1  1.0E+00    209 (0.0E+00) 1.2E-05  9.9749061E-01    50
   209      1  1.0E+00    210 (0.0E+00) 1.1E-05  9.9749061E-01    50
   209      2  1.0E+00    210 (0.0E+00) 9.6E-06  9.9749061E-01    50               c

 Major Minors     Step   nCon Feasible  Optimal  MeritFunction    nS Penalty
   210      1  1.0E+00    211 (0.0E+00) 7.7E-06  9.9749061E-01    50           R   c
   211      1  1.0E+00    212 (0.0E+00) 8.4E-06  9.9749061E-01    50         s     c
   212      1  1.4E-01    213 (0.0E+00) 1.6E-05  9.9749061E-01    50
   213      1  1.0E+00    214 (0.0E+00) 2.1E-05  9.9749061E-01    50
   213      2  1.0E+00    214 (0.0E+00) 1.2E-05  9.9749061E-01    50               c
   214      1  1.0E+00    215 (0.0E+00) 6.9E-06  9.9749061E-01    50               c
   215      1  1.0E+00    216 (0.0E+00) 6.8E-06  9.9749061E-01    50               c
   216      1  1.0E+00    217 (0.0E+00) 5.5E-06  9.9749061E-01    50               c
   217      1  1.0E+00    218 (0.0E+00) 7.0E-06  9.9749061E-01    50               c
   218      1  1.0E+00    219 (0.0E+00) 5.8E-06  9.9749061E-01    50               c
   219      1  1.0E+00    220 (0.0E+00) 4.4E-06  9.9749061E-01    50               c

 Major Minors     Step   nCon Feasible  Optimal  MeritFunction    nS Penalty
   220      1  1.0E+00    221 (0.0E+00) 3.5E-06  9.9749061E-01    50               c
   221      1  1.0E+00    222 (0.0E+00) 4.3E-06  9.9749061E-01    50           R   c
   222      1  1.0E+00    223 (0.0E+00) 1.5E-05  9.9749061E-01    50         s
   222      1             223 (0.0E+00) 1.5E-05  9.9749061E-01    50         s     c
   223      1  3.2E-01    224 (0.0E+00) 6.2E-06  9.9749061E-01    50               c
   224      1  1.0E+00    225 (0.0E+00) 2.5E-06  9.9749061E-01    50               c
   225      1  1.0E+00    226 (0.0E+00) 5.4E-06  9.9749061E-01    50               c
   226      1  1.0E+00    227 (0.0E+00) 3.2E-06  9.9749061E-01    50               c
   227      1  1.0E+00    228 (0.0E+00) 2.5E-06  9.9749061E-01    50               c
   228      1  1.0E+00    229 (0.0E+00) 3.2E-06  9.9749061E-01    50               c
   229      1  1.0E+00    230 (0.0E+00) 3.0E-06  9.9749061E-01    50               c

 Major Minors     Step   nCon Feasible  Optimal  MeritFunction    nS Penalty
   230      1  1.0E+00    231 (0.0E+00) 2.3E-06  9.9749061E-01    50               c
   231      1  1.0E+00    232 (0.0E+00)(1.9E-06) 9.9749061E-01    50               c
 
 SNOPTA EXIT   0 -- finished successfully
 SNOPTA INFO   1 -- optimality conditions satisfied

 Problem name
 No. of iterations                 291   Objective value      9.9749060867E-01
 No. of major iterations           231   Linear objective     0.0000000000E+00
 Penalty parameter           0.000E+00   Nonlinear objective  9.9749060867E-01
 No. of calls to funobj         120312   No. of calls to funcon         120312
 Calls with modes 1,2 (known g)    232   Calls with modes 1,2 (known g)    232
 Calls for forward differencing  76380   Calls for forward differencing  76380
 Calls for central differencing  43416   Calls for central differencing  43416
 No. of superbasics                 50   No. of basic nonlinears             0
 No. of degenerate steps             0   Percentage                        .00
 Max x       (scaled)      202 1.1E+00   Max pi      (scaled)        1 0.0E+00
 Max x                     202 1.1E+00   Max pi                      1 0.0E+00
 Max Prim inf(scaled)        0 0.0E+00   Max Dual inf(scaled)        1 3.8E-06
 Max Primal infeas           0 0.0E+00   Max Dual infeas             1 3.8E-06
 Nonlinear constraint violn    0.0E+00

 Solution not printed
