
 
 ===>  WARNING - variable     2003 has no Jacobian entries.
 ===>  WARNING - variable     2004 has no Jacobian entries.
 ===>  WARNING - variable     2005 has no Jacobian entries.
 

 Nonlinear constraints       3     Linear constraints       0
 Nonlinear variables      2002     Linear variables         3
 Jacobian  variables      2002     Objective variables   2002
 Total constraints           3     Total variables       2005
 

 
 The user has defined       0   out of    8008   first  derivatives
 XXX  Some first  derivatives are missing --- derivative level reduced to 0
 

 Major Minors     Step   nCon Feasible  Optimal  MeritFunction    nS Penalty
     0     99               1 (0.0E+00) 5.4E+00  1.9495000E+02    99           r  T
     1      2  1.1E-01      2 (0.0E+00) 5.5E+00  7.0009523E+00   100         n rl
     2      2  3.8E-03      3 (0.0E+00) 6.4E-01  3.7430900E+00   100         s
     3      1  1.0E+00      4 (0.0E+00) 5.6E-01  3.6266927E+00   100
     4      1  1.0E+00      5 (0.0E+00) 9.5E-01  3.4818096E+00   100
     5      1  1.0E+00      6 (0.0E+00) 1.5E+00  3.1248040E+00   100
     6      1  1.0E+00      7 (0.0E+00) 1.4E+00  2.7567656E+00   100
     7      1  1.0E+00      8 (0.0E+00) 7.9E-01  2.4772553E+00   100           R
     8      1  1.0E+00      9 (0.0E+00) 2.3E-01  2.3879916E+00   100         s
     9      1  1.0E+00     10 (0.0E+00) 2.2E-01  2.3657350E+00   100

 Major Minors     Step   nCon Feasible  Optimal  MeritFunction    nS Penalty
    10      1  1.0E+00     11 (0.0E+00) 5.7E-01  2.0611287E+00   100
    11      1  1.0E+00     12 (0.0E+00) 4.7E-01  1.9590329E+00   100
    12      1  1.0E+00     13 (0.0E+00) 3.6E-01  1.8871721E+00   100
    13      1  1.0E+00     14 (0.0E+00) 5.6E-01  1.8427551E+00   100           R
    14      1  1.0E+00     15 (0.0E+00) 3.3E-01  1.8112578E+00   100         s
    15      1  1.0E+00     16 (0.0E+00) 2.5E-01  1.6192943E+00   100
    16      1  1.0E+00     17 (0.0E+00) 1.0E-01  1.5490578E+00   100
    17      1  1.0E+00     18 (0.0E+00) 1.1E-01  1.5301069E+00   100
    18      1  1.0E+00     19 (0.0E+00) 3.8E-01  1.3794096E+00   100
    19      1  1.0E+00     20 (0.0E+00) 4.2E-01  1.2490402E+00   100           R

 Major Minors     Step   nCon Feasible  Optimal  MeritFunction    nS Penalty
    20      1  3.6E-01     21 (0.0E+00) 2.3E-01  1.2201515E+00   100         s
    21      1  1.0E+00     22 (0.0E+00) 2.2E-01  1.2118733E+00   100
    22      1  1.0E+00     23 (0.0E+00) 6.1E-02  1.1508550E+00   100
    23      1  1.0E+00     24 (0.0E+00) 5.9E-02  1.1494236E+00   100
    24      1  1.0E+00     25 (0.0E+00) 7.9E-02  1.1296691E+00   100
    25      1  1.0E+00     26 (0.0E+00) 1.1E-01  1.1032815E+00   100           R
    26      1  1.0E+00     27 (0.0E+00) 1.5E-01  1.0989772E+00   100         s
    27      1  1.0E+00     28 (0.0E+00) 1.3E-01  1.0653520E+00   100
    28      1  1.0E+00     29 (0.0E+00) 8.2E-02  1.0590794E+00   100
    29      1  1.0E+00     30 (0.0E+00) 8.0E-02  1.0537550E+00   100

 Major Minors     Step   nCon Feasible  Optimal  MeritFunction    nS Penalty
    30      1  1.0E+00     31 (0.0E+00) 1.6E-01  1.0352265E+00   100
    31      1  1.0E+00     32 (0.0E+00) 2.1E-01  1.0110360E+00   100           R
    32      1  4.5E-01     33 (0.0E+00) 8.4E-02  1.0060628E+00   100         s
    33      1  1.0E+00     34 (0.0E+00) 7.2E-02  1.0002752E+00   100
    34      1  1.0E+00     35 (0.0E+00) 4.3E-02  9.7845312E-01   100
    35      1  1.0E+00     36 (0.0E+00) 4.5E-02  9.7759870E-01   100
    36      1  1.0E+00     37 (0.0E+00) 5.2E-02  9.6921620E-01   100
    37      1  1.0E+00     38 (0.0E+00) 6.7E-02  9.6337549E-01   100           R
    38      1  1.0E+00     39 (0.0E+00) 9.1E-02  9.6207475E-01   100         s
    39      1  5.0E-01     40 (0.0E+00) 9.4E-02  9.4901839E-01   100

 Major Minors     Step   nCon Feasible  Optimal  MeritFunction    nS Penalty
    40      1  1.0E+00     41 (0.0E+00) 3.0E-02  9.4534279E-01   100
    41      1  1.0E+00     42 (0.0E+00) 1.1E-01  9.3767538E-01   100
    42      1  1.0E+00     43 (0.0E+00) 2.2E-01  9.2215300E-01   100
    43      1  1.0E+00     44 (0.0E+00) 2.6E-01  9.0063509E-01   100           R
    44      1  1.5E-01     45 (0.0E+00) 5.1E-02  8.9323229E-01   100         s
    45      1  1.0E+00     46 (0.0E+00) 4.9E-02  8.9251824E-01   100
    46      1  1.0E+00     47 (0.0E+00) 2.1E-02  8.8616445E-01   100
    47      1  1.0E+00     48 (0.0E+00) 2.1E-02  8.8606248E-01   100
    48      1  1.0E+00     49 (0.0E+00) 4.0E-02  8.8295414E-01   100
    49      1  1.0E+00     50 (0.0E+00) 4.2E-02  8.8268986E-01   100           R

 Major Minors     Step   nCon Feasible  Optimal  MeritFunction    nS Penalty
    50      1  1.0E+00     51 (0.0E+00) 3.9E-02  8.8248110E-01   100         s
    51      1  6.3E-02     52 (0.0E+00) 9.2E-02  8.8174836E-01   100
    52      1  1.0E+00     53 (0.0E+00) 3.5E-02  8.7778967E-01   100
    53      1  1.0E+00     54 (0.0E+00) 3.5E-02  8.7581261E-01   100
    54      1  1.0E+00     55 (0.0E+00) 1.2E-02  8.6021888E-01   100
    55      1  1.0E+00     56 (0.0E+00) 8.8E-03  8.5984270E-01   100           R
    56      1  1.0E+00     57 (0.0E+00) 1.1E-02  8.5973134E-01   100         s
    57      1  1.2E-02     58 (0.0E+00) 3.9E-02  8.5954340E-01   100
    58      1  2.5E-01     59 (0.0E+00) 1.9E-02  8.5852896E-01   100
    59      1  2.3E-01     60 (0.0E+00) 2.0E-02  8.5831248E-01   100

 Major Minors     Step   nCon Feasible  Optimal  MeritFunction    nS Penalty
    60      1  1.0E+00     61 (0.0E+00) 2.0E-02  8.5779466E-01   100
    61      1  1.0E+00     62 (0.0E+00) 1.4E-02  8.5740884E-01   100           R
    62      1  2.9E-02     63 (0.0E+00) 9.6E-03  8.5738448E-01   100         s
    63      1  1.0E+00     64 (0.0E+00) 9.1E-03  8.5737399E-01   100
    64      1  1.0E+00     65 (0.0E+00) 4.7E-03  8.5732379E-01   100
    65      1  1.0E+00     66 (0.0E+00) 4.7E-03  8.5732065E-01   100
    66      1  1.0E+00     67 (0.0E+00) 5.3E-03  8.5724865E-01   100
    67      1  1.0E+00     68 (0.0E+00) 7.2E-03  8.5722052E-01   100           R
    68      1  1.0E+00     69 (0.0E+00) 8.0E-03  8.5721485E-01   100         s
    69      1  2.3E-01     70 (0.0E+00) 7.9E-03  8.5719518E-01   100

 Major Minors     Step   nCon Feasible  Optimal  MeritFunction    nS Penalty
    70      1  1.0E+00     71 (0.0E+00) 6.0E-03  8.5717935E-01   100
    71      1  1.0E+00     72 (0.0E+00) 6.1E-03  8.5717316E-01   100
    72      1  1.0E+00     73 (0.0E+00) 5.5E-03  8.5703058E-01   100
    73      1  1.0E+00     74 (0.0E+00) 4.8E-03  8.5701212E-01   100           R
    74      1  1.0E+00     75 (0.0E+00) 4.2E-03  8.5699679E-01   100         s
    75      1  5.7E-02     76 (0.0E+00) 1.1E-02  8.5696186E-01   100
    76      1  1.0E+00     77 (0.0E+00) 3.6E-03  8.5692601E-01   100
    77      1  1.0E+00     78 (0.0E+00) 7.3E-03  8.5690887E-01   100
    78      1  1.0E+00     79 (0.0E+00) 7.6E-03  8.5687182E-01   100
    79      1  1.0E+00     80 (0.0E+00) 3.2E-03  8.5680343E-01   100           R

 Major Minors     Step   nCon Feasible  Optimal  MeritFunction    nS Penalty
    80      1  7.1E-02     81 (0.0E+00) 6.9E-03  8.5680079E-01   100         s
    81      1  1.0E+00     82 (0.0E+00) 6.2E-03  8.5679800E-01   100
    82      1  1.0E+00     83 (0.0E+00) 2.2E-03  8.5678879E-01   100
    83      1  1.0E+00     84 (0.0E+00) 2.6E-03  8.5678684E-01   100
    84      1  1.0E+00     85 (0.0E+00) 5.1E-03  8.5676775E-01   100
    85      1  1.0E+00     86 (0.0E+00) 5.3E-03  8.5675360E-01   100           R
    86      1  1.0E+00     87 (0.0E+00) 3.0E-03  8.5675048E-01   100         s
    87      1  1.0E+00     88 (0.0E+00) 2.4E-03  8.5674325E-01   100
    88      1  1.0E+00     89 (0.0E+00) 2.9E-03  8.5674192E-01   100
    89      1  1.0E+00     90 (0.0E+00) 3.3E-03  8.5673963E-01   100

 Major Minors     Step   nCon Feasible  Optimal  MeritFunction    nS Penalty
    90      1  1.0E+00     91 (0.0E+00) 3.7E-03  8.5673507E-01   100
    91      1  1.0E+00     92 (0.0E+00) 3.9E-03  8.5672923E-01   100           R
    92      1  3.9E-01     93 (0.0E+00) 3.2E-03  8.5672766E-01   100         s
    93      1  1.0E+00     94 (0.0E+00) 2.9E-03  8.5672672E-01   100
    94      1  1.0E+00     95 (0.0E+00) 2.9E-03  8.5672362E-01   100
    95      1  1.0E+00     96 (0.0E+00) 3.0E-03  8.5672324E-01   100
    96      1  1.0E+00     97 (0.0E+00) 3.7E-03  8.5671680E-01   100
    97      1  1.0E+00     98 (0.0E+00) 3.3E-03  8.5671178E-01   100           R
    98      1  1.0E+00     99 (0.0E+00) 2.2E-03  8.5671053E-01   100         s
    99      1  1.0E+00    100 (0.0E+00) 3.1E-03  8.5670723E-01   100

 Major Minors     Step   nCon Feasible  Optimal  MeritFunction    nS Penalty
   100      1  1.0E+00    101 (0.0E+00) 2.4E-03  8.5670378E-01   100
   101      1  1.0E+00    102 (0.0E+00) 2.6E-03  8.5670184E-01   100
   102      1  1.0E+00    103 (0.0E+00) 2.7E-03  8.5669559E-01   100
   103      1  1.0E+00    104 (0.0E+00) 2.2E-03  8.5669083E-01   100           R
   104      1  3.7E-01    105 (0.0E+00) 3.6E-03  8.5668979E-01   100         s
   105      1  1.0E+00    106 (0.0E+00) 3.1E-03  8.5668855E-01   100
   106      1  1.0E+00    107 (0.0E+00) 2.5E-03  8.5668536E-01   100
   107      1  1.0E+00    108 (0.0E+00) 2.7E-03  8.5668464E-01   100
   108      1  1.0E+00    109 (0.0E+00) 3.5E-03  8.5667902E-01   100
   109      1  1.0E+00    110 (0.0E+00) 3.1E-03  8.5667564E-01   100           R

 Major Minors     Step   nCon Feasible  Optimal  MeritFunction    nS Penalty
   110      1  1.0E+00    111 (0.0E+00) 1.9E-03  8.5667473E-01   100         s
   111      1  1.0E+00    112 (0.0E+00) 2.2E-03  8.5667075E-01   100
   112      1  1.0E+00    113 (0.0E+00) 2.6E-03  8.5666901E-01   100
   113      1  1.0E+00    114 (0.0E+00) 2.4E-03  8.5666011E-01   100
   114      1  1.0E+00    115 (0.0E+00) 2.0E-03  8.5665854E-01   100
   115      1  1.0E+00    116 (0.0E+00) 3.4E-03  8.5665176E-01   100           R
   116      1  4.8E-01    117 (0.0E+00) 3.3E-03  8.5665050E-01   100         s
   117      1  1.0E+00    118 (0.0E+00) 3.1E-03  8.5664844E-01   100
   118      1  1.0E+00    119 (0.0E+00) 2.2E-03  8.5664166E-01   100
   119      1  1.0E+00    120 (0.0E+00) 2.0E-03  8.5664051E-01   100

 Major Minors     Step   nCon Feasible  Optimal  MeritFunction    nS Penalty
   120      1  1.0E+00    121 (0.0E+00) 1.6E-03  8.5663658E-01   100
   121      1  1.0E+00    122 (0.0E+00) 1.8E-03  8.5663587E-01   100           R
   122      1  1.0E+00    123 (0.0E+00) 1.6E-03  8.5663553E-01   100         s
   123      1  1.1E-01    124 (0.0E+00) 3.8E-03  8.5663027E-01   100
   124      1  1.0E+00    125 (0.0E+00) 1.7E-03  8.5662299E-01   100
   125      1  1.0E+00    126 (0.0E+00) 5.4E-03  8.5661133E-01   100
   126      1  1.0E+00    127 (0.0E+00) 8.5E-03  8.5658967E-01   100
   127      1  1.0E+00    128 (0.0E+00) 5.4E-03  8.5655533E-01   100           R
   128      1  7.0E-02    129 (0.0E+00) 1.1E-03  8.5655253E-01   100         s
   129      1  1.0E+00    130 (0.0E+00) 1.1E-03  8.5655092E-01   100

 Major Minors     Step   nCon Feasible  Optimal  MeritFunction    nS Penalty
   130      1  1.0E+00    131 (0.0E+00) 9.1E-04  8.5654856E-01   100
   131      1  1.0E+00    132 (0.0E+00) 9.0E-04  8.5654851E-01   100
   132      1  1.0E+00    133 (0.0E+00) 7.1E-04  8.5654777E-01   100
   133      1  1.0E+00    134 (0.0E+00) 7.4E-04  8.5654763E-01   100           R
   134      1  1.0E+00    135 (0.0E+00) 7.4E-04  8.5654752E-01   100         s
   135      1  3.2E-01    136 (0.0E+00) 1.7E-03  8.5654729E-01   100
   136      1  4.1E-01    137 (0.0E+00) 9.0E-04  8.5654669E-01   100
   137      1  1.0E+00    138 (0.0E+00) 8.7E-04  8.5654623E-01   100
   138      1  1.0E+00    139 (0.0E+00) 9.2E-04  8.5653827E-01   100
   139      1  1.0E+00    140 (0.0E+00) 6.8E-04  8.5653631E-01   100           R

 Major Minors     Step   nCon Feasible  Optimal  MeritFunction    nS Penalty
   140      1  1.0E+00    141 (0.0E+00) 5.1E-04  8.5653506E-01   100         s
   141      1  7.0E-02    142 (0.0E+00) 1.6E-03  8.5653476E-01   100
   142      1  1.0E+00    143 (0.0E+00) 1.5E-03  8.5653475E-01   100
   143      1  1.0E+00    144 (0.0E+00) 4.3E-04  8.5653361E-01   100
   144      1  1.0E+00    145 (0.0E+00) 5.9E-04  8.5653341E-01   100
   145      1  1.0E+00    146 (0.0E+00) 7.1E-04  8.5653283E-01   100           R
   146      1  9.7E-02    147 (0.0E+00) 4.3E-04  8.5653280E-01   100         s
   147      1  1.0E+00    148 (0.0E+00) 4.2E-04  8.5653277E-01   100
   148      1  1.0E+00    149 (0.0E+00) 4.0E-04  8.5653267E-01   100
   149      1  1.0E+00    150 (0.0E+00) 4.0E-04  8.5653264E-01   100

 Major Minors     Step   nCon Feasible  Optimal  MeritFunction    nS Penalty
   150      1  1.0E+00    151 (0.0E+00) 3.8E-04  8.5653243E-01   100
   151      1  1.0E+00    152 (0.0E+00) 4.2E-04  8.5653225E-01   100           R
   152      1  1.0E+00    153 (0.0E+00) 6.1E-04  8.5653218E-01   100         s
   153      1  1.0E+00    154 (0.0E+00) 9.7E-04  8.5653205E-01   100
   154      1  1.0E+00    155 (0.0E+00) 3.6E-04  8.5653187E-01   100
   155      1  1.0E+00    156 (0.0E+00) 4.5E-04  8.5653180E-01   100
   156      1  1.0E+00    157 (0.0E+00) 4.5E-04  8.5653169E-01   100
   157      1  1.0E+00    158 (0.0E+00) 3.7E-04  8.5653161E-01   100           R
   158      1  1.0E+00    159 (0.0E+00) 5.5E-04  8.5653156E-01   100         s
   159      1  2.5E-01    160 (0.0E+00) 4.9E-04  8.5653149E-01   100

 Major Minors     Step   nCon Feasible  Optimal  MeritFunction    nS Penalty
   160      1  1.0E+00    161 (0.0E+00) 4.0E-04  8.5653136E-01   100
   161      1  1.0E+00    162 (0.0E+00) 4.6E-04  8.5653120E-01   100
   162      1  1.0E+00    163 (0.0E+00) 4.5E-04  8.5653095E-01   100
   163      1  1.0E+00    164 (0.0E+00) 5.6E-04  8.5653034E-01   100           R
   164      1  2.8E-01    165 (0.0E+00) 8.7E-04  8.5653023E-01   100         s
   165      1  1.0E+00    166 (0.0E+00) 6.8E-04  8.5653001E-01   100
   166      1  1.0E+00    167 (0.0E+00) 2.6E-04  8.5652975E-01   100
   167      1  1.0E+00    168 (0.0E+00) 2.9E-04  8.5652971E-01   100
   168      1  1.0E+00    169 (0.0E+00) 2.7E-04  8.5652965E-01   100
   169      1  1.0E+00    170 (0.0E+00) 2.4E-04  8.5652964E-01   100           R

 Major Minors     Step   nCon Feasible  Optimal  MeritFunction    nS Penalty
   170      1  1.0E+00    171 (0.0E+00) 2.6E-04  8.5652963E-01   100         s
   171      1  7.5E-02    172 (0.0E+00) 6.1E-04  8.5652959E-01   100
   172      1  1.0E+00    173 (0.0E+00) 6.5E-04  8.5652939E-01   100
   173      1  1.0E+00    174 (0.0E+00) 6.3E-04  8.5652881E-01   100
   174      1  1.0E+00    175 (0.0E+00) 4.4E-04  8.5652815E-01   100
   175      1  1.0E+00    176 (0.0E+00) 3.7E-04  8.5652751E-01   100           R
   176      1  1.5E-01    177 (0.0E+00) 1.1E-03  8.5652723E-01   100         s
   177      1  1.0E+00    178 (0.0E+00) 4.4E-04  8.5652693E-01   100
   178      1  1.0E+00    179 (0.0E+00) 2.3E-04  8.5652688E-01   100
   179      1  1.0E+00    180 (0.0E+00) 2.2E-04  8.5652682E-01   100

 Major Minors     Step   nCon Feasible  Optimal  MeritFunction    nS Penalty
   180      1  1.0E+00    181 (0.0E+00) 1.8E-04  8.5652680E-01   100
   181      1  1.0E+00    182 (0.0E+00) 1.1E-04  8.5652680E-01   100           R
   182      1  1.0E+00    183 (0.0E+00) 1.3E-04  8.5652680E-01   100         s
   183      1  3.8E-01    184 (0.0E+00) 1.3E-04  8.5652678E-01   100
   184      1  1.0E+00    185 (0.0E+00) 2.0E-04  8.5652675E-01   100
   185      1  1.0E+00    186 (0.0E+00) 2.8E-04  8.5652669E-01   100
   186      1  1.0E+00    187 (0.0E+00) 3.0E-04  8.5652658E-01   100
   187      1  1.0E+00    188 (0.0E+00) 2.0E-04  8.5652651E-01   100           R
   188      1  1.3E-01    189 (0.0E+00) 1.1E-04  8.5652650E-01   100         s
   189      1  1.0E+00    190 (0.0E+00) 1.1E-04  8.5652650E-01   100

 Major Minors     Step   nCon Feasible  Optimal  MeritFunction    nS Penalty
   190      1  1.0E+00    191 (0.0E+00) 1.2E-04  8.5652647E-01   100
   191      1  1.0E+00    192 (0.0E+00) 1.2E-04  8.5652647E-01   100
   192      1  1.0E+00    193 (0.0E+00) 6.7E-05  8.5652645E-01   100
   193      1  1.0E+00    194 (0.0E+00) 8.2E-05  8.5652645E-01   100           R
   194      1  1.0E+00    195 (0.0E+00) 8.6E-05  8.5652644E-01   100         s
   195      1  1.3E-01    196 (0.0E+00) 1.8E-04  8.5652644E-01   100
   196      1  1.0E+00    197 (0.0E+00) 1.9E-04  8.5652643E-01   100
   197      1  1.0E+00    198 (0.0E+00) 7.4E-05  8.5652642E-01   100
   198      1  1.0E+00    199 (0.0E+00) 9.6E-05  8.5652641E-01   100
   199      1  1.0E+00    200 (0.0E+00) 1.4E-04  8.5652638E-01   100           R

 Major Minors     Step   nCon Feasible  Optimal  MeritFunction    nS Penalty
   200      1  8.7E-02    201 (0.0E+00) 5.8E-05  8.5652638E-01   100         s

 Major Minors     Step   nCon Feasible  Optimal  MeritFunction    nS Penalty
   200      2  1.0E+00    201 (0.0E+00) 6.0E-05  8.5652638E-01   100         s     c
   201      1  1.0E+00    202 (0.0E+00) 5.9E-05  8.5652638E-01   100
   202      1  1.0E+00    203 (0.0E+00) 8.2E-05  8.5652638E-01   100
   203      1  1.0E+00    204 (0.0E+00) 8.1E-05  8.5652638E-01   100
   204      1  1.0E+00    205 (0.0E+00) 8.0E-05  8.5652637E-01   100
   205      1  1.0E+00    206 (0.0E+00) 7.7E-05  8.5652637E-01   100           R
   206      1  1.0E+00    207 (0.0E+00) 7.0E-05  8.5652637E-01   100         s
   207      1  2.2E-01    208 (0.0E+00) 1.7E-04  8.5652637E-01   100
   208      1  4.6E-01    209 (0.0E+00) 5.6E-05  8.5652636E-01   100
   209      1  1.0E+00    210 (0.0E+00) 6.1E-05  8.5652636E-01   100

 Major Minors     Step   nCon Feasible  Optimal  MeritFunction    nS Penalty
   210      1  1.0E+00    211 (0.0E+00) 7.4E-05  8.5652635E-01   100
   211      1  1.0E+00    212 (0.0E+00) 9.5E-05  8.5652633E-01   100           R
   212      1  4.9E-01    213 (0.0E+00) 1.7E-04  8.5652632E-01   100         s
   213      1  2.9E-01    214 (0.0E+00) 5.6E-05  8.5652632E-01   100
   214      1  1.0E+00    215 (0.0E+00) 5.2E-05  8.5652632E-01   100
   215      1  1.0E+00    216 (0.0E+00) 5.2E-05  8.5652631E-01   100
   216      1  1.0E+00    217 (0.0E+00) 5.1E-05  8.5652631E-01   100
   217      1  1.0E+00    218 (0.0E+00) 5.8E-05  8.5652631E-01   100           R
   218      1  1.0E+00    219 (0.0E+00) 5.7E-05  8.5652631E-01   100         s
   219      1  6.0E-02    220 (0.0E+00) 1.2E-04  8.5652630E-01   100

 Major Minors     Step   nCon Feasible  Optimal  MeritFunction    nS Penalty
   220      1  3.8E-01    221 (0.0E+00) 1.1E-04  8.5652630E-01   100
   221      1  1.0E+00    222 (0.0E+00) 8.1E-05  8.5652629E-01   100
   222      1  1.0E+00    223 (0.0E+00) 1.1E-04  8.5652629E-01   100
   223      1  1.0E+00    224 (0.0E+00) 8.2E-05  8.5652627E-01   100           R
   224      1  2.4E-01    225 (0.0E+00) 1.5E-04  8.5652626E-01   100         s
   225      1  4.2E-01    226 (0.0E+00) 5.6E-05  8.5652626E-01   100
   226      1  1.0E+00    227 (0.0E+00) 4.2E-05  8.5652626E-01   100
   227      1  1.0E+00    228 (0.0E+00) 4.0E-05  8.5652626E-01   100
   228      1  1.0E+00    229 (0.0E+00) 4.4E-05  8.5652625E-01   100
   229      1  1.0E+00    230 (0.0E+00) 5.1E-05  8.5652625E-01   100           R

 Major Minors     Step   nCon Feasible  Optimal  MeritFunction    nS Penalty
   230      1  1.0E+00    231 (0.0E+00) 4.1E-05  8.5652625E-01   100         s
   231      1  2.4E-01    232 (0.0E+00) 6.1E-05  8.5652625E-01   100
   232      1  1.0E+00    233 (0.0E+00) 5.1E-05  8.5652625E-01   100
   233      1  1.0E+00    234 (0.0E+00) 5.0E-05  8.5652625E-01   100
   234      1  1.0E+00    235 (0.0E+00) 3.2E-05  8.5652623E-01   100
   235      1  1.0E+00    236 (0.0E+00) 5.1E-05  8.5652622E-01   100           R
   236      1  1.0E+00    237 (0.0E+00) 7.6E-05  8.5652622E-01   100         s
   237      1  1.4E-01    238 (0.0E+00) 7.5E-05  8.5652622E-01   100
   238      1  1.0E+00    239 (0.0E+00) 5.9E-05  8.5652621E-01   100
   239      1  1.0E+00    240 (0.0E+00) 2.7E-05  8.5652621E-01   100

 Major Minors     Step   nCon Feasible  Optimal  MeritFunction    nS Penalty
   240      1  1.0E+00    241 (0.0E+00) 2.4E-05  8.5652621E-01   100
   241      1  1.0E+00    242 (0.0E+00) 3.0E-05  8.5652621E-01   100           R
   242      1  3.6E-01    243 (0.0E+00) 3.8E-05  8.5652621E-01   100         s
   243      1  1.0E+00    244 (0.0E+00) 3.3E-05  8.5652621E-01   100
   244      1  1.0E+00    245 (0.0E+00) 2.5E-05  8.5652621E-01   100
   245      1  1.0E+00    246 (0.0E+00) 2.2E-05  8.5652621E-01   100
   246      1  1.0E+00    247 (0.0E+00) 2.6E-05  8.5652621E-01   100
   247      1  1.0E+00    248 (0.0E+00) 3.0E-05  8.5652621E-01   100           R
   248      1  1.0E+00    249 (0.0E+00) 3.3E-05  8.5652621E-01   100         s
   249      1  2.7E-01    250 (0.0E+00) 3.4E-05  8.5652621E-01   100

 Major Minors     Step   nCon Feasible  Optimal  MeritFunction    nS Penalty
   250      1  1.0E+00    251 (0.0E+00) 2.8E-05  8.5652621E-01   100

 Major Minors     Step   nCon Feasible  Optimal  MeritFunction    nS Penalty
   250      2  1.0E+00    251 (0.0E+00) 2.7E-05  8.5652621E-01   100               c
   251      1  1.0E+00    252 (0.0E+00) 2.3E-05  8.5652621E-01   100
   252      1  1.0E+00    253 (0.0E+00) 3.6E-05  8.5652620E-01   100
   253      1  1.0E+00    254 (0.0E+00) 3.3E-05  8.5652620E-01   100           R
   254      1  4.8E-01    255 (0.0E+00) 4.3E-05  8.5652620E-01   100         s
   255      1  1.0E+00    256 (0.0E+00) 3.0E-05  8.5652620E-01   100
   256      1  1.0E+00    257 (0.0E+00) 2.0E-05  8.5652620E-01   100
   257      1  1.0E+00    258 (0.0E+00) 2.1E-05  8.5652620E-01   100
   258      1  1.0E+00    259 (0.0E+00) 2.2E-05  8.5652620E-01   100
   259      1  1.0E+00    260 (0.0E+00) 1.9E-05  8.5652620E-01   100           R
   259      2  1.0E+00    260 (0.0E+00) 2.2E-05  8.5652620E-01   100           R   c

 Major Minors     Step   nCon Feasible  Optimal  MeritFunction    nS Penalty
   260      1  1.0E+00    261 (0.0E+00) 2.1E-05  8.5652620E-01   100         s
   261      1  3.0E-01    262 (0.0E+00) 4.3E-05  8.5652620E-01   100
   262      1  1.0E+00    263 (0.0E+00) 4.0E-05  8.5652620E-01   100
   263      1  1.0E+00    264 (0.0E+00) 1.7E-05  8.5652620E-01   100
   264      1  1.0E+00    265 (0.0E+00) 2.7E-05  8.5652620E-01   100
   265      1  1.0E+00    266 (0.0E+00) 4.2E-05  8.5652620E-01   100           R
   266      1  1.2E-01    267 (0.0E+00) 2.7E-05  8.5652620E-01   100         s
   266      2  1.0E+00    267 (0.0E+00) 2.9E-05  8.5652620E-01   100         s     c
   267      1  1.0E+00    268 (0.0E+00) 2.8E-05  8.5652620E-01   100
   268      1  1.0E+00    269 (0.0E+00) 1.4E-05  8.5652620E-01   100
   268      2  1.0E+00    269 (0.0E+00) 1.8E-05  8.5652620E-01   100               c
   269      1  1.0E+00    270 (0.0E+00) 1.8E-05  8.5652620E-01   100

 Major Minors     Step   nCon Feasible  Optimal  MeritFunction    nS Penalty
   270      1  1.0E+00    271 (0.0E+00) 2.1E-05  8.5652620E-01   100

 Major Minors     Step   nCon Feasible  Optimal  MeritFunction    nS Penalty
   270      2  1.0E+00    271 (0.0E+00) 1.9E-05  8.5652620E-01   100               c
   271      1  1.0E+00    272 (0.0E+00) 1.8E-05  8.5652620E-01   100           R
   271      1  1.0E+00    272 (0.0E+00) 1.8E-05  8.5652620E-01   100           R   c
   272      1  1.0E+00    273 (0.0E+00) 1.7E-05  8.5652620E-01   100         s
   273      1  9.1E-02    274 (0.0E+00) 3.8E-05  8.5652620E-01   100
   274      1  1.0E+00    275 (0.0E+00) 2.9E-05  8.5652620E-01   100
   275      1  4.0E-01    276 (0.0E+00) 4.3E-05  8.5652620E-01   100
   276      1  1.0E+00    277 (0.0E+00) 3.3E-05  8.5652619E-01   100
   277      1  1.0E+00    278 (0.0E+00) 4.2E-05  8.5652619E-01   100           R
   278      1  1.0E-01    279 (0.0E+00) 3.4E-05  8.5652619E-01   100         s
   279      1  1.0E+00    280 (0.0E+00) 2.3E-05  8.5652619E-01   100

 Major Minors     Step   nCon Feasible  Optimal  MeritFunction    nS Penalty
   280      1  1.0E+00    281 (0.0E+00) 1.5E-05  8.5652619E-01   100

 Major Minors     Step   nCon Feasible  Optimal  MeritFunction    nS Penalty
   280      2  1.0E+00    281 (0.0E+00) 1.3E-05  8.5652619E-01   100               c
   281      1  1.0E+00    282 (0.0E+00) 1.2E-05  8.5652619E-01   100
   282      1  1.0E+00    283 (0.0E+00) 6.0E-06  8.5652619E-01   100
   282      2  1.0E+00    283 (0.0E+00) 5.6E-06  8.5652619E-01   100               c
   283      1  1.0E+00    284 (0.0E+00) 7.2E-06  8.5652619E-01   100           R   c
   284      1  1.0E+00    285 (0.0E+00) 7.1E-06  8.5652619E-01   100         s     c
   285      1  4.1E-01    286 (0.0E+00) 1.2E-05  8.5652619E-01   100
   286      1  1.0E+00    287 (0.0E+00) 1.5E-05  8.5652619E-01   100
   286      2  1.0E+00    287 (0.0E+00) 1.2E-05  8.5652619E-01   100               c
   287      1  1.0E+00    288 (0.0E+00) 5.0E-06  8.5652619E-01   100               c
   288      1  1.0E+00    289 (0.0E+00) 6.3E-06  8.5652619E-01   100               c
   289      1  1.0E+00    290 (0.0E+00) 7.0E-06  8.5652619E-01   100           R   c

 Major Minors     Step   nCon Feasible  Optimal  MeritFunction    nS Penalty
   290      1  2.1E-01    291 (0.0E+00) 7.5E-06  8.5652619E-01   100         s     c
   291      1  1.0E+00    292 (0.0E+00) 6.7E-06  8.5652619E-01   100               c
   292      1  1.0E+00    293 (0.0E+00) 5.5E-06  8.5652619E-01   100               c
   293      1  1.0E+00    294 (0.0E+00) 6.1E-06  8.5652619E-01   100               c
   294      1  1.0E+00    295 (0.0E+00) 7.7E-06  8.5652619E-01   100               c
   295      1  1.0E+00    296 (0.0E+00) 7.0E-06  8.5652619E-01   100           R   c
   296      1  1.0E+00    297 (0.0E+00) 4.8E-06  8.5652619E-01   100         s     c
   297      1  1.0E+00    298 (0.0E+00) 7.4E-06  8.5652618E-01   100               c
   298      1  1.0E+00    299 (0.0E+00) 6.5E-06  8.5652618E-01   100               c
   299      1  1.0E+00    300 (0.0E+00) 6.6E-06  8.5652618E-01   100               c

 Major Minors     Step   nCon Feasible  Optimal  MeritFunction    nS Penalty
   300      1  1.0E+00    301 (0.0E+00) 5.7E-06  8.5652618E-01   100               c
   301      1  1.0E+00    302 (0.0E+00) 4.5E-06  8.5652618E-01   100           R   c
   302      1  1.0E+00    303 (0.0E+00) 9.4E-06  8.5652618E-01   100         s     c
   303      1  1.0E+00    304 (0.0E+00) 7.5E-06  8.5652618E-01   100               c
   304      1  1.0E+00    305 (0.0E+00) 5.5E-06  8.5652618E-01   100               c
   305      1  1.0E+00    306 (0.0E+00) 5.4E-06  8.5652618E-01   100               c
   306      1  1.0E+00    307 (0.0E+00) 6.1E-06  8.5652618E-01   100               c
   307      1  1.0E+00    308 (0.0E+00) 5.9E-06  8.5652618E-01   100           R   c
   308      1  1.0E+00    309 (0.0E+00) 8.0E-06  8.5652618E-01   100         s     c
   309      1  4.4E-01    310 (0.0E+00) 4.6E-06  8.5652618E-01   100               c

 Major Minors     Step   nCon Feasible  Optimal  MeritFunction    nS Penalty
   310      1  1.0E+00    311 (0.0E+00) 5.5E-06  8.5652618E-01   100               c
   311      1  1.0E+00    312 (0.0E+00) 5.6E-06  8.5652618E-01   100               c
   312      1  1.0E+00    313 (0.0E+00) 5.0E-06  8.5652618E-01   100               c
   313      1  1.0E+00    314 (0.0E+00) 3.9E-06  8.5652618E-01   100           R   c
   314      1  1.0E+00    315 (0.0E+00) 8.8E-06  8.5652618E-01   100         s     c
   315      1  1.0E+00    316 (0.0E+00) 1.3E-05  8.5652618E-01   100
   315      1  1.0E+00    316 (0.0E+00) 1.3E-05  8.5652618E-01   100               c
   316      1  1.0E+00    317 (0.0E+00) 4.6E-06  8.5652618E-01   100               c
   317      1  1.0E+00    318 (0.0E+00) 4.4E-06  8.5652618E-01   100               c
   318      1  1.0E+00    319 (0.0E+00) 6.1E-06  8.5652618E-01   100               c
   319      1  1.0E+00    320 (0.0E+00) 6.2E-06  8.5652618E-01   100           R   c

 Major Minors     Step   nCon Feasible  Optimal  MeritFunction    nS Penalty
   320      1  1.0E+00    321 (0.0E+00) 1.1E-05  8.5652618E-01   100         s

 Major Minors     Step   nCon Feasible  Optimal  MeritFunction    nS Penalty
   320      1  1.0E+00    321 (0.0E+00) 1.1E-05  8.5652618E-01   100         s     c
   321      1  1.0E+00    322 (0.0E+00) 4.7E-06  8.5652618E-01   100               c
   322      1  1.0E+00    323 (0.0E+00) 4.1E-06  8.5652618E-01   100               c
   323      1  1.0E+00    324 (0.0E+00) 3.5E-06  8.5652618E-01   100               c
   324      1  1.0E+00    325 (0.0E+00) 3.6E-06  8.5652618E-01   100               c
   325      1  1.0E+00    326 (0.0E+00) 3.7E-06  8.5652618E-01   100           R   c
   326      1  1.0E+00    327 (0.0E+00) 5.6E-06  8.5652618E-01   100         s     c
   327      1  2.3E-01    328 (0.0E+00) 8.5E-06  8.5652618E-01   100               c
   328      1  1.0E+00    329 (0.0E+00) 5.4E-06  8.5652618E-01   100               c
   329      1  1.0E+00    330 (0.0E+00) 4.1E-06  8.5652618E-01   100               c

 Major Minors     Step   nCon Feasible  Optimal  MeritFunction    nS Penalty
   330      1  1.0E+00    331 (0.0E+00) 7.4E-06  8.5652618E-01   100               c
   331      1  1.0E+00    332 (0.0E+00) 1.1E-05  8.5652618E-01   100           R
   332      1  2.6E-01    333 (0.0E+00) 6.9E-06  8.5652618E-01   100         s
   332      2  1.0E+00    333 (0.0E+00) 7.2E-06  8.5652618E-01   100         s     c
   333      1  1.0E+00    334 (0.0E+00) 4.3E-06  8.5652618E-01   100               c
   334      1  1.0E+00    335 (0.0E+00) 3.3E-06  8.5652618E-01   100               c
   335      1  1.0E+00    336 (0.0E+00) 3.3E-06  8.5652618E-01   100               c
   336      1  1.0E+00    337 (0.0E+00) 3.2E-06  8.5652618E-01   100               c
   337      1  1.0E+00    338 (0.0E+00) 3.1E-06  8.5652618E-01   100           R   c
   338      1  1.0E+00    339 (0.0E+00) 3.0E-06  8.5652618E-01   100         s     c
   339      1  1.6E-01    340 (0.0E+00) 6.6E-06  8.5652618E-01   100               c

 Major Minors     Step   nCon Feasible  Optimal  MeritFunction    nS Penalty
   340      1  1.0E+00    341 (0.0E+00) 4.7E-06  8.5652618E-01   100               c
   341      1  1.0E+00    342 (0.0E+00) 8.3E-06  8.5652618E-01   100               c
   342      1  1.0E+00    343 (0.0E+00) 5.3E-06  8.5652618E-01   100               c
   343      1  1.0E+00    344 (0.0E+00) 8.1E-06  8.5652618E-01   100           R   c
   344      1  1.2E-01    345 (0.0E+00) 3.7E-06  8.5652618E-01   100         s     c
   345      1  1.0E+00    346 (0.0E+00) 3.6E-06  8.5652618E-01   100               c
   346      1  1.0E+00    347 (0.0E+00) 3.1E-06  8.5652618E-01   100               c
   347      1  1.0E+00    348 (0.0E+00) 2.8E-06  8.5652618E-01   100               c
   348      1  1.0E+00    349 (0.0E+00) 2.3E-06  8.5652618E-01   100               c
   349      1  1.0E+00    350 (0.0E+00) 2.6E-06  8.5652618E-01   100           R   c

 Major Minors     Step   nCon Feasible  Optimal  MeritFunction    nS Penalty
   350      1  1.0E+00    351 (0.0E+00) 2.3E-06  8.5652618E-01   100         s     c
   351      1  2.0E-01    352 (0.0E+00) 4.8E-06  8.5652618E-01   100               c
   352      1  1.0E+00    353 (0.0E+00) 4.1E-06  8.5652618E-01   100               c
   353      1  1.0E+00    354 (0.0E+00) 5.6E-06  8.5652618E-01   100               c
   354      1  1.0E+00    355 (0.0E+00) 5.2E-06  8.5652618E-01   100               c
   355      1  1.0E+00    356 (0.0E+00) 2.2E-06  8.5652618E-01   100           R   c
   356      1  4.5E-01    357 (0.0E+00) 6.1E-06  8.5652618E-01   100         s     c
   357      1  3.4E-01    358 (0.0E+00) 3.2E-06  8.5652618E-01   100               c
   358      1  1.0E+00    359 (0.0E+00) 2.8E-06  8.5652618E-01   100               c
   359      1  1.0E+00    360 (0.0E+00)(1.6E-06) 8.5652618E-01   100               c
 
 SNOPTA EXIT   0 -- finished successfully
 SNOPTA INFO   1 -- optimality conditions satisfied

 Problem name
 No. of iterations                 470   Objective value      8.5652618365E-01
 No. of major iterations           359   Linear objective     0.0000000000E+00
 Penalty parameter           0.000E+00   Nonlinear objective  8.5652618365E-01
 No. of calls to funobj         939803   No. of calls to funcon         939803
 Calls with modes 1,2 (known g)    360   Calls with modes 1,2 (known g)    360
 Calls for forward differencing 554554   Calls for forward differencing 554554
 Calls for central differencing 384384   Calls for central differencing 384384
 No. of superbasics                100   No. of basic nonlinears             0
 No. of degenerate steps             0   Percentage                        .00
 Max x       (scaled)     1002 1.3E+00   Max pi      (scaled)        1 0.0E+00
 Max x                    1002 1.3E+00   Max pi                      1 0.0E+00
 Max Prim inf(scaled)        0 0.0E+00   Max Dual inf(scaled)     1022 3.2E-06
 Max Primal infeas           0 0.0E+00   Max Dual infeas          1022 3.2E-06
 Nonlinear constraint violn    0.0E+00

 Solution not printed
