 

 Nonlinear constraints     123     Linear constraints       0
 Nonlinear variables       360     Linear variables         0
 Jacobian  variables       360     Objective variables    360
 Total constraints         123     Total variables        360
 

 
 The user has defined       0   out of   44640   first  derivatives
 XXX  Some first  derivatives are missing --- derivative level reduced to 0
 

        Minor   QPmult   nInf   SumInf   rgNorm  Elastic QPobj    nS
          100 -3.8E-01      2  1.0E+00  1.8E-11  2.4735898E+04    60

 Major Minors     Step   nCon Feasible  Optimal  MeritFunction    nS Penalty
     0    125               1  3.7E-01  1.0E+00  1.6061095E+05    85           r i

        Minor   QPmult   nInf   SumInf   rgNorm  Elastic QPobj    nS
          100 -1.3E+01      1  4.1E-01  2.7E-11  2.8725869E+04   180

 Major Minors     Step   nCon Feasible  Optimal  MeritFunction    nS Penalty
     1    100  8.7E-02      2  3.4E-01  8.2E-01  1.4878558E+05   180         n rli
     2     20  8.4E-02      4  3.0E-01  5.0E+00  1.3591403E+05   197         n rl
     3      2  1.0E+00      6  1.2E-02  8.3E-01 -5.6117151E+03   197         sM
     4      2  1.0E+00      7  2.1E-03  5.9E-02  3.3602352E+02   197 1.1E+05
     5      1  1.0E+00      9  2.3E-05  1.7E-01  1.2750841E+01   197 5.7E+02  M
     6      1  1.0E+00     10  1.8E-06  7.2E-02  1.2760946E+01   197 1.8E+05
     7      2  1.0E+00     11  2.0E-06  1.5E-01  1.2732352E+01   197 1.5E+03
     8      1  1.0E+00     12  1.1E-04  2.1E-01  1.2589295E+01   197 2.3E+02
     9      1  1.0E+00     13  6.7E-06  8.5E-02  1.2554861E+01   197 1.4E+02

 Major Minors     Step   nCon Feasible  Optimal  MeritFunction    nS Penalty
    10      1  1.0E+00     14  1.5E-05  1.6E-01  1.2493671E+01   197 1.4E+02
    11      1  1.0E+00     15  1.4E-04  2.0E-01  1.2355544E+01   197 1.4E+02
    12      1  1.0E+00     16  1.6E-06  8.1E-02  1.2212959E+01   197 1.4E+02
    13      1  1.0E+00     18  2.0E-04  4.5E-02  1.0852124E+01   197 1.4E+02  mR
    14      1  1.0E+00     20 (4.5E-07) 1.0E+00  1.1275643E+01   197 1.1E+05 sM
    15      2  1.0E-03     22  8.0E-03  6.4E-01  5.8087163E+00   197 2.1E+03  m
    16      2  1.3E-03     24  8.6E-03  1.1E+00  4.0229407E+00   197 5.0E+02 sM
    17      2  4.6E-07     26  8.9E-03  1.0E-01  3.0977223E+00   197 3.5E+02  mr
    18      1  4.4E-02     27  8.4E-03  6.5E-01  4.2402279E-01   197 3.5E+02 s
    19      1  1.3E-01     29  1.5E-02  7.7E-01 -3.4787442E+01   197 3.5E+02  m

 Major Minors     Step   nCon Feasible  Optimal  MeritFunction    nS Penalty
    20      1  5.7E-02     31  1.5E-02  4.9E-01 -1.1774607E+01   197 4.7E+02  M
    21      2  3.1E-03     33  1.6E-02  6.4E-01 -2.4970012E+01   197 4.1E+02  m
    22      2  1.7E-03     35  1.6E-02  6.2E-01 -1.8220172E+01   197 4.4E+02 n
    23      2  1.9E-03     37  1.6E-02  8.9E-01 -1.3246777E+01   197 4.7E+02 n R
    24      1  1.0E+00     39  1.4E-03  1.1E+00  3.9715224E+00   197 9.1E+02 sM
    25      2  3.1E-04     40  1.4E-03  7.3E-01  3.7226142E+00   197 9.1E+02
    26      2  8.5E-03     42  5.3E-03  6.5E-01  2.5703473E-01   197 9.1E+02  M
    27      2  7.1E-04     43  5.3E-03  1.4E+00 -1.3024262E-02   197 9.1E+02
    28      2  3.5E-03     45  9.4E-03  1.1E+00 -4.0509348E+00   197 9.1E+02  m
    29      2  2.9E-03     47  1.5E-02  8.4E-01 -7.0411969E+00   197 9.1E+02  m

 Major Minors     Step   nCon Feasible  Optimal  MeritFunction    nS Penalty
    30      2  1.0E-04     49  1.5E-02  9.2E-01 -7.4691172E+00   197 9.1E+02  m
    31      4  4.7E-06     51  1.5E-02  1.1E+00 -7.5552660E+00   197 9.1E+02  m
    32      2  1.2E-06     53  1.5E-02  1.0E+00 -7.5567335E+00   197 9.1E+02 n
    33      2  1.3E-05     55  1.5E-02  9.7E-01 -7.5574377E+00   197 9.1E+02  m
    34      2  2.9E-03     56  1.5E-02  8.9E-01 -7.7563979E+00   197 9.1E+02
    35      2  1.2E-04     58  1.5E-02  9.3E-01 -7.8682269E+00   197 9.1E+02  mR
    36      1  1.0E+00     59  6.8E-03  8.6E-01  2.6744278E+01   197 1.8E+03 s
    37      2  2.3E-01     61  6.4E-03  1.2E+00  1.7176965E+01   197 1.3E+03  m
    38      2  1.2E-03     63  6.5E-03  9.2E-01  1.6487291E+01   197 1.3E+03  m
    39      2  2.3E-05     65  6.5E-03  1.1E+00  1.6219413E+01   197 1.3E+03  m

 Major Minors     Step   nCon Feasible  Optimal  MeritFunction    nS Penalty
    40      2  1.8E-06     67  6.5E-03  1.1E+00  1.6090249E+01   197 1.3E+03  m
    41      2  5.6E-06     69  6.5E-03  1.1E+00  1.6021457E+01   197 1.3E+03  m
    42      2  8.4E-06     71  6.5E-03  1.1E+00  1.5985218E+01   197 1.3E+03  m
    43      7  1.2E-07     73  6.5E-03  6.5E-01  1.5962610E+01   197 1.3E+03 n
    44      2  5.0E-08     75  6.5E-03  5.8E-01  1.5949052E+01   197 1.3E+03 n R
    45      1  1.0E+00     76 (6.8E-07) 7.7E-01  7.6091947E+00   197 1.3E+03 s
    46      1  1.0E+00     77  3.9E-04  7.7E-01  6.3346997E+00   197 1.3E+03
    47      1  1.0E+00     78  2.8E-04  6.3E-01  5.5857113E+00   197 1.3E+03
    48      1  1.0E+00     79  8.6E-05  5.7E-01  5.1899997E+00   197 1.3E+03
    49      1  1.0E+00     80  2.3E-05  5.5E-01  4.9095564E+00   197 1.3E+03

 Major Minors     Step   nCon Feasible  Optimal  MeritFunction    nS Penalty
    50      1  1.0E+00     81  8.5E-05  5.5E-01  4.5425969E+00   197 1.3E+03
    51      1  1.0E+00     82  1.8E-05  5.6E-01  4.3731416E+00   197 1.3E+03
    52      1  1.0E+00     83  3.2E-05  5.6E-01  4.1944882E+00   197 1.3E+03
    53      1  1.0E+00     84  1.3E-05  5.5E-01  4.0765331E+00   197 1.3E+03
    54      1  1.0E+00     85  1.7E-05  5.4E-01  3.9532282E+00   197 1.3E+03
    55      1  1.0E+00     86  9.5E-06  5.3E-01  3.8454438E+00   197 1.3E+03   R
    56      1  1.0E+00     87  3.9E-06  5.1E-01  3.7900317E+00   197 1.3E+03 s
    57      1  1.0E+00     88  8.3E-05  5.1E-01  3.6918614E+00   197 1.3E+03
    58      1  1.0E+00     89  1.5E-04  5.0E-01  3.6502252E+00   197 1.3E+03
    59      1  1.0E+00     90  9.9E-06  4.9E-01  3.5772565E+00   197 1.3E+03

 Major Minors     Step   nCon Feasible  Optimal  MeritFunction    nS Penalty
    60      1  1.0E+00     91  1.3E-04  5.0E-01  3.4903805E+00   197 1.3E+03
    61      1  1.0E+00     92  1.8E-05  4.8E-01  3.4053400E+00   197 1.3E+03
    62      1  1.0E+00     93  3.3E-05  4.5E-01  3.2865200E+00   197 1.3E+03
    63      1  1.0E+00     94  2.4E-05  4.3E-01  3.1271840E+00   197 1.3E+03
    64      1  1.0E+00     95  2.7E-05  4.1E-01  2.9927141E+00   197 1.3E+03
    65      1  1.0E+00     96  5.6E-05  3.8E-01  2.9053627E+00   197 1.3E+03
    66      1  1.0E+00     97  5.4E-05  3.7E-01  2.8059923E+00   197 1.3E+03   R
    67      1  1.0E+00     98  1.4E-05  3.9E-01  2.7334253E+00   197 1.3E+03 s
    68      1  1.0E+00     99  8.7E-05  4.2E-01  2.5774361E+00   197 1.3E+03
    69      1  1.0E+00    100  3.0E-05  4.3E-01  2.5055350E+00   197 1.3E+03

 Major Minors     Step   nCon Feasible  Optimal  MeritFunction    nS Penalty
    70      1  1.0E+00    101  4.3E-05  4.4E-01  2.4251357E+00   197 1.3E+03
    71      1  1.0E+00    102  4.6E-05  4.4E-01  2.3712062E+00   197 1.3E+03
    72      1  1.0E+00    103  1.0E-05  4.4E-01  2.3251630E+00   197 1.3E+03
    73      1  1.0E+00    104  1.7E-05  4.1E-01  2.2531461E+00   197 1.3E+03
    74      1  1.0E+00    105  4.9E-05  4.0E-01  2.1253747E+00   197 1.3E+03
    75      1  1.0E+00    106  4.9E-05  3.6E-01  2.0049849E+00   197 1.3E+03
    76      1  1.0E+00    107  5.2E-05  3.1E-01  1.8658657E+00   197 1.3E+03
    77      1  1.0E+00    108  3.5E-05  2.8E-01  1.7138073E+00   197 1.3E+03   R
    78      1  1.0E+00    109  5.1E-05  3.0E-01  1.6019319E+00   197 1.3E+03 s
    79      1  1.0E+00    110  7.9E-05  3.0E-01  1.5260432E+00   197 1.3E+03

 Major Minors     Step   nCon Feasible  Optimal  MeritFunction    nS Penalty
    80      1  1.0E+00    111  9.3E-06  3.2E-01  1.4909174E+00   197 1.3E+03
    81      1  1.0E+00    112  9.4E-06  3.1E-01  1.4416095E+00   197 1.3E+03
    82      1  1.0E+00    113  1.5E-05  3.1E-01  1.4065496E+00   197 1.3E+03
    83      1  1.0E+00    114  2.0E-05  3.1E-01  1.3922139E+00   197 1.3E+03
    84      1  1.0E+00    115  2.8E-06  3.0E-01  1.3678334E+00   197 1.3E+03
    85      1  1.0E+00    116  2.2E-05  2.9E-01  1.3189191E+00   197 1.3E+03
    86      1  1.0E+00    117  1.2E-05  2.4E-01  1.2696964E+00   197 1.3E+03
    87      1  1.0E+00    118  2.2E-05  2.1E-01  1.2035251E+00   197 1.3E+03
    88      1  1.0E+00    119  8.0E-05  1.7E-01  1.1236770E+00   197 1.3E+03   R
    89      1  1.0E+00    120  8.2E-06  1.8E-01  1.0918551E+00   197 1.3E+03 s

 Major Minors     Step   nCon Feasible  Optimal  MeritFunction    nS Penalty
    90      1  1.0E+00    121  2.4E-05  2.2E-01  1.0329024E+00   197 1.3E+03
    91      1  1.0E+00    122  2.5E-05  2.1E-01  1.0225207E+00   197 1.3E+03
    92      1  1.0E+00    123  8.2E-06  2.2E-01  9.9353331E-01   197 1.3E+03
    93      1  1.0E+00    124  6.2E-06  2.1E-01  9.8189557E-01   197 1.3E+03
    94      1  1.0E+00    125  5.9E-06  2.1E-01  9.6758480E-01   197 1.3E+03
    95      1  1.0E+00    126  3.4E-06  2.0E-01  9.5250327E-01   197 1.3E+03
    96      1  1.0E+00    127  1.8E-06  1.9E-01  9.4238311E-01   197 1.3E+03
    97      1  1.0E+00    128  2.7E-06  1.8E-01  9.2605785E-01   197 1.3E+03
    98      1  1.0E+00    129  6.2E-06  1.6E-01  9.0319295E-01   197 1.3E+03
    99      1  1.0E+00    130  9.3E-06  1.5E-01  8.8256596E-01   197 1.3E+03   R

 Major Minors     Step   nCon Feasible  Optimal  MeritFunction    nS Penalty
   100      1  1.0E+00    131  4.9E-06  1.5E-01  8.6780877E-01   197 1.3E+03 s
   101      1  1.0E+00    132  2.6E-05  1.5E-01  8.5566984E-01   197 1.3E+03
   102      1  1.0E+00    133  3.9E-06  1.4E-01  8.5209337E-01   197 1.3E+03
   103      1  1.0E+00    134  1.8E-06  1.4E-01  8.4527572E-01   197 1.3E+03
   104      1  1.0E+00    135  2.7E-06  1.3E-01  8.4170108E-01   197 1.3E+03
   105      1  1.0E+00    136  1.1E-06  1.1E-01  8.3642491E-01   197 1.3E+03
   106      1  1.0E+00    137  1.8E-06  1.0E-01  8.3070282E-01   197 1.3E+03
   107      1  1.0E+00    138  2.6E-06  8.4E-02  8.2437928E-01   197 1.3E+03
   108      1  1.0E+00    139  2.6E-06  5.7E-02  8.1610809E-01   197 1.3E+03
   109      1  1.0E+00    140  1.2E-05  5.9E-02  8.0428531E-01   197 1.3E+03

 Major Minors     Step   nCon Feasible  Optimal  MeritFunction    nS Penalty
   110      1  1.0E+00    141  5.8E-06  5.9E-02  7.9704488E-01   197 1.3E+03   R
   111      1  1.0E+00    142  2.2E-06  5.7E-02  7.9200187E-01   197 1.3E+03 s
   112      1  1.0E+00    143  1.2E-06  3.8E-02  7.8793004E-01   197 1.3E+03
   113      1  1.0E+00    144  2.3E-06  5.3E-02  7.8403340E-01   197 1.3E+03
   114      1  1.0E+00    145 (5.2E-07) 4.8E-02  7.8248523E-01   197 1.3E+03
   115      1  1.0E+00    146 (4.1E-07) 4.8E-02  7.8065266E-01   197 1.3E+03
   116      1  1.0E+00    147  1.7E-06  4.5E-02  7.7869863E-01   197 1.3E+03
   117      1  1.0E+00    148 (5.4E-07) 4.6E-02  7.7774371E-01   197 1.3E+03
   118      1  1.0E+00    149 (2.6E-07) 4.5E-02  7.7654037E-01   197 1.3E+03
   119      1  1.0E+00    150 (6.7E-07) 4.1E-02  7.7447982E-01   197 1.3E+03

 Major Minors     Step   nCon Feasible  Optimal  MeritFunction    nS Penalty
   120      1  1.0E+00    151 (6.5E-07) 3.7E-02  7.7280265E-01   197 1.3E+03
   121      1  1.0E+00    152 (9.9E-07) 3.2E-02  7.7077928E-01   197 1.3E+03   R
   122      1  1.0E+00    153 (1.4E-07) 2.8E-02  7.6968216E-01   197 1.3E+03 s
   123      1  1.0E+00    154  1.3E-06  2.4E-02  7.6840612E-01   197 1.3E+03
   124      1  1.0E+00    155 (5.7E-07) 2.4E-02  7.6763339E-01   197 1.3E+03
   125      1  1.0E+00    156 (8.2E-07) 2.0E-02  7.6687062E-01   197 1.3E+03
   126      1  1.0E+00    157 (2.3E-07) 2.4E-02  7.6635132E-01   197 1.3E+03
   127      1  1.0E+00    158 (7.5E-07) 1.9E-02  7.6589156E-01   197 1.3E+03
   128      1  1.0E+00    159 (3.8E-07) 1.9E-02  7.6556487E-01   197 1.3E+03
   129      1  1.0E+00    160 (3.9E-07) 1.7E-02  7.6501709E-01   197 1.3E+03

 Major Minors     Step   nCon Feasible  Optimal  MeritFunction    nS Penalty
   130      1  1.0E+00    161 (1.7E-07) 1.3E-02  7.6450202E-01   197 1.3E+03
   131      1  1.0E+00    162 (7.6E-07) 1.2E-02  7.6350845E-01   197 1.3E+03
   132      1  1.0E+00    163  3.9E-06  1.2E-02  7.6249931E-01   197 1.3E+03   R
   133      1  1.0E+00    164 (9.2E-07) 9.5E-03  7.6246371E-01   197 1.3E+03 s
   134      1  1.0E+00    165 (2.1E-07) 8.7E-03  7.6172928E-01   197 1.3E+03
   135      1  1.0E+00    166 (2.9E-08) 5.5E-03  7.6155091E-01   197 1.3E+03
   136      1  1.0E+00    167 (2.6E-07) 4.4E-03  7.6126416E-01   197 1.3E+03
   137      1  1.0E+00    168 (3.8E-08) 4.2E-03  7.6115442E-01   197 1.3E+03
   138      1  1.0E+00    169 (2.3E-08) 4.0E-03  7.6103789E-01   197 1.3E+03
   139      1  1.0E+00    170 (3.6E-08) 3.7E-03  7.6088612E-01   197 1.3E+03

 Major Minors     Step   nCon Feasible  Optimal  MeritFunction    nS Penalty
   140      1  1.0E+00    171 (3.6E-08) 4.9E-03  7.6073216E-01   197 1.3E+03
   141      1  1.0E+00    172 (5.5E-08) 5.9E-03  7.6062269E-01   197 1.3E+03
   142      1  1.0E+00    173 (5.1E-08) 5.9E-03  7.6054015E-01   197 1.3E+03
   143      1  1.0E+00    174 (5.1E-08) 5.0E-03  7.6045164E-01   197 1.3E+03   R
   144      1  1.0E+00    175 (7.2E-09) 4.3E-03  7.6039499E-01   197 1.3E+03 s
   145      1  1.0E+00    176 (1.3E-07) 5.9E-03  7.6025168E-01   197 1.3E+03
   146      1  1.0E+00    177 (6.0E-08) 5.1E-03  7.6021306E-01   197 1.3E+03
   147      1  1.0E+00    178 (2.5E-08) 3.4E-03  7.6009930E-01   197 1.3E+03
   148      1  1.0E+00    179 (2.3E-08) 3.6E-03  7.6003162E-01   197 1.3E+03
   149      1  1.0E+00    180 (3.4E-08) 3.3E-03  7.5996780E-01   197 1.3E+03

 Major Minors     Step   nCon Feasible  Optimal  MeritFunction    nS Penalty
   150      1  1.0E+00    181 (4.1E-08) 3.3E-03  7.5993486E-01   197 1.3E+03
   151      1  1.0E+00    182 (1.8E-08) 2.4E-03  7.5990524E-01   197 1.3E+03
   152      1  1.0E+00    183 (4.4E-08) 2.0E-03  7.5988478E-01   197 1.3E+03
   153      1  1.0E+00    184 (1.3E-08) 1.8E-03  7.5986959E-01   197 1.3E+03
   154      1  1.0E+00    185 (4.5E-09) 1.7E-03  7.5986244E-01   197 1.3E+03   R
   155      1  1.0E+00    186 (6.2E-09) 1.8E-03  7.5986030E-01   197 1.3E+03 s
   156      1  1.0E+00    187 (1.5E-09) 1.7E-03  7.5985338E-01   197 1.3E+03
   157      1  1.0E+00    188 (3.9E-10) 1.7E-03  7.5985018E-01   197 1.3E+03
   158      1  1.0E+00    189 (6.2E-09) 1.2E-03  7.5984141E-01   197 1.3E+03
   159      1  1.0E+00    190 (2.2E-09) 1.1E-03  7.5983516E-01   197 1.3E+03

 Major Minors     Step   nCon Feasible  Optimal  MeritFunction    nS Penalty
   160      1  1.0E+00    191 (2.4E-09) 1.4E-03  7.5982918E-01   197 1.3E+03
   161      1  1.0E+00    192 (2.3E-09) 1.2E-03  7.5982288E-01   197 1.3E+03
   162      1  1.0E+00    193 (3.9E-09) 8.9E-04  7.5981422E-01   197 1.3E+03
   163      1  1.0E+00    194 (5.5E-09) 7.3E-04  7.5980505E-01   197 1.3E+03
   164      1  1.0E+00    195 (3.8E-09) 6.3E-04  7.5979743E-01   197 1.3E+03
   165      1  1.0E+00    196 (2.8E-09) 8.5E-04  7.5979117E-01   197 1.3E+03   R
   166      1  1.0E+00    197 (8.6E-10) 5.3E-04  7.5978775E-01   197 1.3E+03 s
   167      1  3.6E-01    198 (1.4E-08) 4.9E-04  7.5978151E-01   197 1.3E+03
   168      1  1.0E+00    199 (7.3E-09) 4.4E-04  7.5977630E-01   197 1.3E+03
   169      1  3.3E-01    200 (5.0E-09) 4.7E-04  7.5977390E-01   197 1.3E+03

 Major Minors     Step   nCon Feasible  Optimal  MeritFunction    nS Penalty
   170      1  1.0E+00    201 (3.6E-09) 5.9E-04  7.5977262E-01   197 1.3E+03
   171      1  1.0E+00    202 (6.5E-09) 4.4E-04  7.5977122E-01   197 1.3E+03
   172      1  1.0E+00    203 (3.2E-09) 5.4E-04  7.5976884E-01   197 1.3E+03
   173      1  4.3E-01    204 (2.1E-09) 5.7E-04  7.5976709E-01   197 1.3E+03
   174      1  4.8E-01    205 (1.4E-09) 4.8E-04  7.5976631E-01   197 1.3E+03
   175      1  1.0E+00    206 (1.2E-09) 3.7E-04  7.5976615E-01   197 1.3E+03
   176      1  1.0E+00    207 (1.3E-09) 2.2E-04  7.5976546E-01   197 1.3E+03   R
   177      1  2.8E-01    208 (1.0E-09) 2.2E-04  7.5976461E-01   197 1.3E+03 s
   178      1  1.0E+00    209 (5.0E-11) 2.4E-04  7.5976439E-01   197 1.3E+03
   179      1  1.0E+00    210 (1.3E-10) 2.6E-04  7.5976419E-01   197 1.3E+03

 Major Minors     Step   nCon Feasible  Optimal  MeritFunction    nS Penalty
   180      1  1.0E+00    211 (1.6E-11) 2.4E-04  7.5976411E-01   197 1.3E+03
   181      1  1.0E+00    212 (4.4E-11) 2.3E-04  7.5976399E-01   197 1.3E+03
   182      1  1.0E+00    213 (2.0E-11) 2.0E-04  7.5976394E-01   197 1.3E+03
   183      1  1.0E+00    214 (1.1E-11) 1.9E-04  7.5976391E-01   197 1.3E+03
   184      1  1.0E+00    215 (8.4E-12) 1.7E-04  7.5976389E-01   197 1.3E+03
   185      1  1.0E+00    216 (4.6E-12) 1.5E-04  7.5976388E-01   197 1.3E+03
   186      1  1.0E+00    217 (2.5E-12) 1.2E-04  7.5976387E-01   197 1.3E+03
   187      1  1.0E+00    218 (2.6E-12) 9.4E-05  7.5976386E-01   197 1.3E+03   R
   188      1  1.0E+00    219 (9.0E-13) 9.8E-05  7.5976386E-01   197 1.3E+03 s
   189      1  1.0E+00    220 (2.5E-11) 9.9E-05  7.5976385E-01   197 1.3E+03

 Major Minors     Step   nCon Feasible  Optimal  MeritFunction    nS Penalty
   190      1  4.6E-01    221 (1.4E-11) 9.5E-05  7.5976384E-01   197 1.3E+03
   191      1  1.0E+00    222 (5.3E-12) 9.6E-05  7.5976383E-01   197 1.3E+03
   192      1  1.0E+00    223 (1.7E-11) 9.0E-05  7.5976383E-01   197 1.3E+03
   193      1  1.0E+00    224 (1.9E-11) 8.1E-05  7.5976383E-01   197 1.3E+03
   194      1  4.5E-01    225 (1.5E-11) 7.7E-05  7.5976382E-01   197 1.3E+03
   195      1  4.7E-01    226 (8.2E-12) 7.6E-05  7.5976382E-01   197 1.3E+03
   196      1  1.0E+00    227 (1.6E-12) 7.1E-05  7.5976382E-01   197 1.3E+03
   197      1  1.0E+00    228 (6.8E-12) 6.2E-05  7.5976382E-01   197 1.3E+03
   198      1  1.0E+00    229 (1.9E-12) 4.8E-05  7.5976381E-01   197 1.3E+03   R
   199      1  3.9E-01    230 (1.5E-12) 4.8E-05  7.5976381E-01   197 1.3E+03 s

 Major Minors     Step   nCon Feasible  Optimal  MeritFunction    nS Penalty
   200      1  1.0E+00    231 (2.2E-13) 4.6E-05  7.5976381E-01   197 1.3E+03
   201      1  1.0E+00    232 (1.6E-13) 4.2E-05  7.5976381E-01   197 1.3E+03
   202      1  1.0E+00    233 (3.4E-13) 3.6E-05  7.5976381E-01   197 1.3E+03
   203      1  1.0E+00    234 (4.2E-13) 3.1E-05  7.5976381E-01   197 1.3E+03
   204      1  1.0E+00    235 (3.3E-13) 2.6E-05  7.5976381E-01   197 1.3E+03
   205      1  1.0E+00    236 (1.3E-13) 2.3E-05  7.5976381E-01   197 1.3E+03
   206      1  1.0E+00    237 (8.7E-14) 2.0E-05  7.5976381E-01   197 1.3E+03
   207      1  1.0E+00    238 (1.2E-13) 1.8E-05  7.5976381E-01   197 1.3E+03
   208      1  1.0E+00    239 (8.4E-14) 1.5E-05  7.5976381E-01   197 1.3E+03
   209      1  1.0E+00    240 (7.6E-14) 1.3E-05  7.5976381E-01   197 1.3E+03   R

 Major Minors     Step   nCon Feasible  Optimal  MeritFunction    nS Penalty
   210      1  1.0E+00    241 (1.6E-14) 1.1E-05  7.5976381E-01   197 1.3E+03 s
   211      1  1.0E+00    242 (1.5E-13) 9.6E-06  7.5976381E-01   197 1.3E+03
   212      1  1.0E+00    243 (9.6E-14) 8.3E-06  7.5976381E-01   197 1.3E+03
   213      1  1.0E+00    244 (5.5E-14) 7.2E-06  7.5976381E-01   197 1.3E+03
   214      1  1.0E+00    245 (9.7E-14) 6.0E-06  7.5976381E-01   197 1.3E+03
   215      1  1.0E+00    246 (8.9E-14) 4.8E-06  7.5976381E-01   197 1.3E+03
   216      1  1.0E+00    247 (8.9E-14) 3.6E-06  7.5976381E-01   197 1.3E+03
   217      1  1.0E+00    248 (3.7E-14) 3.2E-06  7.5976381E-01   197 1.3E+03
   218      1  1.0E+00    249 (4.4E-14) 2.7E-06  7.5976381E-01   197 1.3E+03
   219      1  1.0E+00    250 (1.7E-14) 2.1E-06  7.5976381E-01   197 1.3E+03

 Major Minors     Step   nCon Feasible  Optimal  MeritFunction    nS Penalty
   220      1  1.0E+00    251 (1.3E-14)(1.7E-06) 7.5976381E-01   197 1.3E+03   R
 
 SNOPTA EXIT   0 -- finished successfully
 SNOPTA INFO   1 -- optimality conditions satisfied

 Problem name
 No. of iterations                 498   Objective value      7.5976380677E-01
 No. of major iterations           220   Linear objective     0.0000000000E+00
 Penalty parameter           1.258E+03   Nonlinear objective  7.5976380677E-01
 No. of calls to funobj          90932   No. of calls to funcon          90932
 Calls with modes 1,2 (known g)    251   Calls with modes 1,2 (known g)    251
 Calls for forward differencing  90360   Calls for forward differencing  90360
 Calls for central differencing      0   Calls for central differencing      0
 No. of superbasics                197   No. of basic nonlinears           123
 No. of degenerate steps            38   Percentage                       7.63
 Max x                       2 6.0E+00   Max pi                      2 1.3E+00
 Max Primal infeas           0 0.0E+00   Max Dual infeas            57 3.8E-06
 Nonlinear constraint violn    3.0E-13

 Solution not printed
