 

 Nonlinear constraints     909     Linear constraints       0
 Nonlinear variables      1505     Linear variables         0
 Jacobian  variables      1505     Objective variables   1505
 Total constraints         909     Total variables       1505
 

 
 The user has defined 1369550   out of 1369550   first  derivatives
 

        Minor  RedCost   nInf   SumInf   rgNorm    LPobjective
          100 -1.9E+00      2  6.5E+00

 Major Minors     Step   nCon Feasible  Optimal  MeritFunction    nS Penalty
     0    166               1  1.1E-01  1.0E+00  1.0691902E+05    39           r i

        Minor   QPmult   nInf   SumInf   rgNorm  Elastic QPobj    nS cgItns
          100 -6.1E+01      1  9.3E-01  1.4E-12  4.5063852E+04   132

 Major Minors     Step   nCon Feasible  Optimal  MeritFunction    nS Penalty
     1    107  3.2E-02      2  1.0E-01  3.4E-01  1.0401310E+05   138         n rliT

        Minor   QPmult   nInf   SumInf   rgNorm  Elastic QPobj    nS cgItns
          100 -1.8E+01      1  3.5E-01  7.0E-13  2.6203525E+04   237

 Major Minors     Step   nCon Feasible  Optimal  MeritFunction    nS Penalty
     2    100  4.7E-02      4  1.0E-01  6.4E-01  9.9836139E+04   237         sM liT

        Minor   QPmult   nInf   SumInf   rgNorm  Elastic QPobj    nS cgItns
          100 -1.8E+01                  1.8E-10  4.1509780E+03   305

 Major Minors     Step   nCon Feasible  Optimal  MeritFunction    nS Penalty
     3    138  1.0E+00      6  7.7E-02  3.2E+00 -5.0045710E+04   336          M   T

        Minor   QPmult   nInf   SumInf   rgNorm  Elastic QPobj    nS cgItns
          100  7.0E+00                  5.7E-13  1.8666337E+03   435

 Major Minors     Step   nCon Feasible  Optimal  MeritFunction    nS Penalty
     4    100  7.9E-02      8  7.2E-02  7.1E+00  8.6128477E+03   435 6.8E+02      T

        Minor   QPmult   nInf   SumInf   rgNorm  Elastic QPobj    nS cgItns
          100 -2.5E+00                  1.7E-12  1.9781195E+03   534

 Major Minors     Step   nCon Feasible  Optimal  MeritFunction    nS Penalty
     5    100  7.5E-01     11  3.4E-02  9.3E-01  3.7815786E+03   534 6.8E+02  M   T
     6     64  1.0E+00     13  3.3E-02  3.4E-01 -1.2541530E+02   596 6.5E+02 sM
     7      2  1.9E-04     17  3.3E-02  2.3E-01 -1.5166361E+02   596 1.3E+02   R
     8      2  1.0E+00     18  7.0E-04  3.3E-01  1.1041332E+01   596 1.3E+02 s
     9      2  1.0E+00     19  2.7E-04  4.3E-01  1.0221618E+01   596 8.8E+01

 Major Minors     Step   nCon Feasible  Optimal  MeritFunction    nS Penalty
    10      2  1.0E+00     20  6.7E-04  4.5E-01  9.4921718E+00   596 8.7E+01
    11      2  1.0E+00     21  1.6E-04  4.6E-01  9.0883662E+00   596 8.7E+01
    12      2  1.0E+00     22  2.0E-04  4.5E-01  8.6529404E+00   596 8.7E+01
    13      2  1.0E+00     23  1.2E-04  4.5E-01  8.3760427E+00   596 8.7E+01   R
    14      2  1.0E+00     24  1.8E-05  4.0E-01  8.2553252E+00   596 8.7E+01 s
    15      2  1.0E+00     25  4.8E-04  3.5E-01  8.0054012E+00   596 8.7E+01
    16      2  3.9E-01     27  3.4E-04  3.4E-01  7.7931898E+00   596 8.7E+01
    17      2  4.9E-01     29  2.1E-04  3.7E-01  7.6712708E+00   596 8.7E+01
    18      2  1.0E+00     30  4.8E-04  4.0E-01  7.4668105E+00   596 8.7E+01
    19      2  5.2E-01     32  3.7E-04  4.1E-01  7.2599945E+00   596 8.7E+01   R

 Major Minors     Step   nCon Feasible  Optimal  MeritFunction    nS Penalty
    20      2  3.3E-01     34  2.3E-04  4.1E-01  7.1546422E+00   596 8.7E+01 s
    21      1  1.0E+00     35  1.9E-05  3.9E-01  7.1009487E+00   596 8.7E+01
    22      2  1.0E+00     36  1.9E-05  3.7E-01  7.0630476E+00   596 8.7E+01
    23      2  1.0E+00     37  4.3E-05  3.8E-01  7.0095826E+00   596 8.7E+01
    24      2  1.0E+00     38  5.6E-05  4.0E-01  6.9386505E+00   596 8.7E+01
    25      2  1.0E+00     39  1.4E-04  3.6E-01  6.8101325E+00   596 8.7E+01   R
    26      2  1.0E+00     40  2.6E-05  4.2E-01  6.7292971E+00   596 8.7E+01 s
    27      2  1.0E+00     41  1.5E-04  4.1E-01  6.6841435E+00   596 8.7E+01
    28      2  1.0E+00     42  3.8E-05  4.2E-01  6.6531195E+00   596 8.7E+01
    29      2  1.0E+00     43  2.9E-05  4.3E-01  6.6120027E+00   596 8.7E+01

 Major Minors     Step   nCon Feasible  Optimal  MeritFunction    nS Penalty
    30      1  1.0E+00     44  1.3E-05  4.3E-01  6.5813749E+00   596 8.7E+01
    31      2  1.0E+00     45  3.1E-05  4.1E-01  6.5118920E+00   596 8.7E+01   R
    32      2  4.5E-01     47  2.3E-05  4.3E-01  6.4920464E+00   596 8.7E+01 s
    33      2  1.0E+00     48  1.9E-06  4.4E-01  6.4824714E+00   596 8.7E+01
    34      2  1.0E+00     49  8.6E-06  4.5E-01  6.4602022E+00   596 8.7E+01
    35      2  1.0E+00     50  7.1E-05  4.4E-01  6.3959764E+00   596 8.7E+01
    36      2  1.0E+00     51  2.6E-04  4.4E-01  6.2874364E+00   596 8.7E+01
    37      2  1.0E+00     52  5.7E-04  4.6E-01  6.1391348E+00   596 8.7E+01   R
    38      2  1.0E+00     53  2.3E-05  4.5E-01  6.0419316E+00   596 8.7E+01 s
    39      2  1.0E+00     54  1.4E-05  4.6E-01  6.0029975E+00   596 8.7E+01

 Major Minors     Step   nCon Feasible  Optimal  MeritFunction    nS Penalty
    40      2  1.0E+00     55  4.7E-06  4.6E-01  5.9829049E+00   596 8.7E+01
    41      1  1.0E+00     56  1.3E-05  4.7E-01  5.9629040E+00   596 8.7E+01
    42      1  1.0E+00     57  2.7E-06  4.7E-01  5.9548967E+00   596 8.7E+01
    43      1  1.0E+00     58  3.9E-06  4.8E-01  5.9445389E+00   596 8.7E+01   R
    44      1  1.0E+00     59 (4.7E-07) 4.7E-01  5.9390868E+00   596 8.7E+01 s
    45      1  5.1E-01     61  1.4E-05  4.8E-01  5.9257945E+00   596 8.7E+01
    46      1  1.0E+00     62  7.0E-05  4.6E-01  5.9186289E+00   596 8.7E+01
    47      1  1.0E+00     63  1.1E-05  4.9E-01  5.8835442E+00   596 8.7E+01
    48      2  1.0E+00     64  8.7E-05  4.9E-01  5.8592886E+00   596 8.7E+01
    49      2  1.0E+00     65  3.1E-04  5.5E-01  5.7787655E+00   596 8.7E+01   R

 Major Minors     Step   nCon Feasible  Optimal  MeritFunction    nS Penalty
    50      2  2.1E-01     67  2.5E-04  5.3E-01  5.7381337E+00   596 8.7E+01 s
    51      2  1.0E+00     68  2.6E-06  5.2E-01  5.7260620E+00   596 8.7E+01
    52      1  1.0E+00     69  7.9E-06  5.2E-01  5.7181133E+00   596 8.7E+01
    53      2  1.0E+00     70  1.0E-06  5.2E-01  5.7153482E+00   596 8.7E+01
    54      1  1.0E+00     71  1.0E-05  5.2E-01  5.7082918E+00   596 8.7E+01
    55      1  1.0E+00     72  5.8E-06  5.1E-01  5.7026814E+00   596 8.7E+01   R
    56      2  1.0E+00     73 (4.0E-07) 5.2E-01  5.6989751E+00   596 8.7E+01 s
    57      2  1.0E+00     74  5.1E-05  5.3E-01  5.6969336E+00   596 8.7E+01
    58      2  1.0E+00     75  2.1E-05  5.3E-01  5.6878172E+00   596 8.7E+01
    59      1  1.0E+00     76  2.2E-05  5.3E-01  5.6799127E+00   596 8.7E+01

 Major Minors     Step   nCon Feasible  Optimal  MeritFunction    nS Penalty
    60      1  1.0E+00     77  4.1E-05  5.4E-01  5.6584141E+00   596 8.7E+01
    61      1  1.0E+00     78  3.7E-05  5.4E-01  5.6401008E+00   596 8.7E+01   R
    62      1  4.1E-01     80  1.9E-05  5.4E-01  5.6301554E+00   596 8.7E+01 s
    63      1  1.0E+00     81  2.7E-06  5.4E-01  5.6266787E+00   596 8.7E+01
    64      1  1.0E+00     82  2.5E-06  5.4E-01  5.6220290E+00   596 8.7E+01
    65      1  1.0E+00     83  1.6E-05  5.3E-01  5.6104602E+00   596 8.7E+01
    66      1  1.0E+00     84  7.8E-05  5.4E-01  5.5845513E+00   596 8.7E+01
    67      1  1.0E+00     85  1.7E-04  5.4E-01  5.5394770E+00   596 8.7E+01   R
    68      1  1.0E+00     86  1.6E-05  5.7E-01  5.5046319E+00   596 8.7E+01 s
    69      1  1.0E+00     87  3.4E-05  5.7E-01  5.4933858E+00   596 8.7E+01

 Major Minors     Step   nCon Feasible  Optimal  MeritFunction    nS Penalty
    70      1  1.0E+00     88  7.9E-06  5.7E-01  5.4854579E+00   596 8.7E+01
    71      1  1.0E+00     89  6.4E-06  5.7E-01  5.4780018E+00   596 8.7E+01
    72      1  1.0E+00     90  3.2E-06  5.8E-01  5.4745448E+00   596 8.7E+01
    73      1  1.0E+00     91  4.6E-06  5.8E-01  5.4643415E+00   596 8.7E+01   R
    74      1  4.1E-01     93  3.1E-06  5.8E-01  5.4616110E+00   596 8.7E+01 s
    75      1  1.0E+00     94 (5.4E-07) 5.7E-01  5.4600136E+00   596 8.7E+01
    76      1  1.0E+00     95  8.6E-06  5.7E-01  5.4531789E+00   596 8.7E+01
    77      1  1.0E+00     96  9.8E-06  5.7E-01  5.4446818E+00   596 8.7E+01
    78      1  1.0E+00     97  4.0E-05  5.7E-01  5.4258412E+00   596 8.7E+01
    79      1  1.0E+00     98  7.8E-05  5.6E-01  5.3967281E+00   596 8.7E+01   R

 Major Minors     Step   nCon Feasible  Optimal  MeritFunction    nS Penalty
    80      1  1.0E+00     99  9.5E-06  5.8E-01  5.3753298E+00   596 8.7E+01 s
    81      1  1.0E+00    100  7.5E-05  5.9E-01  5.3531992E+00   596 8.7E+01
    82      1  1.0E+00    101  1.2E-05  6.0E-01  5.3442816E+00   596 8.7E+01
    83      1  1.0E+00    102  1.5E-06  6.0E-01  5.3406384E+00   596 8.7E+01
    84      1  1.0E+00    103  3.6E-06  6.1E-01  5.3353670E+00   596 8.7E+01
    85      1  1.0E+00    104  5.6E-06  6.1E-01  5.3267899E+00   596 8.7E+01   R
    86      1  1.0E+00    105  3.8E-06  6.1E-01  5.3225900E+00   596 8.7E+01 s
    87      1  1.0E+00    106  2.3E-06  6.0E-01  5.3174658E+00   596 8.7E+01
    88      1  1.0E+00    107  1.5E-06  6.0E-01  5.3135999E+00   596 8.7E+01
    89      1  1.0E+00    108  6.1E-06  6.0E-01  5.3056499E+00   596 8.7E+01

 Major Minors     Step   nCon Feasible  Optimal  MeritFunction    nS Penalty
    90      1  1.0E+00    109  1.1E-05  6.0E-01  5.2938308E+00   596 8.7E+01
    91      1  1.0E+00    110  2.3E-05  5.9E-01  5.2729043E+00   596 8.7E+01   R
    92      1  1.0E+00    111  7.1E-06  6.0E-01  5.2598712E+00   596 8.7E+01 s
    93      1  1.0E+00    112  3.2E-05  6.2E-01  5.2391485E+00   596 8.7E+01
    94      1  1.0E+00    113  7.2E-06  6.2E-01  5.2339802E+00   596 8.7E+01
    95      1  1.0E+00    114  2.0E-06  6.1E-01  5.2299642E+00   596 8.7E+01
    96      1  1.0E+00    115  9.5E-06  6.1E-01  5.2177807E+00   596 8.7E+01
    97      1  1.0E+00    116  3.4E-05  6.1E-01  5.1960568E+00   596 8.7E+01   R
    98      1  1.0E+00    117  1.1E-05  6.2E-01  5.1843714E+00   596 8.7E+01 s
    99      1  1.0E+00    118  1.6E-05  6.2E-01  5.1723949E+00   596 8.7E+01

 Major Minors     Step   nCon Feasible  Optimal  MeritFunction    nS Penalty
   100      1  1.0E+00    119  6.6E-06  6.2E-01  5.1661327E+00   596 8.7E+01
   101      1  1.0E+00    120  7.0E-06  6.1E-01  5.1597600E+00   596 8.7E+01
   102      1  1.0E+00    121  8.4E-06  6.1E-01  5.1514347E+00   596 8.7E+01
   103      1  1.0E+00    122  1.2E-05  6.1E-01  5.1364175E+00   596 8.7E+01   R
   104      1  1.0E+00    123  5.3E-06  6.2E-01  5.1254105E+00   596 8.7E+01 s
   105      1  1.0E+00    124  7.2E-05  6.2E-01  5.1204706E+00   596 8.7E+01
   106      1  1.0E+00    125  8.2E-05  6.2E-01  5.1110902E+00   596 8.7E+01
   107      1  4.2E-01    127  4.9E-05  6.2E-01  5.1038593E+00   596 8.7E+01
   108      1  1.0E+00    128  3.7E-05  6.3E-01  5.0935410E+00   596 8.7E+01
   109      1  1.0E+00    129  1.3E-05  6.1E-01  5.0756653E+00   596 8.7E+01   R

 Major Minors     Step   nCon Feasible  Optimal  MeritFunction    nS Penalty
   110      1  3.0E-01    131  9.0E-06  6.2E-01  5.0717750E+00   596 8.7E+01 s
   111      1  1.0E+00    132  2.2E-06  6.2E-01  5.0692342E+00   596 8.7E+01
   112      1  1.0E+00    133  6.6E-06  6.1E-01  5.0628666E+00   596 8.7E+01
   113      1  1.0E+00    134  2.1E-05  6.1E-01  5.0475716E+00   596 8.7E+01
   114      1  1.0E+00    135  7.2E-05  6.1E-01  5.0216692E+00   596 8.7E+01
   115      1  1.0E+00    136  2.6E-04  6.2E-01  4.9733889E+00   596 8.7E+01   R
   116      1  1.0E+00    137  4.4E-05  6.2E-01  4.9406099E+00   596 8.7E+01 s
   117      1  1.0E+00    138  1.0E-04  6.2E-01  4.9145107E+00   596 8.7E+01
   118      1  1.0E+00    139  4.0E-06  6.2E-01  4.9063086E+00   596 8.7E+01
   119      1  1.0E+00    140  7.3E-06  6.2E-01  4.8996403E+00   596 8.7E+01

 Major Minors     Step   nCon Feasible  Optimal  MeritFunction    nS Penalty
   120      1  1.0E+00    141  2.0E-06  6.3E-01  4.8966039E+00   596 8.7E+01
   121      1  1.0E+00    142  1.2E-05  6.2E-01  4.8885673E+00   596 8.7E+01   R
   122      1  1.0E+00    143  2.6E-06  6.2E-01  4.8837582E+00   596 8.7E+01 s
   123      2  1.0E+00    144  1.6E-05  6.2E-01  4.8747584E+00   596 8.7E+01
   124      1  3.1E-01    146  1.6E-05  6.2E-01  4.8694728E+00   596 8.7E+01
   125      1  1.0E+00    147  1.3E-05  6.3E-01  4.8601446E+00   596 8.7E+01
   126      2  1.0E+00    148  4.8E-05  6.4E-01  4.8196860E+00   596 8.7E+01
   127      2  1.0E+00    149  6.6E-04  6.3E-01  4.7124848E+00   596 8.7E+01   R
   128      2  3.8E-01    151  4.1E-04  6.1E-01  4.6413121E+00   596 8.7E+01 s
   129      2  1.0E+00    152  2.8E-05  6.4E-01  4.6094626E+00   596 8.7E+01

 Major Minors     Step   nCon Feasible  Optimal  MeritFunction    nS Penalty
   130      1  1.0E+00    153  1.4E-05  6.4E-01  4.5994480E+00   596 8.7E+01
   131      1  1.0E+00    154  5.6E-06  6.4E-01  4.5935620E+00   596 8.7E+01
   132      1  1.0E+00    155  8.7E-06  6.5E-01  4.5883860E+00   596 8.7E+01
   133      1  1.0E+00    156  1.4E-06  6.5E-01  4.5856787E+00   596 8.7E+01   R
   134      1  1.0E+00    157 (8.2E-07) 6.5E-01  4.5832534E+00   596 8.7E+01 s
   135      1  1.0E+00    158  8.4E-05  6.2E-01  4.5814003E+00   596 8.7E+01
   136      1  1.0E+00    159  1.3E-04  6.4E-01  4.5736670E+00   596 8.7E+01
   137      1  3.4E-01    161  9.5E-05  6.5E-01  4.5585878E+00   596 8.7E+01
   138      1  1.0E+00    162  8.9E-05  6.4E-01  4.5355478E+00   596 8.7E+01
   139      1  1.0E+00    163  1.1E-04  6.5E-01  4.5061515E+00   596 8.7E+01   R

 Major Minors     Step   nCon Feasible  Optimal  MeritFunction    nS Penalty
   140      2  2.1E-01    165  1.6E-04  6.5E-01  4.4854331E+00   596 8.7E+01 s
   141      1  1.0E+00    166  6.1E-06  6.4E-01  4.4793637E+00   596 8.7E+01
   142      1  1.0E+00    167  3.8E-06  6.5E-01  4.4763506E+00   596 8.7E+01
   143      1  1.0E+00    168  6.2E-06  6.5E-01  4.4708789E+00   596 8.7E+01
   144      1  1.0E+00    169  6.7E-06  6.5E-01  4.4636598E+00   596 8.7E+01
   145      1  1.0E+00    170  2.1E-05  6.5E-01  4.4479026E+00   596 8.7E+01   R
   146      1  1.0E+00    171  8.2E-06  6.3E-01  4.4370610E+00   596 8.7E+01 s
   147      1  1.0E+00    172  4.3E-05  6.3E-01  4.4226238E+00   596 8.7E+01
   148      1  1.0E+00    173  1.5E-05  6.5E-01  4.4166842E+00   596 8.7E+01
   149      1  1.0E+00    174  9.6E-06  6.4E-01  4.4071570E+00   596 8.7E+01

 Major Minors     Step   nCon Feasible  Optimal  MeritFunction    nS Penalty
   150      1  1.0E+00    175  1.2E-05  6.6E-01  4.3841001E+00   596 8.7E+01
   151      1  1.0E+00    176  6.3E-05  6.7E-01  4.2883878E+00   596 8.7E+01   R
   152      1  1.0E+00    177  2.2E-04  6.6E-01  4.2616151E+00   596 8.7E+01 s
   153      1  1.0E+00    178  3.9E-05  6.3E-01  4.2295260E+00   596 8.7E+01
   154      1  1.0E+00    179  1.5E-05  6.4E-01  4.2202825E+00   596 8.7E+01
   155      1  1.0E+00    180  3.1E-06  6.4E-01  4.2130157E+00   596 8.7E+01
   156      1  1.0E+00    181  2.5E-05  6.4E-01  4.1984557E+00   596 8.7E+01
   157      1  1.0E+00    182  9.3E-06  6.1E-01  4.1848790E+00   596 8.7E+01   R
   158      1  1.0E+00    183  5.6E-06  6.2E-01  4.1734574E+00   596 8.7E+01 s
   159      1  1.0E+00    184  1.2E-04  6.2E-01  4.1589754E+00   596 8.7E+01

 Major Minors     Step   nCon Feasible  Optimal  MeritFunction    nS Penalty
   160      1  1.0E+00    185  4.4E-05  6.1E-01  4.1468300E+00   596 8.7E+01
   161      1  1.0E+00    186  4.1E-05  6.3E-01  4.1375283E+00   596 8.7E+01
   162      1  1.0E+00    187  4.7E-05  6.3E-01  4.0940833E+00   596 8.7E+01
   163      1  1.0E+00    188  1.4E-04  5.8E-01  4.0196396E+00   596 8.7E+01   R
   164      1  3.6E-01    190  1.4E-04  6.0E-01  3.9835127E+00   596 8.7E+01 s
   165      1  1.0E+00    191  1.3E-05  5.9E-01  3.9748724E+00   596 8.7E+01
   166      1  1.0E+00    192  4.9E-06  6.0E-01  3.9674404E+00   596 8.7E+01
   167      1  1.0E+00    193  4.2E-06  5.9E-01  3.9562912E+00   596 8.7E+01
   168      1  1.0E+00    194  1.1E-05  5.9E-01  3.9320963E+00   596 8.7E+01
   169      1  1.0E+00    195  2.9E-05  5.5E-01  3.8857890E+00   596 8.7E+01   R

 Major Minors     Step   nCon Feasible  Optimal  MeritFunction    nS Penalty
   170      1  1.0E+00    196  3.2E-05  5.3E-01  3.8523269E+00   596 8.7E+01 s
   171      1  1.0E+00    197  1.1E-04  5.4E-01  3.8300058E+00   596 8.7E+01
   172      1  1.0E+00    198  1.7E-05  5.3E-01  3.8174800E+00   596 8.7E+01
   173      1  1.0E+00    199  9.2E-06  5.4E-01  3.8026056E+00   596 8.7E+01
   174      1  1.0E+00    200  1.3E-05  5.5E-01  3.7807447E+00   596 8.7E+01
   175      1  1.0E+00    201  2.2E-05  5.1E-01  3.7457172E+00   596 8.7E+01   R
   176      1  1.0E+00    202  3.5E-05  4.9E-01  3.7336763E+00   596 8.7E+01 s
   177      1  1.0E+00    203  9.7E-06  4.9E-01  3.7129490E+00   596 8.7E+01
   178      1  1.0E+00    204  1.5E-05  4.7E-01  3.7013056E+00   596 8.7E+01
   179      1  1.0E+00    205  1.9E-05  4.7E-01  3.6843146E+00   596 8.7E+01

 Major Minors     Step   nCon Feasible  Optimal  MeritFunction    nS Penalty
   180      2  1.0E+00    206  2.2E-05  4.7E-01  3.6620441E+00   596 8.7E+01
   181      1  1.0E+00    207  1.8E-05  4.1E-01  3.6324594E+00   596 8.7E+01   R
   182      1  1.0E+00    208  1.0E-05  4.0E-01  3.6133900E+00   596 8.7E+01 s
   183      1  1.0E+00    209  3.8E-04  4.2E-01  3.5791353E+00   596 8.7E+01
   184      1  1.0E+00    210  8.4E-05  4.1E-01  3.5626501E+00   596 8.7E+01
   185      1  1.0E+00    211  4.6E-05  4.1E-01  3.5389522E+00   596 8.7E+01
   186      1  1.0E+00    212  7.7E-06  3.9E-01  3.5128989E+00   596 8.7E+01
   187      2  1.0E+00    213  7.1E-04  3.6E-01  3.3528998E+00   596 8.7E+01   R
   188      2  3.1E-01    215  4.8E-04  3.2E-01  3.2726371E+00   596 8.7E+01 s
   189      1  1.0E+00    216  1.8E-05  3.4E-01  3.2542974E+00   596 8.7E+01

 Major Minors     Step   nCon Feasible  Optimal  MeritFunction    nS Penalty
   190      1  1.0E+00    217  4.4E-06  3.3E-01  3.2446550E+00   596 8.7E+01
   191      2  1.0E+00    218  9.9E-06  3.3E-01  3.2314272E+00   596 8.7E+01
   192      2  1.0E+00    219  2.1E-05  3.3E-01  3.2158142E+00   596 8.7E+01
   193      1  1.0E+00    220  4.8E-05  3.0E-01  3.1937579E+00   596 8.7E+01   R
   194      1  1.0E+00    221  3.6E-06  2.8E-01  3.1809838E+00   596 8.7E+01 s
   195      1  1.0E+00    222  6.7E-05  2.9E-01  3.1654450E+00   596 8.7E+01
   196      1  1.0E+00    223  4.9E-05  2.8E-01  3.1396512E+00   596 8.7E+01
   197      1  1.0E+00    224  1.4E-05  2.8E-01  3.1172708E+00   596 8.7E+01
   198      1  1.0E+00    225  3.3E-05  2.8E-01  3.0676161E+00   596 8.7E+01
   199      1  1.0E+00    226  7.1E-05  2.6E-01  2.9508882E+00   596 8.7E+01   R

 Major Minors     Step   nCon Feasible  Optimal  MeritFunction    nS Penalty
   200      1  3.4E-01    228  4.6E-05  2.4E-01  2.9179224E+00   596 8.7E+01 s
   201      1  1.0E+00    229  1.1E-05  2.4E-01  2.9019694E+00   596 8.7E+01
   202      1  1.0E+00    230  3.0E-05  2.4E-01  2.8850978E+00   596 8.7E+01
   203      1  1.0E+00    231  2.8E-06  2.3E-01  2.8760135E+00   596 8.7E+01
   204      1  1.0E+00    232  2.4E-05  2.3E-01  2.8481710E+00   596 8.7E+01
   205      1  1.0E+00    233  1.4E-05  2.0E-01  2.8222750E+00   596 8.7E+01   R
   206      1  1.0E+00    234  4.7E-06  2.0E-01  2.8074800E+00   596 8.7E+01 s
   207      1  1.0E+00    235  1.6E-04  2.1E-01  2.7894829E+00   596 8.7E+01
   208      1  1.0E+00    236  3.2E-05  2.1E-01  2.7515731E+00   596 8.7E+01
   209      1  1.0E+00    237  3.2E-05  2.1E-01  2.7322644E+00   596 8.7E+01

 Major Minors     Step   nCon Feasible  Optimal  MeritFunction    nS Penalty
   210      1  1.0E+00    238  7.4E-05  2.0E-01  2.6799811E+00   596 8.7E+01
   211      1  1.0E+00    239  7.3E-04  1.7E-01  2.5518636E+00   596 8.7E+01   R
   212      2  1.0E+00    240  2.3E-04  1.8E-01  2.4632880E+00   596 8.7E+01 s
   213      2  1.0E+00    241  1.5E-04  1.7E-01  2.4393978E+00   596 8.7E+01
   214      2  1.0E+00    242  1.1E-04  1.8E-01  2.4094437E+00   596 8.7E+01
   215      2  1.0E+00    243  1.0E-04  1.7E-01  2.3857528E+00   596 8.7E+01
   216      2  1.0E+00    244  1.4E-05  1.6E-01  2.3643320E+00   596 8.7E+01
   217      2  1.0E+00    245  4.2E-05  1.4E-01  2.3255234E+00   596 8.7E+01   R
   218      2  1.0E+00    246  7.9E-05  1.5E-01  2.3204404E+00   596 8.7E+01 s
   219      2  1.0E+00    247  1.8E-05  1.5E-01  2.2981749E+00   596 8.7E+01

 Major Minors     Step   nCon Feasible  Optimal  MeritFunction    nS Penalty
   220      2  1.0E+00    248  6.5E-06  1.5E-01  2.2840197E+00   596 8.7E+01
   221      1  1.0E+00    249  2.8E-05  1.5E-01  2.2523947E+00   596 8.7E+01
   222      1  1.0E+00    250  4.3E-05  1.5E-01  2.2210475E+00   596 8.7E+01
   223      1  1.0E+00    251  5.7E-05  1.5E-01  2.1817066E+00   596 8.7E+01   R
   224      1  1.0E+00    252  7.7E-06  1.5E-01  2.1561426E+00   596 8.7E+01 s
   225      1  5.0E-01    254  4.7E-05  1.4E-01  2.0993795E+00   596 8.7E+01
   226      1  3.8E-01    256  5.2E-05  1.3E-01  2.0783231E+00   596 8.7E+01
   227      1  1.0E+00    257  2.9E-05  1.4E-01  2.0583003E+00   596 8.7E+01
   228      1  1.0E+00    258  4.7E-05  1.6E-01  2.0088981E+00   596 8.7E+01
   229      1  1.0E+00    259  3.9E-04  1.3E-01  1.8724159E+00   596 8.7E+01   R

 Major Minors     Step   nCon Feasible  Optimal  MeritFunction    nS Penalty
   230      2  2.9E-01    261  2.7E-04  2.0E-01  1.7945435E+00   596 8.7E+01 s
   231      1  1.0E+00    262  2.3E-05  1.3E-01  1.7639534E+00   596 8.7E+01
   232      2  1.0E+00    263  2.7E-05  1.3E-01  1.7380532E+00   596 8.7E+01
   233      1  1.0E+00    264  1.9E-05  1.2E-01  1.7175783E+00   596 8.7E+01
   234      1  1.0E+00    265  9.2E-06  1.2E-01  1.7018546E+00   596 8.7E+01
   235      1  1.0E+00    266  1.1E-05  1.1E-01  1.6861079E+00   596 8.7E+01   R
   236      1  1.0E+00    267  2.4E-06  1.3E-01  1.6788878E+00   596 8.7E+01 s
   237      1  1.0E+00    268  1.2E-04  1.7E-01  1.6554056E+00   596 8.7E+01
   238      1  5.0E-01    270  9.5E-05  1.4E-01  1.6301473E+00   596 8.7E+01
   239      1  4.4E-01    272  9.6E-05  1.6E-01  1.6044176E+00   596 8.7E+01

 Major Minors     Step   nCon Feasible  Optimal  MeritFunction    nS Penalty
   240      1  1.0E+00    273  9.8E-05  1.4E-01  1.5416825E+00   596 8.7E+01
   241      2  1.0E+00    274  9.8E-04  8.5E-02  1.4313398E+00   596 8.7E+01   R
   242      2  3.6E-01    276  6.1E-04  1.6E-01  1.3097450E+00   596 8.7E+01 s
   243      1  1.0E+00    277  8.8E-05  1.2E-01  1.2396394E+00   596 8.7E+01
   244      1  1.0E+00    278  1.8E-05  1.6E-01  1.2203487E+00   596 8.7E+01
   245      1  1.0E+00    279  5.3E-06  1.5E-01  1.2139903E+00   596 8.7E+01
   246      1  1.0E+00    280  6.9E-06  1.5E-01  1.2032845E+00   596 8.7E+01
   247      1  1.0E+00    281  1.5E-05  1.5E-01  1.1884625E+00   596 8.7E+01   R
   248      1  1.0E+00    282  1.5E-05  1.4E-01  1.1801341E+00   596 8.7E+01 s
   249      1  1.0E+00    283  4.4E-05  1.2E-01  1.1663470E+00   596 8.7E+01

 Major Minors     Step   nCon Feasible  Optimal  MeritFunction    nS Penalty
   250      1  1.0E+00    284  2.1E-05  1.5E-01  1.1599710E+00   596 8.7E+01
   251      1  1.0E+00    285  1.6E-05  1.5E-01  1.1418412E+00   596 8.7E+01
   252      1  1.0E+00    286  3.6E-05  1.5E-01  1.0920870E+00   596 8.7E+01
   253      1  1.0E+00    287  2.5E-04  1.3E-01  1.0086622E+00   596 8.7E+01   R
   254      1  3.6E-01    289  1.8E-04  2.0E-01  9.7091979E-01   596 8.7E+01 s
   255      1  1.0E+00    290  4.9E-06  1.2E-01  9.5651229E-01   596 8.7E+01
   256      1  1.0E+00    291  2.8E-05  1.4E-01  9.3357712E-01   596 8.7E+01
   257      1  1.0E+00    292  5.5E-06  1.5E-01  9.2744902E-01   596 8.7E+01
   258      1  1.0E+00    293  3.2E-06  1.5E-01  9.2241614E-01   596 8.7E+01
   259      1  1.0E+00    294  4.4E-06  1.4E-01  9.1844455E-01   596 8.7E+01   R

 Major Minors     Step   nCon Feasible  Optimal  MeritFunction    nS Penalty
   260      1  1.0E+00    295 (5.0E-07) 1.3E-01  9.1676529E-01   596 8.7E+01 s
   261      1  1.0E+00    296  6.3E-05  1.4E-01  9.0678843E-01   596 8.7E+01
   262      1  1.0E+00    297  2.4E-05  1.3E-01  8.9925757E-01   596 8.7E+01
   263      1  1.0E+00    298  9.1E-05  1.6E-01  8.8983539E-01   596 8.7E+01
   264      1  1.0E+00    299  5.1E-05  1.1E-01  8.5949375E-01   596 8.7E+01
   265      1  1.0E+00    300  1.5E-04  1.2E-01  8.0338471E-01   596 8.7E+01   R
   266      1  3.1E-01    302  9.9E-05  1.6E-01  7.8782869E-01   596 8.7E+01 s
   267      1  1.0E+00    303  5.9E-06  1.3E-01  7.8253568E-01   596 8.7E+01
   268      1  1.0E+00    304  1.8E-06  1.3E-01  7.7982223E-01   596 8.7E+01
   269      1  1.0E+00    305 (8.9E-07) 1.3E-01  7.7807940E-01   596 8.7E+01

 Major Minors     Step   nCon Feasible  Optimal  MeritFunction    nS Penalty
   270      1  1.0E+00    306 (6.4E-07) 1.2E-01  7.7682665E-01   596 8.7E+01
   271      1  1.0E+00    307 (8.2E-07) 1.1E-01  7.7553261E-01   596 8.7E+01   R
   272      1  1.0E+00    308 (2.1E-07) 1.2E-01  7.7492055E-01   596 8.7E+01 s
   273      1  1.0E+00    309  4.9E-06  1.4E-01  7.7405344E-01   596 8.7E+01
   274      1  5.2E-01    311  6.2E-06  1.2E-01  7.7157958E-01   596 8.7E+01
   275      1  1.0E+00    312  4.5E-06  1.2E-01  7.6895823E-01   596 8.7E+01
   276      1  1.0E+00    313  6.5E-06  1.2E-01  7.6480718E-01   596 8.7E+01
   277      1  1.0E+00    314  1.0E-05  9.6E-02  7.5524231E-01   596 8.7E+01   R
   278      1  2.9E-01    316  7.7E-06  1.1E-01  7.5300355E-01   596 8.7E+01 s
   279      1  1.0E+00    317  1.4E-06  9.6E-02  7.5223942E-01   596 8.7E+01

 Major Minors     Step   nCon Feasible  Optimal  MeritFunction    nS Penalty
   280      1  1.0E+00    318 (1.7E-07) 1.0E-01  7.5183792E-01   596 8.7E+01
   281      1  1.0E+00    319 (8.3E-07) 1.0E-01  7.5116749E-01   596 8.7E+01
   282      1  1.0E+00    320 (6.8E-07) 9.9E-02  7.5053764E-01   596 8.7E+01
   283      1  1.0E+00    321  2.3E-06  9.9E-02  7.4919701E-01   596 8.7E+01   R
   284      1  1.0E+00    322 (3.2E-07) 8.9E-02  7.4837506E-01   596 8.7E+01 s
   285      1  1.0E+00    323  5.2E-06  9.4E-02  7.4763732E-01   596 8.7E+01
   286      1  1.0E+00    324  6.3E-06  8.6E-02  7.4742035E-01   596 8.7E+01
   287      1  1.0E+00    325  1.0E-06  9.0E-02  7.4637395E-01   596 8.7E+01
   288      1  1.0E+00    326  1.6E-06  8.6E-02  7.4570942E-01   596 8.7E+01
   289      1  1.0E+00    327  1.5E-06  8.8E-02  7.4438300E-01   596 8.7E+01   R

 Major Minors     Step   nCon Feasible  Optimal  MeritFunction    nS Penalty
   290      1  3.7E-01    329  1.2E-06  8.1E-02  7.4406133E-01   596 8.7E+01 s
   291      1  1.0E+00    330 (6.0E-08) 8.4E-02  7.4384822E-01   596 8.7E+01
   292      1  1.0E+00    331 (5.1E-07) 7.9E-02  7.4316776E-01   596 8.7E+01
   293      1  1.0E+00    332  1.5E-06  6.9E-02  7.4192403E-01   596 8.7E+01
   294      1  1.0E+00    333  2.0E-06  5.3E-02  7.3998040E-01   596 8.7E+01
   295      1  1.0E+00    334  3.2E-06  3.8E-02  7.3734219E-01   596 8.7E+01   R
   296      1  1.0E+00    335 (9.5E-07) 2.2E-02  7.3588418E-01   596 8.7E+01 s
   297      1  1.0E+00    336  3.6E-06  3.4E-02  7.3451655E-01   596 8.7E+01
   298      1  1.0E+00    337 (3.5E-07) 3.5E-02  7.3402634E-01   596 8.7E+01
   299      1  1.0E+00    338 (3.2E-07) 3.8E-02  7.3365024E-01   596 8.7E+01

 Major Minors     Step   nCon Feasible  Optimal  MeritFunction    nS Penalty
   300      1  1.0E+00    339 (7.5E-08) 3.7E-02  7.3345328E-01   596 8.7E+01
   301      1  1.0E+00    340 (2.1E-07) 3.7E-02  7.3322389E-01   596 8.7E+01   R
   302      1  1.0E+00    341 (4.5E-08) 2.8E-02  7.3306351E-01   596 8.7E+01 s
   303      1  3.0E-01    343 (4.7E-07) 3.0E-02  7.3278984E-01   596 8.7E+01
   304      1  1.0E+00    344  4.0E-06  2.2E-02  7.3253826E-01   596 8.7E+01
   305      1  1.0E+00    345  6.0E-06  1.8E-02  7.3236175E-01   596 8.7E+01
   306      1  1.0E+00    346  1.9E-06  1.1E-02  7.3199573E-01   596 8.7E+01
   307      1  1.0E+00    347  7.0E-06  2.0E-02  7.3179348E-01   596 8.7E+01   R
   308      1  2.2E-01    349  7.2E-06  1.0E-02  7.3088237E-01   596 8.7E+01 s
   309      1  1.0E+00    350 (3.1E-07) 1.4E-02  7.3071697E-01   596 8.7E+01

 Major Minors     Step   nCon Feasible  Optimal  MeritFunction    nS Penalty
   310      1  1.0E+00    351 (8.5E-08) 9.5E-03  7.3062016E-01   596 8.7E+01
   311      1  1.0E+00    352 (9.4E-08) 9.3E-03  7.3051746E-01   596 8.7E+01
   312      1  1.0E+00    353 (7.3E-08) 8.5E-03  7.3047143E-01   596 8.7E+01
   313      1  1.0E+00    354 (2.5E-07) 6.6E-03  7.3038817E-01   596 8.7E+01   R
   314      1  1.0E+00    355 (2.6E-08) 7.7E-03  7.3034019E-01   596 8.7E+01 s
   315      1  4.6E-01    357 (9.8E-08) 4.4E-03  7.3026699E-01   596 8.7E+01
   316      1  1.0E+00    358 (5.6E-07) 7.2E-03  7.3021660E-01   596 8.7E+01
   317      1  1.0E+00    359 (5.0E-07) 5.2E-03  7.3006843E-01   596 8.7E+01
   318      1  1.0E+00    360 (2.6E-07) 2.0E-03  7.2990137E-01   596 8.7E+01
   319      1  1.0E+00    361  2.0E-06  5.8E-03  7.2969642E-01   596 8.7E+01   R

 Major Minors     Step   nCon Feasible  Optimal  MeritFunction    nS Penalty
   320      1  2.1E-01    363  1.6E-06  1.2E-03  7.2954091E-01   596 8.7E+01 s
   321      1  1.0E+00    364 (1.4E-08) 1.9E-03  7.2951690E-01   596 8.7E+01
   322      1  1.0E+00    365 (1.2E-08) 1.5E-03  7.2949928E-01   596 8.7E+01
   323      1  1.0E+00    366 (9.8E-09) 1.3E-03  7.2948647E-01   596 8.7E+01
   324      1  1.0E+00    367 (1.4E-08) 1.2E-03  7.2947447E-01   596 8.7E+01
   325      1  1.0E+00    368 (7.1E-09) 1.2E-03  7.2946530E-01   596 8.7E+01   R
   326      1  1.0E+00    369 (3.7E-10) 1.2E-03  7.2945881E-01   596 8.7E+01 s
   327      1  1.0E+00    370 (2.8E-07) 1.5E-03  7.2944031E-01   596 8.7E+01
   328      1  4.6E-01    372 (1.2E-07) 1.1E-03  7.2941545E-01   596 8.7E+01
   329      1  5.0E-01    374 (8.2E-08) 1.1E-03  7.2939629E-01   596 8.7E+01

 Major Minors     Step   nCon Feasible  Optimal  MeritFunction    nS Penalty
   330      1  1.0E+00    375 (8.7E-08) 8.6E-04  7.2933326E-01   596 8.7E+01
   331      1  1.0E+00    376 (3.7E-07) 3.1E-03  7.2923968E-01   596 8.7E+01   R
   332      1  2.5E-01    378 (3.4E-07) 1.2E-03  7.2918674E-01   596 8.7E+01 s
   333      1  1.0E+00    379 (8.7E-09) 2.2E-03  7.2917595E-01   596 8.7E+01
   334      1  1.0E+00    380 (7.8E-09) 1.5E-03  7.2916682E-01   596 8.7E+01
   335      1  1.0E+00    381 (1.5E-08) 1.4E-03  7.2916199E-01   596 8.7E+01
   336      1  1.0E+00    382 (8.0E-10) 1.1E-03  7.2916076E-01   596 8.7E+01
   337      1  1.0E+00    383 (6.6E-09) 7.5E-04  7.2915803E-01   596 8.7E+01   R
   338      1  1.0E+00    384 (1.5E-09) 1.1E-03  7.2915642E-01   596 8.7E+01 s
   339      1  1.0E+00    385 (4.1E-09) 6.3E-04  7.2915470E-01   596 8.7E+01

 Major Minors     Step   nCon Feasible  Optimal  MeritFunction    nS Penalty
   340      1  1.0E+00    386 (1.6E-09) 6.8E-04  7.2915293E-01   596 8.7E+01
   341      1  1.0E+00    387 (3.5E-09) 5.6E-04  7.2914780E-01   596 8.7E+01
   342      1  1.0E+00    388 (1.6E-08) 8.9E-04  7.2913758E-01   596 8.7E+01
   343      1  1.0E+00    389 (1.7E-08) 1.2E-03  7.2913178E-01   596 8.7E+01   R
   344      1  4.8E-01    391 (9.0E-09) 1.6E-03  7.2913007E-01   596 8.7E+01 s
   345      1  1.0E+00    392 (4.6E-10) 1.1E-03  7.2912928E-01   596 8.7E+01
   346      1  1.0E+00    393 (6.5E-09) 8.5E-04  7.2912665E-01   596 8.7E+01
   347      1  1.0E+00    394 (2.1E-09) 4.0E-04  7.2912520E-01   596 8.7E+01
   348      1  1.0E+00    395 (5.0E-09) 3.3E-04  7.2912280E-01   596 8.7E+01
   349      1  1.0E+00    396 (1.6E-09) 4.1E-04  7.2912159E-01   596 8.7E+01   R

 Major Minors     Step   nCon Feasible  Optimal  MeritFunction    nS Penalty
   350      1  1.0E+00    397 (2.5E-10) 2.6E-04  7.2912113E-01   596 8.7E+01 s
   351      1  4.4E-01    399 (2.4E-09) 3.3E-04  7.2912034E-01   596 8.7E+01
   352      1  1.0E+00    400 (7.3E-09) 2.7E-04  7.2911966E-01   596 8.7E+01
   353      1  1.0E+00    401 (2.5E-09) 2.5E-04  7.2911877E-01   596 8.7E+01
   354      1  1.0E+00    402 (7.9E-09) 2.5E-04  7.2911781E-01   596 8.7E+01
   355      1  1.0E+00    403 (8.8E-09) 2.8E-04  7.2911604E-01   596 8.7E+01   R
   356      1  2.3E-01    405 (6.7E-09) 2.7E-04  7.2911548E-01   596 8.7E+01 s
   357      1  1.0E+00    406 (6.2E-11) 2.1E-04  7.2911532E-01   596 8.7E+01
   358      1  1.0E+00    407 (1.3E-09) 2.1E-04  7.2911490E-01   596 8.7E+01
   359      1  1.0E+00    408 (4.8E-10) 2.3E-04  7.2911471E-01   596 8.7E+01

 Major Minors     Step   nCon Feasible  Optimal  MeritFunction    nS Penalty
   360      1  1.0E+00    409 (1.8E-09) 2.5E-04  7.2911431E-01   596 8.7E+01
   361      1  1.0E+00    410 (7.7E-10) 3.1E-04  7.2911390E-01   596 8.7E+01   R
   362      1  1.0E+00    411 (1.1E-10) 1.8E-04  7.2911366E-01   596 8.7E+01 s
   363      1  1.0E+00    412 (7.0E-09) 2.1E-04  7.2911334E-01   596 8.7E+01
   364      1  1.0E+00    413 (2.4E-09) 1.8E-04  7.2911320E-01   596 8.7E+01
   365      1  1.0E+00    414 (3.3E-09) 1.9E-04  7.2911288E-01   596 8.7E+01
   366      1  1.0E+00    415 (3.7E-09) 1.6E-04  7.2911239E-01   596 8.7E+01
   367      1  1.0E+00    416 (2.6E-09) 1.6E-04  7.2911200E-01   596 8.7E+01   R
   368      1  4.5E-01    418 (1.7E-09) 1.5E-04  7.2911177E-01   596 8.7E+01 s
   369      1  1.0E+00    419 (7.8E-11) 1.7E-04  7.2911168E-01   596 8.7E+01

 Major Minors     Step   nCon Feasible  Optimal  MeritFunction    nS Penalty
   370      1  1.0E+00    420 (5.7E-10) 1.8E-04  7.2911147E-01   596 8.7E+01
   371      1  1.0E+00    421 (4.5E-09) 1.9E-04  7.2911093E-01   596 8.7E+01
   372      1  1.0E+00    422 (6.1E-09) 1.9E-04  7.2911017E-01   596 8.7E+01
   373      1  1.0E+00    423 (4.3E-09) 2.7E-04  7.2910903E-01   596 8.7E+01   R
   374      1  1.0E+00    424 (9.4E-10) 1.3E-04  7.2910842E-01   596 8.7E+01 s
   375      1  5.3E-01    426 (9.5E-10) 2.5E-04  7.2910808E-01   596 8.7E+01
   376      1  1.0E+00    427 (7.9E-10) 1.2E-04  7.2910804E-01   596 8.7E+01
   377      1  1.0E+00    428 (4.6E-10) 6.8E-05  7.2910784E-01   596 8.7E+01
   378      1  1.0E+00    429 (1.7E-10) 6.5E-05  7.2910778E-01   596 8.7E+01
   379      1  1.0E+00    430 (2.1E-10) 7.1E-05  7.2910771E-01   596 8.7E+01   R

 Major Minors     Step   nCon Feasible  Optimal  MeritFunction    nS Penalty
   380      1  4.3E-01    432 (1.3E-10) 6.8E-05  7.2910769E-01   596 8.7E+01 s
   381      1  1.0E+00    433 (2.2E-11) 6.4E-05  7.2910767E-01   596 8.7E+01
   382      1  1.0E+00    434 (3.9E-10) 7.9E-05  7.2910760E-01   596 8.7E+01
   383      1  1.0E+00    435 (9.6E-10) 8.8E-05  7.2910749E-01   596 8.7E+01
   384      1  1.0E+00    436 (1.8E-09) 9.5E-05  7.2910733E-01   596 8.7E+01
   385      1  1.0E+00    437 (1.1E-09) 1.6E-04  7.2910710E-01   596 8.7E+01   R
   386      1  1.0E+00    438 (5.4E-11) 7.6E-05  7.2910698E-01   596 8.7E+01 s
   387      1  1.0E+00    439 (6.3E-10) 4.1E-05  7.2910690E-01   596 8.7E+01
   388      1  1.0E+00    440 (1.5E-10) 4.1E-05  7.2910683E-01   596 8.7E+01
   389      1  1.0E+00    441 (3.7E-11) 3.1E-05  7.2910682E-01   596 8.7E+01

 Major Minors     Step   nCon Feasible  Optimal  MeritFunction    nS Penalty
   390      1  1.0E+00    442 (1.3E-10) 3.5E-05  7.2910680E-01   596 8.7E+01
   391      1  1.0E+00    443 (2.6E-11) 4.0E-05  7.2910678E-01   596 8.7E+01   R
   392      1  1.0E+00    444 (1.2E-11) 3.0E-05  7.2910678E-01   596 8.7E+01 s
   393      1  1.0E+00    445 (3.2E-10) 3.7E-05  7.2910676E-01   596 8.7E+01
   394      1  1.0E+00    446 (1.2E-10) 2.9E-05  7.2910674E-01   596 8.7E+01
   395      1  5.0E-01    448 (1.9E-10) 4.5E-05  7.2910673E-01   596 8.7E+01
   396      1  1.0E+00    449 (2.6E-10) 2.6E-05  7.2910671E-01   596 8.7E+01
   397      1  1.0E+00    450 (3.5E-10) 3.3E-05  7.2910662E-01   596 8.7E+01   R
   398      1  3.7E-01    452 (2.2E-10) 2.2E-05  7.2910661E-01   596 8.7E+01 s
   399      1  1.0E+00    453 (5.6E-12) 1.7E-05  7.2910661E-01   596 8.7E+01

 Major Minors     Step   nCon Feasible  Optimal  MeritFunction    nS Penalty
   400      1  1.0E+00    454 (9.1E-12) 2.1E-05  7.2910661E-01   596 8.7E+01
   401      1  1.0E+00    455 (8.5E-12) 2.3E-05  7.2910660E-01   596 8.7E+01
   402      1  1.0E+00    456 (2.7E-11) 1.8E-05  7.2910660E-01   596 8.7E+01
   403      1  1.0E+00    457 (3.1E-11) 2.3E-05  7.2910659E-01   596 8.7E+01   R
   404      1  1.0E+00    458 (1.6E-11) 1.6E-05  7.2910658E-01   596 8.7E+01 s
   405      1  1.0E+00    459 (2.9E-11) 1.5E-05  7.2910658E-01   596 8.7E+01
   406      1  1.0E+00    460 (7.5E-12) 1.7E-05  7.2910657E-01   596 8.7E+01
   407      1  1.0E+00    461 (5.4E-12) 1.2E-05  7.2910657E-01   596 8.7E+01
   408      1  1.0E+00    462 (2.3E-11) 1.6E-05  7.2910657E-01   596 8.7E+01
   409      1  1.0E+00    463 (3.7E-11) 2.2E-05  7.2910656E-01   596 8.7E+01   R

 Major Minors     Step   nCon Feasible  Optimal  MeritFunction    nS Penalty
   410      1  1.0E+00    464 (1.1E-11) 1.6E-05  7.2910656E-01   596 8.7E+01 s
   411      1  1.0E+00    465 (4.0E-12) 1.1E-05  7.2910656E-01   596 8.7E+01
   412      1  1.0E+00    466 (2.1E-12) 1.3E-05  7.2910656E-01   596 8.7E+01
   413      1  1.0E+00    467 (4.3E-12) 1.2E-05  7.2910655E-01   596 8.7E+01
   414      1  1.0E+00    468 (9.2E-12) 9.7E-06  7.2910655E-01   596 8.7E+01
   415      1  1.0E+00    469 (1.6E-11) 1.0E-05  7.2910655E-01   596 8.7E+01   R
   416      1  1.0E+00    470 (1.5E-12) 1.0E-05  7.2910655E-01   596 8.7E+01 s
   417      1  1.0E+00    471 (2.2E-11) 8.4E-06  7.2910654E-01   596 8.7E+01
   418      1  1.0E+00    472 (3.1E-11) 9.0E-06  7.2910654E-01   596 8.7E+01
   419      1  1.0E+00    473 (3.8E-12) 7.3E-06  7.2910654E-01   596 8.7E+01

 Major Minors     Step   nCon Feasible  Optimal  MeritFunction    nS Penalty
   420      1  1.0E+00    474 (3.6E-12) 6.8E-06  7.2910654E-01   596 8.7E+01
   421      1  1.0E+00    475 (4.2E-12) 7.0E-06  7.2910654E-01   596 8.7E+01   R
   422      1  4.3E-01    477 (2.4E-12) 6.4E-06  7.2910654E-01   596 8.7E+01 s
   423      1  1.0E+00    478 (2.6E-13) 6.5E-06  7.2910654E-01   596 8.7E+01
   424      1  1.0E+00    479 (9.3E-13) 6.2E-06  7.2910654E-01   596 8.7E+01
   425      1  1.0E+00    480 (2.2E-12) 5.6E-06  7.2910653E-01   596 8.7E+01
   426      1  1.0E+00    481 (7.1E-12) 5.5E-06  7.2910653E-01   596 8.7E+01
   427      1  1.0E+00    482 (1.1E-11) 4.8E-06  7.2910653E-01   596 8.7E+01   R
   428      1  1.0E+00    483 (7.4E-13) 9.0E-06  7.2910653E-01   596 8.7E+01 s
   429      1  1.0E+00    484 (1.8E-11) 4.0E-06  7.2910653E-01   596 8.7E+01

 Major Minors     Step   nCon Feasible  Optimal  MeritFunction    nS Penalty
   430      1  1.0E+00    485 (3.0E-12) 3.7E-06  7.2910653E-01   596 8.7E+01
   431      1  1.0E+00    486 (7.3E-13) 3.6E-06  7.2910653E-01   596 8.7E+01
   432      1  1.0E+00    487 (7.0E-13) 3.4E-06  7.2910653E-01   596 8.7E+01
   433      1  1.0E+00    488 (2.0E-12) 3.6E-06  7.2910653E-01   596 8.7E+01   R
   434      1  1.0E+00    489 (8.7E-13) 3.1E-06  7.2910653E-01   596 8.7E+01 s
   435      1  1.0E+00    490 (6.1E-13) 3.4E-06  7.2910653E-01   596 8.7E+01
   436      1  1.0E+00    491 (6.2E-13) 3.0E-06  7.2910653E-01   596 8.7E+01
   437      1  1.0E+00    492 (6.6E-13) 2.8E-06  7.2910652E-01   596 8.7E+01
   438      1  1.0E+00    493 (1.8E-12) 2.8E-06  7.2910652E-01   596 8.7E+01
   439      1  1.0E+00    494 (7.8E-13) 2.5E-06  7.2910652E-01   596 8.7E+01   R

 Major Minors     Step   nCon Feasible  Optimal  MeritFunction    nS Penalty
   440      1  1.0E+00    495 (3.4E-13) 2.5E-06  7.2910652E-01   596 8.7E+01 s
   441      1  4.6E-01    497 (9.0E-13)(2.0E-06) 7.2910652E-01   596 8.7E+01
 
 SNOPTA EXIT   0 -- finished successfully
 SNOPTA INFO   1 -- optimality conditions satisfied

 Problem name
 No. of iterations                1274   Objective value      7.2910652320E-01
 No. of major iterations           441   Linear objective     0.0000000000E+00
 Penalty parameter           8.680E+01   Nonlinear objective  7.2910652320E-01
 No. of calls to funobj            497   No. of calls to funcon            497
 No. of superbasics                596   No. of basic nonlinears           909
 No. of degenerate steps            97   Percentage                       7.61
 Max x                     302 6.0E+00   Max pi                    905 1.2E+00
 Max Primal infeas           0 0.0E+00   Max Dual infeas           837 4.4E-06
 Nonlinear constraint violn    6.5E-11

 Solution not printed
