
 
 ===>  WARNING - variable      203 has no Jacobian entries.
 ===>  WARNING - variable      204 has no Jacobian entries.
 ===>  WARNING - variable      205 has no Jacobian entries.
 

 Nonlinear constraints       3     Linear constraints       0
 Nonlinear variables       202     Linear variables         3
 Jacobian  variables       202     Objective variables    202
 Total constraints           3     Total variables        205
 

 
 The user has defined       0   out of     808   first  derivatives
 XXX  Some first  derivatives are missing --- derivative level reduced to 0
 

 Major Minors     Step   nCon Feasible  Optimal  MeritFunction    nS Penalty
     0     99               1 (0.0E+00) 2.7E+00  1.9767500E+02    99           r  T

        Minor   QPmult   nInf   SumInf   rgNorm    QPobjective    nS
          100 -1.4E-01                          -1.8949065E+02   198

 Major Minors     Step   nCon Feasible  Optimal  MeritFunction    nS Penalty
     1    100  1.1E-01      2 (0.0E+00) 2.7E+00  1.3309259E+02   198         n rl T
     2      3  7.8E-02      3 (0.0E+00) 2.2E+00  8.7271366E+01   200         s  l
     3      1  1.0E+00      4 (0.0E+00) 3.0E+00  7.1512874E+00   200
     4      1  8.1E-02      5 (0.0E+00) 1.2E+00  4.5515050E+00   200
     5      1  1.0E+00      6 (0.0E+00) 1.5E-01  2.6831889E+00   200
     6      1  1.0E+00      7 (0.0E+00) 1.6E-01  2.3333951E+00   200
     7      1  1.0E+00      8 (0.0E+00) 6.6E-02  1.1969438E+00   200
     8      1  1.0E+00      9 (0.0E+00) 1.0E-01  1.1488177E+00   200
     9      1  1.0E+00     10 (0.0E+00) 4.9E-02  1.0729009E+00   200

 Major Minors     Step   nCon Feasible  Optimal  MeritFunction    nS Penalty
    10      1  1.0E+00     11 (0.0E+00) 4.5E-02  9.9758074E-01   200
    11      1  1.0E+00     12 (0.0E+00) 7.8E-02  9.1702101E-01   200
    12      1  1.0E+00     13 (0.0E+00) 6.8E-02  8.7366521E-01   200           R
    13      1  7.6E-02     14 (0.0E+00) 2.4E-02  8.7129964E-01   200         s
    14      1  1.0E+00     15 (0.0E+00) 2.3E-02  8.7014455E-01   200
    15      1  1.0E+00     16 (0.0E+00) 2.9E-02  8.5814816E-01   200
    16      1  1.0E+00     17 (0.0E+00) 2.9E-02  8.5785827E-01   200
    17      1  1.0E+00     18 (0.0E+00) 2.5E-02  8.4044821E-01   200
    18      1  1.0E+00     19 (0.0E+00) 3.1E-02  8.3614609E-01   200
    19      1  1.0E+00     20 (0.0E+00) 3.2E-02  8.3347827E-01   200

 Major Minors     Step   nCon Feasible  Optimal  MeritFunction    nS Penalty
    20      1  1.0E+00     21 (0.0E+00) 2.9E-02  8.3135531E-01   200
    21      1  1.0E+00     22 (0.0E+00) 2.8E-02  8.2643334E-01   200
    22      1  1.0E+00     23 (0.0E+00) 2.1E-02  8.2146104E-01   200
    23      1  1.0E+00     24 (0.0E+00) 1.5E-02  8.1853284E-01   200           R
    24      1  1.0E+00     25 (0.0E+00) 1.5E-02  8.1826079E-01   200         s
    25      1  1.0E+00     26 (0.0E+00) 2.4E-02  8.1670172E-01   200
    26      1  1.0E+00     27 (0.0E+00) 3.1E-02  8.1229997E-01   200
    27      1  1.0E+00     28 (0.0E+00) 1.6E-02  8.1099128E-01   200
    28      1  1.0E+00     29 (0.0E+00) 2.1E-02  8.0989445E-01   200
    29      1  1.0E+00     30 (0.0E+00) 3.8E-02  8.0864717E-01   200

 Major Minors     Step   nCon Feasible  Optimal  MeritFunction    nS Penalty
    30      1  1.0E+00     31 (0.0E+00) 4.9E-02  8.0668188E-01   200
    31      1  1.0E+00     32 (0.0E+00) 3.7E-02  8.0518912E-01   200
    32      1  1.0E+00     33 (0.0E+00) 1.6E-02  8.0457858E-01   200
    33      1  1.0E+00     34 (0.0E+00) 8.0E-03  8.0437888E-01   200
    34      1  1.0E+00     35 (0.0E+00) 1.5E-02  8.0413092E-01   200           R
    35      1  4.4E-01     36 (0.0E+00) 9.9E-03  8.0401856E-01   200         s
    36      1  1.0E+00     37 (0.0E+00) 1.0E-02  8.0396390E-01   200
    37      1  1.0E+00     38 (0.0E+00) 1.5E-02  8.0199296E-01   200
    38      1  1.0E+00     39 (0.0E+00) 1.5E-02  8.0189005E-01   200
    39      1  1.0E+00     40 (0.0E+00) 8.3E-03  7.9941278E-01   200

 Major Minors     Step   nCon Feasible  Optimal  MeritFunction    nS Penalty
    40      1  1.0E+00     41 (0.0E+00) 6.5E-03  7.9877144E-01   200
    41      1  1.0E+00     42 (0.0E+00) 9.1E-03  7.9853721E-01   200
    42      1  1.0E+00     43 (0.0E+00) 9.7E-03  7.9844775E-01   200
    43      1  1.0E+00     44 (0.0E+00) 9.9E-03  7.9819464E-01   200
    44      1  1.0E+00     45 (0.0E+00) 8.6E-03  7.9780675E-01   200
    45      1  1.0E+00     46 (0.0E+00) 1.0E-02  7.9729431E-01   200           R
    46      1  1.0E+00     47 (0.0E+00) 8.9E-03  7.9721180E-01   200         s
    47      1  8.9E-02     48 (0.0E+00) 2.5E-02  7.9669521E-01   200
    48      1  1.0E+00     49 (0.0E+00) 7.4E-03  7.9576753E-01   200
    49      1  1.0E+00     50 (0.0E+00) 9.9E-03  7.9540817E-01   200

 Major Minors     Step   nCon Feasible  Optimal  MeritFunction    nS Penalty
    50      1  1.0E+00     51 (0.0E+00) 1.0E-02  7.9437879E-01   200
    51      1  1.0E+00     52 (0.0E+00) 7.3E-03  7.9416790E-01   200
    52      1  1.0E+00     53 (0.0E+00) 8.3E-03  7.9338172E-01   200
    53      1  1.0E+00     54 (0.0E+00) 1.2E-02  7.9256405E-01   200
    54      1  1.0E+00     55 (0.0E+00) 1.0E-02  7.9180825E-01   200
    55      1  1.0E+00     56 (0.0E+00) 4.1E-03  7.9157638E-01   200
    56      1  1.0E+00     57 (0.0E+00) 1.5E-03  7.9153461E-01   200           R
    57      1  1.0E+00     58 (0.0E+00) 3.4E-03  7.9152477E-01   200         s
    58      1  2.1E-01     59 (0.0E+00) 3.2E-03  7.9142643E-01   200
    59      1  1.0E+00     60 (0.0E+00) 2.7E-03  7.9139608E-01   200

 Major Minors     Step   nCon Feasible  Optimal  MeritFunction    nS Penalty
    60      1  1.0E+00     61 (0.0E+00) 2.4E-03  7.9135248E-01   200
    61      1  1.0E+00     62 (0.0E+00) 3.4E-03  7.9128741E-01   200
    62      1  1.0E+00     63 (0.0E+00) 8.7E-04  7.9127282E-01   200
    63      1  1.0E+00     64 (0.0E+00) 1.5E-03  7.9126281E-01   200
    64      1  1.0E+00     65 (0.0E+00) 2.7E-03  7.9124472E-01   200
    65      1  1.0E+00     66 (0.0E+00) 2.3E-03  7.9123119E-01   200
    66      1  1.0E+00     67 (0.0E+00) 1.0E-03  7.9122300E-01   200
    67      1  1.0E+00     68 (0.0E+00) 6.7E-04  7.9121768E-01   200           R
    68      1  5.3E-02     69 (0.0E+00) 5.7E-04  7.9121743E-01   200         s
    69      1  1.0E+00     70 (0.0E+00) 5.7E-04  7.9121727E-01   200

 Major Minors     Step   nCon Feasible  Optimal  MeritFunction    nS Penalty
    70      1  1.0E+00     71 (0.0E+00) 4.5E-04  7.9120831E-01   200
    71      1  1.0E+00     72 (0.0E+00) 4.4E-04  7.9120823E-01   200
    72      1  1.0E+00     73 (0.0E+00) 3.5E-04  7.9120649E-01   200
    73      1  1.0E+00     74 (0.0E+00) 3.7E-04  7.9120634E-01   200
    74      1  1.0E+00     75 (0.0E+00) 4.7E-04  7.9120524E-01   200
    75      1  1.0E+00     76 (0.0E+00) 4.5E-04  7.9120437E-01   200
    76      1  1.0E+00     77 (0.0E+00) 3.3E-04  7.9120371E-01   200
    77      1  1.0E+00     78 (0.0E+00) 2.5E-04  7.9120356E-01   200
    78      1  1.0E+00     79 (0.0E+00) 2.3E-04  7.9120352E-01   200           R
    79      1  1.0E+00     80 (0.0E+00) 2.3E-04  7.9120349E-01   200         s

 Major Minors     Step   nCon Feasible  Optimal  MeritFunction    nS Penalty
    80      1  1.3E-01     81 (0.0E+00) 7.1E-04  7.9120336E-01   200
    81      1  2.9E-01     82 (0.0E+00) 2.7E-04  7.9120215E-01   200
    82      1  1.0E+00     83 (0.0E+00) 2.8E-04  7.9120165E-01   200
    83      1  1.0E+00     84 (0.0E+00) 1.9E-04  7.9120098E-01   200
    84      1  1.0E+00     85 (0.0E+00) 2.2E-04  7.9120048E-01   200
    85      1  1.0E+00     86 (0.0E+00) 2.0E-04  7.9119953E-01   200
    86      1  1.0E+00     87 (0.0E+00) 1.2E-04  7.9119866E-01   200
    87      1  1.0E+00     88 (0.0E+00) 8.1E-05  7.9119781E-01   200
    88      1  1.0E+00     89 (0.0E+00) 5.2E-05  7.9119741E-01   200
    89      1  1.0E+00     90 (0.0E+00) 3.9E-05  7.9119728E-01   200           R

 Major Minors     Step   nCon Feasible  Optimal  MeritFunction    nS Penalty
    90      1  1.0E+00     91 (0.0E+00) 1.9E-04  7.9119728E-01   200         s
    91      1  2.1E-01     92 (0.0E+00) 6.4E-05  7.9119725E-01   200
    92      1  1.0E+00     93 (0.0E+00) 9.0E-05  7.9119720E-01   200
    93      1  1.0E+00     94 (0.0E+00) 1.2E-04  7.9119712E-01   200
    94      1  1.0E+00     95 (0.0E+00) 7.7E-05  7.9119709E-01   200
    95      1  1.0E+00     96 (0.0E+00) 3.8E-05  7.9119708E-01   200
    96      1  1.0E+00     97 (0.0E+00) 3.4E-05  7.9119707E-01   200
    97      1  1.0E+00     98 (0.0E+00) 6.4E-05  7.9119706E-01   200
    98      1  1.0E+00     99 (0.0E+00) 7.1E-05  7.9119704E-01   200
    99      1  1.0E+00    100 (0.0E+00) 4.2E-05  7.9119703E-01   200

 Major Minors     Step   nCon Feasible  Optimal  MeritFunction    nS Penalty
   100      1  1.0E+00    101 (0.0E+00) 1.2E-05  7.9119703E-01   200           R
   101      1  2.9E-01    102 (0.0E+00) 3.7E-05  7.9119703E-01   200         s
   102      1  1.0E+00    103 (0.0E+00) 3.3E-05  7.9119702E-01   200
   103      1  1.0E+00    104 (0.0E+00) 1.7E-05  7.9119702E-01   200
   104      1  1.0E+00    105 (0.0E+00) 1.8E-05  7.9119702E-01   200
   105      1  1.0E+00    106 (0.0E+00) 2.2E-05  7.9119701E-01   200
   106      1  1.0E+00    107 (0.0E+00) 2.3E-05  7.9119701E-01   200
   107      1  1.0E+00    108 (0.0E+00) 2.1E-05  7.9119701E-01   200
   108      1  1.0E+00    109 (0.0E+00) 1.7E-05  7.9119701E-01   200
   109      1  1.0E+00    110 (0.0E+00) 1.4E-05  7.9119701E-01   200

 Major Minors     Step   nCon Feasible  Optimal  MeritFunction    nS Penalty
   110      1  1.0E+00    111 (0.0E+00) 1.4E-05  7.9119701E-01   200
   111      1  1.0E+00    112 (0.0E+00) 1.3E-05  7.9119701E-01   200           R
   111      2  1.0E+00    112 (0.0E+00) 1.4E-05  7.9119701E-01   200           R   c
   112      1  1.0E+00    113 (0.0E+00) 1.2E-05  7.9119701E-01   200         s
   113      1  6.5E-02    114 (0.0E+00) 3.0E-05  7.9119701E-01   200
   114      1  1.0E+00    115 (0.0E+00) 1.1E-05  7.9119700E-01   200
   115      1  1.0E+00    116 (0.0E+00) 1.7E-05  7.9119700E-01   200
   116      1  1.0E+00    117 (0.0E+00) 8.3E-06  7.9119700E-01   200
   117      1  1.0E+00    118 (0.0E+00) 9.3E-06  7.9119700E-01   200
   118      1  1.0E+00    119 (0.0E+00) 7.8E-06  7.9119700E-01   200
   119      1  1.0E+00    120 (0.0E+00) 8.5E-06  7.9119700E-01   200

 Major Minors     Step   nCon Feasible  Optimal  MeritFunction    nS Penalty
   120      1  1.0E+00    121 (0.0E+00) 7.3E-06  7.9119699E-01   200
   121      1  1.0E+00    122 (0.0E+00) 7.8E-06  7.9119699E-01   200
   122      1  1.0E+00    123 (0.0E+00) 5.9E-06  7.9119699E-01   200           R
   123      1  2.3E-01    124 (0.0E+00) 1.0E-05  7.9119699E-01   200         s
   124      1  1.0E+00    125 (0.0E+00) 3.1E-06  7.9119699E-01   200
   125      1  1.0E+00    126 (0.0E+00) 6.3E-06  7.9119699E-01   200
   126      1  1.0E+00    127 (0.0E+00) 8.4E-06  7.9119699E-01   200
   127      1  1.0E+00    128 (0.0E+00) 7.1E-06  7.9119699E-01   200
   128      1  1.0E+00    129 (0.0E+00) 3.4E-06  7.9119699E-01   200
   128      2  1.0E+00    129 (0.0E+00) 4.6E-06  7.9119699E-01   200               c
   129      1  1.0E+00    130 (0.0E+00) 3.4E-06  7.9119699E-01   200               c

 Major Minors     Step   nCon Feasible  Optimal  MeritFunction    nS Penalty
   130      1  1.0E+00    131 (0.0E+00) 4.4E-06  7.9119699E-01   200               c
   131      1  1.0E+00    132 (0.0E+00) 6.1E-06  7.9119699E-01   200               c
   132      1  1.0E+00    133 (0.0E+00) 5.3E-06  7.9119699E-01   200               c
   133      1  1.0E+00    134 (0.0E+00) 2.6E-06  7.9119699E-01   200           R   c
   134      1  1.0E+00    135 (0.0E+00) 8.1E-06  7.9119699E-01   200         s     c
   135      1  1.0E+00    136 (0.0E+00) 4.8E-06  7.9119699E-01   200               c
   136      1  1.0E+00    137 (0.0E+00) 2.1E-06  7.9119699E-01   200               c
   137      1  1.0E+00    138 (0.0E+00) 2.7E-06  7.9119699E-01   200               c
   138      1  1.0E+00    139 (0.0E+00) 2.8E-06  7.9119699E-01   200               c
   139      1  1.0E+00    140 (0.0E+00) 4.5E-06  7.9119699E-01   200               c

 Major Minors     Step   nCon Feasible  Optimal  MeritFunction    nS Penalty
   140      1  1.0E+00    141 (0.0E+00) 6.0E-06  7.9119699E-01   200               c
   141      1  1.0E+00    142 (0.0E+00) 5.9E-06  7.9119699E-01   200               c
   142      1  1.0E+00    143 (0.0E+00) 3.7E-06  7.9119699E-01   200               c
   143      1  1.0E+00    144 (0.0E+00) 2.0E-06  7.9119699E-01   200               c
   144      1  1.0E+00    145 (0.0E+00) 3.5E-06  7.9119699E-01   200           R   c
   145      1  1.0E+00    146 (0.0E+00) 2.6E-06  7.9119699E-01   200         s     c
   146      1  1.0E+00    147 (0.0E+00) 3.0E-06  7.9119699E-01   200               c
   147      1  1.0E+00    148 (0.0E+00) 2.9E-06  7.9119699E-01   200               c
   148      1  1.0E+00    149 (0.0E+00) 2.8E-06  7.9119699E-01   200               c
   149      1  1.0E+00    150 (0.0E+00) 2.6E-06  7.9119699E-01   200               c

 Major Minors     Step   nCon Feasible  Optimal  MeritFunction    nS Penalty
   150      1  1.0E+00    151 (0.0E+00) 2.6E-06  7.9119699E-01   200               c
   151      1  1.0E+00    152 (0.0E+00) 3.0E-06  7.9119699E-01   200               c
   152      1  1.0E+00    153 (0.0E+00) 3.2E-06  7.9119699E-01   200               c
   153      1  1.0E+00    154 (0.0E+00) 3.2E-06  7.9119699E-01   200               c
   154      1  1.0E+00    155 (0.0E+00) 2.7E-06  7.9119699E-01   200               c
   155      1  1.0E+00    156 (0.0E+00)(1.8E-06) 7.9119699E-01   200           R   c
 
 SNOPTA EXIT   0 -- finished successfully
 SNOPTA INFO   1 -- optimality conditions satisfied

 Problem name
 No. of iterations                 357   Objective value      7.9119698756E-01
 No. of major iterations           155   Linear objective     0.0000000000E+00
 Penalty parameter           0.000E+00   Nonlinear objective  7.9119698756E-01
 No. of calls to funobj          38322   No. of calls to funcon          38322
 Calls with modes 1,2 (known g)    156   Calls with modes 1,2 (known g)    156
 Calls for forward differencing  25856   Calls for forward differencing  25856
 Calls for central differencing  12120   Calls for central differencing  12120
 No. of superbasics                200   No. of basic nonlinears             0
 No. of degenerate steps             0   Percentage                        .00
 Max x       (scaled)      102 1.4E+00   Max pi      (scaled)        1 0.0E+00
 Max x                     102 1.4E+00   Max pi                      1 0.0E+00
 Max Prim inf(scaled)        0 0.0E+00   Max Dual inf(scaled)      107 3.6E-06
 Max Primal infeas           0 0.0E+00   Max Dual infeas           107 3.6E-06
 Nonlinear constraint violn    0.0E+00

 Solution not printed
