 

 Nonlinear constraints     183     Linear constraints       0
 Nonlinear variables       540     Linear variables         0
 Jacobian  variables       540     Objective variables    540
 Total constraints         183     Total variables        540
 

 
 The user has defined       0   out of   99360   first  derivatives
 XXX  Some first  derivatives are missing --- derivative level reduced to 0
 

        Minor   QPmult   nInf   SumInf   rgNorm  Elastic QPobj    nS
          100 -1.3E-01      1  1.0E+00  3.4E-10  1.1309395E+04    39

 Major Minors     Step   nCon Feasible  Optimal  MeritFunction    nS Penalty
     0    101               1  8.4E-02  1.0E+00  2.8253974E+04    40           r i

        Minor   QPmult   nInf   SumInf   rgNorm  Elastic QPobj    nS
          100               2  9.5E-01  3.6E-12  1.3517936E+04   110

 Major Minors     Step   nCon Feasible  Optimal  MeritFunction    nS Penalty
     1    143  6.5E-02      2  7.7E-02  7.5E-01  2.7140508E+04   139         n rliT

        Minor   QPmult   nInf   SumInf   rgNorm  Elastic QPobj    nS
          100 -5.7E+00      2  8.9E-01  1.7E-12  1.1350491E+04   236

 Major Minors     Step   nCon Feasible  Optimal  MeritFunction    nS Penalty
     2    102  8.4E-02      4  6.8E-02  9.0E-01  2.5728454E+04   238         n rliT
     3     64  1.0E+00      6  3.2E-02  2.4E+00  7.0852438E+03   297         sM
     4      1  1.0E+00      8  4.3E-04  7.2E-02 -3.5252377E+02   297         n
     5      2  1.0E+00      9  1.6E-05  1.4E-02  1.9578561E+00   297 1.7E+06 s
     6      2  5.3E-01     11  9.4E-04  1.7E-01 -2.2322823E+01   297 2.8E+03  m
     7      2  4.6E-03     13  3.0E-03  2.0E-01 -1.2934650E+02   297 1.8E+02  m l
     8      2  2.7E-02     14  9.2E-03  2.0E-01 -1.4719248E+02   297 5.0E+01    l
     9      2  4.7E-03     15  1.2E-02  7.4E-01 -1.7770532E+02   297 4.3E+01

 Major Minors     Step   nCon Feasible  Optimal  MeritFunction    nS Penalty
    10      2  4.9E-02     17  1.4E-02  5.9E-01 -7.8254553E+02   297 4.3E+01  M l
    11      2  1.9E-03     18  1.4E-02  6.8E-01 -8.2868296E+02   297 4.3E+01
    12      2  5.3E-03     19  1.6E-02  5.4E-01 -8.7820372E+02   297 4.3E+01
    13      2  7.8E-03     20  1.7E-02  7.2E-01 -8.7483765E+02   297 4.4E+01
    14      1  4.3E-02     22  1.2E-02  5.9E-01 -1.1742050E+03   297 4.4E+01  MR
    15      1  1.0E+00     23  3.0E-02  1.2E+00 -6.1738174E+03   297 1.8E+03 s
    16      1  2.0E-01     24  2.6E-02  1.8E+00 -1.2792534E+03   297 1.9E+02
    17      1  5.3E-02     25  2.5E-02  1.8E-01  1.3606061E+03   297 2.3E+02
    18      1  1.4E-02     26  2.5E-02  4.1E-01  1.3434784E+03   297 2.3E+02
    19      1  4.4E-01     27  1.2E-02  2.0E+00  2.3740953E+03   297 2.7E+02

 Major Minors     Step   nCon Feasible  Optimal  MeritFunction    nS Penalty
    20      1  1.0E+00     28  8.2E-03  7.8E-01  1.7851513E+03   297 2.7E+02
    21      1  1.0E+00     29  5.4E-03  1.1E+00  9.8958275E+02   297 1.3E+02
    22      1  1.0E+00     30  1.4E-03  1.3E+00  7.5278364E+02   297 1.3E+02
    23      1  1.0E+00     31  1.8E-03  1.4E+00  6.3857888E+02   297 1.3E+02
    24      1  1.0E+00     32  1.5E-03  1.3E+00  5.2438286E+02   297 1.3E+02
    25      1  1.0E+00     33  2.1E-04  1.3E+00  4.8144977E+02   297 1.3E+02   R
    26      1  1.0E+00     34  4.1E-05  1.2E+00  4.6290019E+02   297 1.3E+02 s
    27      1  1.0E+00     35  4.2E-03  1.4E+00  3.2972262E+02   297 1.3E+02
    28      1  1.0E+00     36  1.2E-03  6.8E-01  2.9200295E+02   297 1.3E+02
    29      1  1.0E+00     37  1.3E-03  1.2E+00  2.5455752E+02   297 1.3E+02

 Major Minors     Step   nCon Feasible  Optimal  MeritFunction    nS Penalty
    30      1  1.0E+00     38  2.5E-03  1.0E+00  2.2935289E+02   297 1.3E+02
    31      1  1.0E+00     39  2.2E-03  1.1E+00  1.7961579E+02   297 1.3E+02
    32      1  1.0E+00     40  3.8E-04  6.5E-01  1.3220635E+02   297 1.3E+02
    33      1  1.0E+00     41  3.3E-04  5.9E-01  9.2219620E+01   297 1.3E+02
    34      1  1.0E+00     42  9.9E-04  5.8E-01  6.5423673E+01   297 1.3E+02
    35      1  1.0E+00     43  1.1E-04  5.6E-01  5.1282985E+01   297 1.3E+02
    36      1  1.0E+00     44  2.0E-04  5.5E-01  3.8270657E+01   297 1.3E+02   R
    37      1  1.0E+00     45  2.0E-04  7.0E-01  3.2153085E+01   297 1.3E+02 s
    38      1  1.0E+00     46  6.6E-05  8.0E-01  2.8530688E+01   297 1.3E+02
    39      1  1.0E+00     47  2.2E-04  7.8E-01  2.3550271E+01   297 1.3E+02

 Major Minors     Step   nCon Feasible  Optimal  MeritFunction    nS Penalty
    40      1  1.0E+00     48  4.8E-05  3.8E-01  2.0393436E+01   297 1.3E+02
    41      1  1.0E+00     49  1.6E-04  3.8E-01  1.6445519E+01   297 1.3E+02
    42      1  1.0E+00     50  1.2E-04  4.2E-01  1.4696944E+01   297 1.3E+02
    43      1  1.0E+00     51  6.3E-05  5.6E-01  1.3294864E+01   297 1.3E+02
    44      1  1.0E+00     52  2.8E-05  5.6E-01  1.1720526E+01   297 1.3E+02
    45      1  1.0E+00     53  5.8E-05  4.3E-01  1.0192933E+01   297 1.3E+02
    46      1  1.0E+00     54  3.3E-05  2.6E-01  9.1641289E+00   297 1.3E+02
    47      1  1.0E+00     55  3.1E-05  2.4E-01  8.5723901E+00   297 1.3E+02   R
    48      1  1.0E+00     56  2.2E-06  2.1E-01  8.3162843E+00   297 1.3E+02 s
    49      1  1.0E+00     57  1.1E-04  2.1E-01  7.7346655E+00   297 1.3E+02

 Major Minors     Step   nCon Feasible  Optimal  MeritFunction    nS Penalty
    50      1  3.5E-01     58  7.6E-05  2.0E-01  7.4687358E+00   297 1.3E+02
    51      1  5.0E-01     59  4.2E-05  1.9E-01  7.3015534E+00   297 1.3E+02
    52      1  1.0E+00     60  2.6E-05  1.8E-01  7.2140197E+00   297 1.3E+02
    53      1  1.0E+00     61  2.5E-05  1.7E-01  7.0449909E+00   297 1.3E+02
    54      1  1.0E+00     62  2.9E-05  1.8E-01  6.8888082E+00   297 1.3E+02
    55      1  1.0E+00     63  4.2E-05  1.7E-01  6.7124138E+00   297 1.3E+02
    56      1  1.0E+00     64  4.1E-05  1.7E-01  6.6403690E+00   297 1.3E+02
    57      1  1.0E+00     65  1.8E-05  1.5E-01  6.5215837E+00   297 1.3E+02
    58      1  1.0E+00     66  1.1E-05  1.3E-01  6.3994894E+00   297 1.3E+02   R
    59      1  4.1E-01     67  8.7E-06  1.3E-01  6.2300651E+00   297 1.3E+02 s

 Major Minors     Step   nCon Feasible  Optimal  MeritFunction    nS Penalty
    60      1  1.0E+00     68  1.0E-06  1.3E-01  6.2073555E+00   297 1.3E+02
    61      1  1.0E+00     69 (3.4E-07) 1.2E-01  6.1847825E+00   297 1.3E+02
    62      1  1.0E+00     70  2.5E-06  1.1E-01  6.1415630E+00   297 1.3E+02
    63      1  1.0E+00     71  4.2E-06  9.8E-02  6.0938543E+00   297 1.3E+02
    64      1  1.0E+00     72  6.0E-06  8.4E-02  6.0404135E+00   297 1.3E+02
    65      1  1.0E+00     73  7.4E-06  7.2E-02  5.9970851E+00   297 1.3E+02
    66      1  1.0E+00     74  7.7E-06  6.2E-02  5.9572029E+00   297 1.3E+02
    67      1  1.0E+00     75  7.4E-06  5.8E-02  5.9100418E+00   297 1.3E+02
    68      1  1.0E+00     76  9.8E-06  6.4E-02  5.8447844E+00   297 1.3E+02
    69      1  1.0E+00     77  1.5E-05  6.4E-02  5.7776247E+00   297 1.3E+02   R

 Major Minors     Step   nCon Feasible  Optimal  MeritFunction    nS Penalty
    70      1  1.0E+00     78 (5.1E-07) 5.9E-02  5.7509322E+00   297 1.3E+02 s
    71      1  1.0E+00     79  3.2E-06  5.2E-02  5.7220919E+00   297 1.3E+02
    72      1  1.0E+00     80  3.6E-06  4.6E-02  5.7032568E+00   297 1.3E+02
    73      1  1.0E+00     81 (7.8E-07) 4.3E-02  5.6825299E+00   297 1.3E+02
    74      1  1.0E+00     82  3.4E-06  3.7E-02  5.6633189E+00   297 1.3E+02
    75      1  1.0E+00     83  1.1E-06  3.7E-02  5.6399824E+00   297 1.3E+02
    76      1  1.0E+00     84  3.7E-06  4.5E-02  5.6179892E+00   297 1.3E+02
    77      1  1.0E+00     85  2.7E-06  5.0E-02  5.6018122E+00   297 1.3E+02
    78      1  1.0E+00     86  1.1E-06  6.2E-02  5.5694988E+00   297 1.3E+02
    79      1  1.0E+00     87  1.7E-05  7.6E-02  5.5091092E+00   297 1.3E+02

 Major Minors     Step   nCon Feasible  Optimal  MeritFunction    nS Penalty
    80      1  1.0E+00     88  3.7E-05  8.4E-02  5.4273773E+00   297 1.3E+02   R
    81      1  1.0E+00     89  4.5E-06  7.8E-02  5.3599174E+00   297 1.3E+02 s
    82      1  1.0E+00     90 (8.4E-07) 7.3E-02  5.3270739E+00   297 1.3E+02
    83      1  1.0E+00     91 (6.8E-07) 6.7E-02  5.3023107E+00   297 1.3E+02
    84      1  1.0E+00     92 (9.1E-07) 6.1E-02  5.2827089E+00   297 1.3E+02
    85      1  1.0E+00     93 (7.8E-07) 4.9E-02  5.2634216E+00   297 1.3E+02
    86      1  1.0E+00     94  5.9E-06  4.3E-02  5.2258280E+00   297 1.3E+02
    87      1  1.0E+00     95  4.2E-06  4.1E-02  5.1977562E+00   297 1.3E+02
    88      1  1.0E+00     96  7.9E-06  5.2E-02  5.1607768E+00   297 1.3E+02
    89      1  1.0E+00     97  9.9E-06  7.0E-02  5.1116824E+00   297 1.3E+02

 Major Minors     Step   nCon Feasible  Optimal  MeritFunction    nS Penalty
    90      1  1.0E+00     98  2.2E-05  9.7E-02  5.0302863E+00   297 1.3E+02
    91      1  1.0E+00     99  1.6E-04  1.2E-01  4.8419957E+00   297 1.3E+02   R
    92      1  1.0E+00    100  3.0E-06  1.0E-01  4.7013646E+00   297 1.3E+02 s
    93      1  1.0E+00    101  1.4E-05  8.6E-02  4.5552064E+00   297 1.3E+02
    94      1  1.0E+00    102  1.7E-05  7.4E-02  4.5060870E+00   297 1.3E+02
    95      1  1.0E+00    103  7.3E-06  5.7E-02  4.4173225E+00   297 1.3E+02
    96      1  1.0E+00    104  2.3E-05  5.3E-02  4.3418672E+00   297 1.3E+02
    97      1  1.0E+00    105  2.5E-05  6.8E-02  4.2675819E+00   297 1.3E+02
    98      1  1.0E+00    106  3.2E-05  9.8E-02  4.1800836E+00   297 1.3E+02
    99      1  1.0E+00    107  1.6E-04  1.2E-01  4.0452457E+00   297 1.3E+02

 Major Minors     Step   nCon Feasible  Optimal  MeritFunction    nS Penalty
   100      1  1.0E+00    108  4.8E-05  1.3E-01  3.9124612E+00   297 1.3E+02
   101      1  1.0E+00    109  1.4E-04  1.4E-01  3.6598798E+00   297 1.3E+02
   102      1  1.0E+00    110  2.0E-04  2.1E-01  3.3999837E+00   297 1.3E+02   R
   103      1  1.0E+00    111  2.9E-05  1.8E-01  3.2349492E+00   297 1.3E+02 s
   104      1  1.0E+00    112  6.6E-06  1.3E-01  3.0265755E+00   297 1.3E+02
   105      1  1.0E+00    113  2.0E-05  1.1E-01  2.8426983E+00   297 1.3E+02
   106      1  1.0E+00    114  1.2E-05  9.6E-02  2.7315158E+00   297 1.3E+02
   107      1  1.0E+00    115  6.3E-05  6.7E-02  2.5381258E+00   297 1.3E+02
   108      1  1.0E+00    116  9.0E-05  7.5E-02  2.3627259E+00   297 1.3E+02
   109      1  1.0E+00    117  8.8E-05  8.2E-02  2.1916070E+00   297 1.3E+02

 Major Minors     Step   nCon Feasible  Optimal  MeritFunction    nS Penalty
   110      1  1.0E+00    118  8.0E-05  8.7E-02  1.9839114E+00   297 1.3E+02
   111      1  1.0E+00    119  5.7E-05  8.8E-02  1.7816884E+00   297 1.3E+02
   112      1  1.0E+00    120  2.3E-05  7.8E-02  1.6428991E+00   297 1.3E+02
   113      1  1.0E+00    121  1.2E-05  5.0E-02  1.5385459E+00   297 1.3E+02   R
   114      1  1.0E+00    122  1.6E-06  3.9E-02  1.5015546E+00   297 1.3E+02 s
   115      1  1.0E+00    123  5.6E-06  2.7E-02  1.4652025E+00   297 1.3E+02
   116      1  1.0E+00    124  1.5E-06  2.1E-02  1.4515805E+00   297 1.3E+02
   117      1  1.0E+00    125  2.0E-06  1.7E-02  1.4447271E+00   297 1.3E+02
   118      1  1.0E+00    126 (7.4E-07) 9.1E-03  1.4383559E+00   297 1.3E+02
   119      1  1.0E+00    127 (5.4E-07) 1.3E-02  1.4369048E+00   297 1.3E+02

 Major Minors     Step   nCon Feasible  Optimal  MeritFunction    nS Penalty
   120      1  1.0E+00    128 (1.2E-07) 1.4E-02  1.4346465E+00   297 1.3E+02
   121      1  1.0E+00    129 (4.3E-08) 1.3E-02  1.4341072E+00   297 1.3E+02
   122      1  1.0E+00    130 (7.2E-08) 1.0E-02  1.4331083E+00   297 1.3E+02
   123      1  1.0E+00    131 (3.0E-07) 7.9E-03  1.4322142E+00   297 1.3E+02
   124      1  1.0E+00    132 (1.2E-07) 4.5E-03  1.4314334E+00   297 1.3E+02   R
   125      1  1.0E+00    133 (1.3E-08) 4.2E-03  1.4310682E+00   297 1.3E+02 s
   126      1  1.0E+00    134 (5.3E-09) 3.8E-03  1.4308501E+00   297 1.3E+02
   127      1  1.0E+00    135 (3.7E-09) 3.1E-03  1.4307416E+00   297 1.3E+02
   128      1  1.0E+00    136 (5.6E-09) 2.5E-03  1.4306809E+00   297 1.3E+02
   129      1  1.0E+00    137 (1.1E-09) 2.0E-03  1.4306534E+00   297 1.3E+02

 Major Minors     Step   nCon Feasible  Optimal  MeritFunction    nS Penalty
   130      1  1.0E+00    138 (2.2E-09) 1.2E-03  1.4306234E+00   297 1.3E+02
   131      1  1.0E+00    139 (4.6E-09) 8.2E-04  1.4305923E+00   297 1.3E+02
   132      1  1.0E+00    140 (2.3E-09) 8.5E-04  1.4305747E+00   297 1.3E+02
   133      1  1.0E+00    141 (2.3E-09) 8.0E-04  1.4305620E+00   297 1.3E+02
   134      1  1.0E+00    142 (1.5E-09) 6.1E-04  1.4305534E+00   297 1.3E+02
   135      1  1.0E+00    143 (9.5E-10) 4.1E-04  1.4305479E+00   297 1.3E+02   R
   136      1  1.0E+00    144 (6.5E-11) 3.4E-04  1.4305460E+00   297 1.3E+02 s
   137      1  1.0E+00    145 (1.9E-10) 2.1E-04  1.4305443E+00   297 1.3E+02
   138      1  1.0E+00    146 (6.9E-11) 1.5E-04  1.4305438E+00   297 1.3E+02
   139      1  1.0E+00    147 (4.5E-11) 8.5E-05  1.4305434E+00   297 1.3E+02

 Major Minors     Step   nCon Feasible  Optimal  MeritFunction    nS Penalty
   140      1  1.0E+00    148 (3.3E-11) 8.7E-05  1.4305433E+00   297 1.3E+02
   141      1  1.0E+00    149 (1.9E-11) 9.6E-05  1.4305432E+00   297 1.3E+02
   142      1  1.0E+00    150 (1.0E-11) 7.8E-05  1.4305431E+00   297 1.3E+02
   143      1  1.0E+00    151 (1.2E-11) 5.7E-05  1.4305430E+00   297 1.3E+02
   144      1  1.0E+00    152 (5.5E-12) 4.2E-05  1.4305430E+00   297 1.3E+02
   145      1  1.0E+00    153 (6.6E-12) 2.2E-05  1.4305430E+00   297 1.3E+02
   146      1  1.0E+00    154 (5.2E-12) 2.0E-05  1.4305430E+00   297 1.3E+02   R
   147      1  1.0E+00    155 (3.3E-13) 1.7E-05  1.4305429E+00   297 1.3E+02 s
   148      1  1.0E+00    156 (5.8E-14) 1.3E-05  1.4305429E+00   297 1.3E+02
   149      1  1.0E+00    157 (9.3E-14) 9.8E-06  1.4305429E+00   297 1.3E+02

 Major Minors     Step   nCon Feasible  Optimal  MeritFunction    nS Penalty
   150      1  1.0E+00    158 (4.2E-14) 5.8E-06  1.4305429E+00   297 1.3E+02
   151      1  1.0E+00    159 (9.6E-14) 3.4E-06  1.4305429E+00   297 1.3E+02
   152      1  1.0E+00    160 (4.1E-14) 2.3E-06  1.4305429E+00   297 1.3E+02
   153      1  1.0E+00    161 (1.6E-14)(1.5E-06) 1.4305429E+00   297 1.3E+02
 
 SNOPTA EXIT   0 -- finished successfully
 SNOPTA INFO   1 -- optimality conditions satisfied

 Problem name
 No. of iterations                 569   Objective value      1.4305429448E+00
 No. of major iterations           153   Linear objective     0.0000000000E+00
 Penalty parameter           1.312E+02   Nonlinear objective  1.4305429448E+00
 No. of calls to funobj          87294   No. of calls to funcon          87294
 Calls with modes 1,2 (known g)    161   Calls with modes 1,2 (known g)    161
 Calls for forward differencing  86940   Calls for forward differencing  86940
 Calls for central differencing      0   Calls for central differencing      0
 No. of superbasics                297   No. of basic nonlinears           183
 No. of degenerate steps            58   Percentage                      10.19
 Max x                       2 6.0E+00   Max pi                      2 2.1E+00
 Max Primal infeas           0 0.0E+00   Max Dual infeas            54 4.5E-06
 Nonlinear constraint violn    5.3E-13

 Solution not printed
