 

 Nonlinear constraints      63     Linear constraints       0
 Nonlinear variables       280     Linear variables         0
 Jacobian  variables       280     Objective variables    280
 Total constraints          63     Total variables        280
 

 
 The user has defined       0   out of   17920   first  derivatives
 XXX  Some first  derivatives are missing --- derivative level reduced to 0
 

 Major Minors     Step   nCon Feasible  Optimal  MeritFunction    nS Penalty
     0     54               1  1.7E-01  1.0E+00  2.9612182E+04    34           r i

        Minor   QPmult   nInf   SumInf   rgNorm  Elastic QPobj    nS
          100 -4.7E+01      2  9.8E-01  1.2E-11  1.5022131E+04   131

 Major Minors     Step   nCon Feasible  Optimal  MeritFunction    nS Penalty
     1    102  8.6E-02      2  1.5E-01  6.0E-01  2.8080912E+04   133         n rliT
     2     40  1.1E-01      4  1.2E-01  4.3E+00  2.6251807E+04   168         sM l
     3     33  1.3E-01      6  3.8E-02  8.2E+01  2.1888452E+04   195          m l
     4      4  6.9E-01      7  7.5E-03  1.8E+01  6.9174447E+03   197            l
     5      2  1.0E+00      9  2.6E-03  1.4E+00  9.4804092E+00   197          M
     6      2  4.2E-01     10  2.6E-03  1.1E+00  2.5446709E+01   197 1.1E+03
     7      2  1.0E+00     11  3.9E-03  3.3E-01  2.1086021E+01   197 8.5E+02
     8      2  1.0E+00     12  2.0E-04  5.3E-01  1.6135031E+01   197 6.2E+01
     9      2  1.0E+00     13  3.0E-06  8.4E-01  1.5931172E+01   197 2.5E+01

 Major Minors     Step   nCon Feasible  Optimal  MeritFunction    nS Penalty
    10      2  1.0E+00     14  7.3E-04  4.8E-01  1.4368376E+01   197 2.4E+01
    11      2  1.0E+00     15  4.9E-06  5.3E-01  1.4424801E+01   197 3.3E+02
    12      1  1.0E+00     16  1.9E-05  5.7E-01  1.4256808E+01   197 5.7E+01   R
    13      1  1.0E+00     17 (9.9E-09) 4.3E-01  1.4260250E+01   197 1.9E+04 s
    14      1  1.0E+00     18  1.1E-04  6.2E-01  1.3827812E+01   197 7.6E+02
    15      1  1.0E+00     19  3.3E-05  5.8E-01  1.3362570E+01   197 3.2E+02
    16      1  1.0E+00     20  1.5E-04  5.9E-01  1.3006748E+01   197 3.0E+02
    17      1  1.0E+00     21  1.4E-04  5.5E-01  1.2406297E+01   197 3.0E+02
    18      1  1.0E+00     22  1.7E-04  5.7E-01  1.1703009E+01   197 3.0E+02
    19      1  1.0E+00     23  1.0E-04  5.7E-01  1.1168468E+01   197 3.0E+02

 Major Minors     Step   nCon Feasible  Optimal  MeritFunction    nS Penalty
    20      1  1.0E+00     24  9.2E-05  5.9E-01  1.0768905E+01   197 3.0E+02
    21      1  1.0E+00     25  1.6E-04  5.8E-01  1.0260521E+01   197 3.0E+02
    22      1  1.0E+00     26  2.6E-05  5.9E-01  9.6156512E+00   197 3.0E+02
    23      1  1.0E+00     27  5.7E-05  6.7E-01  8.9837152E+00   197 3.0E+02   R
    24      1  1.0E+00     28  5.9E-06  7.1E-01  8.7565746E+00   197 3.0E+02 s
    25      1  1.0E+00     29  1.1E-04  7.2E-01  8.2164354E+00   197 3.0E+02
    26      1  1.0E+00     30  1.8E-05  7.0E-01  7.8723465E+00   197 3.0E+02
    27      1  1.0E+00     31  7.2E-05  6.6E-01  7.4743598E+00   197 3.0E+02
    28      1  1.0E+00     32  1.1E-04  6.5E-01  7.1756607E+00   197 3.0E+02
    29      1  1.0E+00     33  2.0E-05  6.6E-01  6.8867165E+00   197 3.0E+02

 Major Minors     Step   nCon Feasible  Optimal  MeritFunction    nS Penalty
    30      1  1.0E+00     34  4.9E-05  6.3E-01  6.4266511E+00   197 3.0E+02
    31      1  1.0E+00     35  6.5E-04  4.6E-01  5.3628683E+00   197 3.0E+02
    32      1  1.0E+00     36  6.3E-04  3.6E-01  4.5124847E+00   197 3.0E+02
    33      1  1.0E+00     37  3.2E-04  4.0E-01  3.7776051E+00   197 3.0E+02
    34      1  1.0E+00     38  1.2E-04  3.9E-01  3.1798382E+00   197 3.0E+02   R
    35      1  1.0E+00     39  5.2E-06  3.2E-01  2.8725500E+00   197 3.0E+02 s
    36      1  1.0E+00     40  1.8E-05  3.1E-01  2.6585765E+00   197 3.0E+02
    37      1  1.0E+00     41  2.5E-05  3.2E-01  2.4187471E+00   197 3.0E+02
    38      1  1.0E+00     42  2.1E-05  3.6E-01  2.3149273E+00   197 3.0E+02
    39      1  1.0E+00     43  2.1E-05  3.9E-01  2.1864827E+00   197 3.0E+02

 Major Minors     Step   nCon Feasible  Optimal  MeritFunction    nS Penalty
    40      1  1.0E+00     44  3.6E-05  3.6E-01  2.0452160E+00   197 3.0E+02
    41      1  1.0E+00     45  2.8E-05  3.3E-01  1.9420755E+00   197 3.0E+02
    42      1  1.0E+00     46  2.8E-05  3.0E-01  1.8411655E+00   197 3.0E+02
    43      1  1.0E+00     47  2.1E-05  2.6E-01  1.7533309E+00   197 3.0E+02
    44      1  1.0E+00     48  1.9E-05  2.2E-01  1.6776567E+00   197 3.0E+02
    45      1  1.0E+00     49  2.0E-05  1.3E-01  1.6059562E+00   197 3.0E+02   R
    46      1  1.0E+00     50  2.4E-06  1.3E-01  1.5677870E+00   197 3.0E+02 s
    47      1  1.0E+00     51  3.7E-06  1.3E-01  1.5288883E+00   197 3.0E+02
    48      1  1.0E+00     52  5.3E-06  9.6E-02  1.5066713E+00   197 3.0E+02
    49      1  1.0E+00     53  4.5E-06  7.9E-02  1.4928293E+00   197 3.0E+02

 Major Minors     Step   nCon Feasible  Optimal  MeritFunction    nS Penalty
    50      1  1.0E+00     54 (9.7E-07) 7.9E-02  1.4796352E+00   197 3.0E+02
    51      1  1.0E+00     55  2.7E-06  6.4E-02  1.4712991E+00   197 3.0E+02
    52      1  1.0E+00     56  1.7E-06  3.9E-02  1.4622972E+00   197 3.0E+02
    53      1  1.0E+00     57  3.0E-06  2.6E-02  1.4583802E+00   197 3.0E+02
    54      1  1.0E+00     58 (9.7E-07) 2.9E-02  1.4499995E+00   197 3.0E+02
    55      1  1.0E+00     59  1.1E-06  2.6E-02  1.4450367E+00   197 3.0E+02
    56      1  1.0E+00     60  1.2E-06  2.4E-02  1.4399914E+00   197 3.0E+02   R
    57      1  1.0E+00     61 (7.2E-07) 1.6E-02  1.4380931E+00   197 3.0E+02 s
    58      1  1.0E+00     62 (6.0E-08) 1.4E-02  1.4370698E+00   197 3.0E+02
    59      1  1.0E+00     63 (5.6E-08) 1.6E-02  1.4363515E+00   197 3.0E+02

 Major Minors     Step   nCon Feasible  Optimal  MeritFunction    nS Penalty
    60      1  1.0E+00     64 (1.1E-07) 1.7E-02  1.4357605E+00   197 3.0E+02
    61      1  1.0E+00     65 (1.2E-07) 1.8E-02  1.4352779E+00   197 3.0E+02
    62      1  1.0E+00     66 (2.3E-07) 1.7E-02  1.4347436E+00   197 3.0E+02
    63      1  1.0E+00     67 (2.1E-07) 1.7E-02  1.4343300E+00   197 3.0E+02
    64      1  1.0E+00     68 (9.8E-08) 1.7E-02  1.4341019E+00   197 3.0E+02
    65      1  1.0E+00     69 (4.5E-08) 1.5E-02  1.4338717E+00   197 3.0E+02
    66      1  1.0E+00     70 (4.7E-08) 1.1E-02  1.4335770E+00   197 3.0E+02
    67      1  1.0E+00     71 (6.3E-08) 7.5E-03  1.4333092E+00   197 3.0E+02   R
    68      1  1.0E+00     72 (6.8E-09) 7.5E-03  1.4332266E+00   197 3.0E+02 s
    69      1  1.0E+00     73 (6.4E-09) 6.2E-03  1.4331322E+00   197 3.0E+02

 Major Minors     Step   nCon Feasible  Optimal  MeritFunction    nS Penalty
    70      1  1.0E+00     74 (1.2E-08) 5.0E-03  1.4330834E+00   197 3.0E+02
    71      1  1.0E+00     75 (1.1E-08) 4.5E-03  1.4330537E+00   197 3.0E+02
    72      1  1.0E+00     76 (9.2E-09) 3.1E-03  1.4330164E+00   197 3.0E+02
    73      1  1.0E+00     77 (5.7E-08) 2.7E-03  1.4329680E+00   197 3.0E+02
    74      1  1.0E+00     78 (4.2E-09) 2.1E-03  1.4329461E+00   197 3.0E+02
    75      1  1.0E+00     79 (8.2E-09) 1.3E-03  1.4329197E+00   197 3.0E+02
    76      1  1.0E+00     80 (9.2E-09) 7.9E-04  1.4329024E+00   197 3.0E+02
    77      1  1.0E+00     81 (3.7E-09) 7.0E-04  1.4328916E+00   197 3.0E+02
    78      1  1.0E+00     82 (7.2E-09) 7.0E-04  1.4328779E+00   197 3.0E+02   R
    79      1  1.0E+00     83 (4.7E-10) 5.3E-04  1.4328729E+00   197 3.0E+02 s

 Major Minors     Step   nCon Feasible  Optimal  MeritFunction    nS Penalty
    80      1  1.0E+00     84 (3.4E-10) 4.6E-04  1.4328694E+00   197 3.0E+02
    81      1  1.0E+00     85 (2.2E-10) 4.1E-04  1.4328676E+00   197 3.0E+02
    82      1  1.0E+00     86 (4.2E-10) 4.0E-04  1.4328658E+00   197 3.0E+02
    83      1  1.0E+00     87 (5.8E-10) 8.2E-04  1.4328643E+00   197 3.0E+02
    84      1  1.0E+00     88 (1.9E-10) 4.3E-04  1.4328636E+00   197 3.0E+02
    85      1  1.0E+00     89 (1.7E-10) 5.1E-04  1.4328631E+00   197 3.0E+02
    86      1  1.0E+00     90 (1.3E-10) 2.6E-04  1.4328626E+00   197 3.0E+02
    87      1  1.0E+00     91 (1.1E-10) 2.4E-04  1.4328622E+00   197 3.0E+02
    88      1  1.0E+00     92 (1.4E-10) 1.6E-04  1.4328619E+00   197 3.0E+02
    89      1  1.0E+00     93 (2.9E-10) 1.1E-04  1.4328615E+00   197 3.0E+02   R

 Major Minors     Step   nCon Feasible  Optimal  MeritFunction    nS Penalty
    90      1  1.0E+00     94 (2.9E-12) 9.6E-05  1.4328614E+00   197 3.0E+02 s
    91      1  1.0E+00     95 (8.1E-12) 1.1E-04  1.4328613E+00   197 3.0E+02
    92      1  1.0E+00     96 (5.5E-12) 1.0E-04  1.4328613E+00   197 3.0E+02
    93      1  1.0E+00     97 (1.4E-11) 7.9E-05  1.4328613E+00   197 3.0E+02
    94      1  1.0E+00     98 (1.2E-11) 7.0E-05  1.4328612E+00   197 3.0E+02
    95      1  1.0E+00     99 (5.1E-12) 5.6E-05  1.4328612E+00   197 3.0E+02
    96      1  1.0E+00    100 (3.0E-12) 2.1E-05  1.4328612E+00   197 3.0E+02
    97      1  1.0E+00    101 (9.3E-13) 1.8E-05  1.4328612E+00   197 3.0E+02
    98      1  1.0E+00    102 (1.7E-12) 1.2E-05  1.4328612E+00   197 3.0E+02
    99      1  1.0E+00    103 (3.1E-12) 1.0E-05  1.4328612E+00   197 3.0E+02

 Major Minors     Step   nCon Feasible  Optimal  MeritFunction    nS Penalty
   100      1  1.0E+00    104 (7.1E-13) 8.1E-06  1.4328612E+00   197 3.0E+02   R
   101      1  1.0E+00    105 (3.4E-14) 6.3E-06  1.4328612E+00   197 3.0E+02 s
   102      1  1.0E+00    106 (6.8E-14) 5.4E-06  1.4328612E+00   197 3.0E+02
   103      1  1.0E+00    107 (3.1E-14) 4.3E-06  1.4328612E+00   197 3.0E+02
   104      1  1.0E+00    108 (4.2E-14) 3.4E-06  1.4328612E+00   197 3.0E+02
   105      1  1.0E+00    109 (2.8E-14)(1.7E-06) 1.4328612E+00   197 3.0E+02
 
 SNOPTA EXIT   0 -- finished successfully
 SNOPTA INFO   1 -- optimality conditions satisfied

 Problem name
 No. of iterations                 341   Objective value      1.4328611934E+00
 No. of major iterations           105   Linear objective     0.0000000000E+00
 Penalty parameter           2.971E+02   Nonlinear objective  1.4328611934E+00
 No. of calls to funobj          30746   No. of calls to funcon          30746
 Calls with modes 1,2 (known g)    109   Calls with modes 1,2 (known g)    109
 Calls for forward differencing  30520   Calls for forward differencing  30520
 Calls for central differencing      0   Calls for central differencing      0
 No. of superbasics                197   No. of basic nonlinears            63
 No. of degenerate steps            18   Percentage                       5.28
 Max x                       2 6.0E+00   Max pi                      2 2.1E+00
 Max Primal infeas           0 0.0E+00   Max Dual infeas             6 5.2E-06
 Nonlinear constraint violn    6.4E-13

 Solution not printed
