 

 Nonlinear constraints      39     Linear constraints       0
 Nonlinear variables        55     Linear variables         0
 Jacobian  variables        55     Objective variables     55
 Total constraints          39     Total variables         55
 

 
 The user has defined    2200   out of    2200   first  derivatives
 

 Major Minors     Step   nCon Feasible  Optimal  MeritFunction    nS Penalty
     0     26               1  9.9E-01  1.0E+00  1.2781952E+06    11           r i
     1     12  1.3E-01      2  8.7E-01  4.0E+01  1.1267307E+06    16         n rl
     2      1  1.7E-01      4  6.7E-01  6.6E+01  9.2196616E+05    16         n rl
     3      2  1.0E+00      5  7.5E-02  1.7E+00  7.9713118E+01    16         s
     4      1  4.4E-02      8  6.5E-02  1.8E+00  3.6605707E+01    16
     5      2  3.2E-01     10  4.5E-01  1.0E+01 -1.1417824E+03    16          m l
     6      2  1.3E-02     12  5.0E-01  1.1E+01 -1.4035506E+03    16
     7      2  3.7E-02     14  5.0E-01  9.1E+00 -8.5175331E+02    16 2.4E+00
     8      2  9.8E-02     19  4.2E-01  9.4E-01 -9.0847546E+02    16 2.7E+00 sM
     9      2  2.1E-05     21  4.3E-01  2.9E+00 -1.2483959E+03    16 2.7E+00

 Major Minors     Step   nCon Feasible  Optimal  MeritFunction    nS Penalty
    10      2  1.7E-05     23  4.4E-01  1.8E+00 -1.3777080E+03    16 2.7E+00
    11      2  8.9E-05     27  4.6E-01  1.5E+00 -2.8994316E+03    16 2.7E+00
    12      2  7.8E-06     30  4.6E-01  4.3E+00 -2.9390302E+03    16 2.7E+00
    13      2  8.8E-05     33  4.6E-01  2.2E+00 -3.0731924E+03    16 2.7E+00
    14      2  4.0E-05     37  4.8E-01  1.5E+00 -3.2171332E+03    16 2.7E+00
    15      2  6.3E-05     41  4.9E-01  1.1E+00 -3.3332606E+03    16 2.7E+00
    16      2  1.4E-05     43  5.0E-01  1.2E+00 -3.3678712E+03    16 2.7E+00
    17      2  4.7E-05     45  5.1E-01  1.1E+00 -3.3835134E+03    16 2.7E+00
    18      2  2.2E-04     47  5.0E-01  1.0E+00 -3.3947855E+03    16 2.7E+00
    19      2  4.8E-04     49  4.9E-01  5.6E-01 -3.4075009E+03    16 2.7E+00

 Major Minors     Step   nCon Feasible  Optimal  MeritFunction    nS Penalty
    20      2  2.9E-04     52  4.6E-01  8.9E-01 -3.4316374E+03    16 2.7E+00
    21      2  4.5E-04     55  4.6E-01  2.9E-01 -3.4700224E+03    16 2.7E+00
    22      2  5.7E-04     57  4.6E-01  3.2E-01 -3.4730633E+03    16 2.7E+00
    23      2  4.0E-03     59  4.6E-01  2.6E-01 -9.2228353E+02    16 1.1E+01
    24      1  5.9E-02     62  4.6E-01  3.8E-01 -3.5098378E+02    16 1.3E+01
    25      2  1.2E-01     64  4.2E-01  5.8E+00 -2.2549474E+00    16 1.5E+01
    26      2  4.2E-02     66  4.6E-01  6.6E-01 -3.4428535E+01    16 1.5E+01
    27      2  7.1E-03     68  4.6E-01  4.2E-01 -3.9634504E+01    16 1.5E+01
    28      2  3.1E-02     70  4.5E-01  1.3E+00 -5.7386182E+01    16 1.5E+01
    29      2  1.2E-01     73  4.1E-01  2.5E+00 -8.7112167E+01    16 1.5E+01

 Major Minors     Step   nCon Feasible  Optimal  MeritFunction    nS Penalty
    30      1  1.2E-01     75  3.7E-01  1.0E+00  4.3650704E+01    16 1.6E+01
    31      2  3.1E-01     77  2.7E-01  1.2E+00  1.5945461E+02    16 1.8E+01
    32      2  1.9E-01     79  2.3E-01  1.5E+00  1.8958581E+02    16 1.9E+01
    33      2  3.3E-01     81  1.6E-01  1.0E+00  1.6737110E+02    16 1.9E+01
    34      2  4.3E-03     84  1.6E-01  1.1E+00  2.0800538E+01    16 7.6E+00
    35      2  3.4E-01     86  1.1E-01  1.2E+00  1.9510198E+02    16 1.8E+01
    36      2  1.6E-01     88  9.1E-02  1.2E+00  2.2109882E+02    16 2.3E+01
    37      1  1.0E+00     89  3.8E-02  1.2E+00  1.8109736E+02    16 2.3E+01
    38      1  2.1E-01     91  3.4E-02  1.4E+00  1.7918982E+02    16 2.3E+01
    39      2  1.0E+00     92  2.3E-02  8.9E-01  1.6709325E+02    16 2.3E+01

 Major Minors     Step   nCon Feasible  Optimal  MeritFunction    nS Penalty
    40      1  2.0E-01     94  3.7E-02  2.9E+00  1.6469710E+02    16 2.3E+01
    41      1  6.3E-01     96  3.0E-02  1.8E+00  1.5374445E+02    16 2.3E+01
    42      1  1.0E+00     97  1.9E-02  1.5E+00  1.3786015E+02    16 2.3E+01
    43      1  1.0E+00     98  9.3E-02  1.1E+00  1.2575732E+02    16 2.3E+01
    44      2  4.0E-01    100  5.6E-02  1.7E+00  1.2075991E+02    16 2.3E+01
    45      2  2.7E-01    102  5.7E-02  1.4E+00  1.1908962E+02    16 2.3E+01
    46      2  7.9E-02    105  5.2E-02  2.0E+00  1.1326976E+02    16 2.3E+01
    47      2  4.4E-01    107  2.9E-02  2.2E+00  1.0690167E+02    16 2.3E+01
    48      2  1.0E+00    108  9.1E-03  7.8E-01  1.0437976E+02    16 2.3E+01
    49      1  1.0E+00    109  3.0E-02  2.7E+00  9.9168052E+01    16 2.3E+01

 Major Minors     Step   nCon Feasible  Optimal  MeritFunction    nS Penalty
    50      2  1.0E+00    110  2.7E-03  3.4E+00  9.1276515E+01    16 2.3E+01
    51      2  1.0E+00    111  1.6E-02  1.6E+00  7.8247864E+01    16 2.3E+01
    52      2  8.7E-02    113  5.2E-02  1.6E+00  7.0592498E+01    16 2.3E+01
    53      1  5.6E-01    115  2.3E-02  1.0E+00  6.8131515E+01    16 2.3E+01
    54      1  5.1E-01    117  1.2E-02  8.2E-01  6.5325543E+01    16 2.3E+01
    55      2  1.0E+00    118  1.4E-02  1.1E+00  6.3514016E+01    16 2.3E+01
    56      2  6.8E-01    120  4.3E-02  1.5E+00  5.8590371E+01    16 2.3E+01
    57      2  2.1E-01    122  3.6E-02  1.1E+00  5.7010168E+01    16 2.3E+01
    58      2  1.0E+00    123  1.4E-02  7.1E-01  4.6233493E+01    16 2.3E+01
    59      2  2.2E-01    125  1.5E-02  1.3E+00  4.3529377E+01    16 2.3E+01

 Major Minors     Step   nCon Feasible  Optimal  MeritFunction    nS Penalty
    60      2  5.4E-01    127  1.1E-02  9.3E-01  3.7912356E+01    16 2.3E+01
    61      1  1.0E+00    128  6.5E-02  1.1E+00  2.2957515E+01    16 2.3E+01
    62      2  3.6E-01    130  4.2E-02  1.9E+00  2.6579955E+01    16 2.4E+01
    63      1  2.8E-01    132  3.0E-02  2.3E+00  2.4265038E+01    16 2.4E+01
    64      1  1.0E+00    133  2.2E-02  1.6E+00  2.0434025E+01    16 2.4E+01
    65      1  1.0E+00    134  7.9E-03  1.9E+00  1.7752704E+01    16 2.4E+01
    66      1  1.0E+00    135  1.8E-02  2.0E+00  1.5109425E+01    16 2.4E+01
    67      2  1.0E+00    136  2.0E-02  2.0E+00  1.4266470E+01    16 2.4E+01
    68      1  1.0E+00    137  1.2E-02  1.5E+00  1.2600722E+01    16 2.4E+01
    69      1  1.0E+00    138  6.0E-04  1.8E+00  1.2085705E+01    16 2.4E+01

 Major Minors     Step   nCon Feasible  Optimal  MeritFunction    nS Penalty
    70      1  1.0E+00    139  6.9E-04  1.5E+00  1.1432990E+01    16 2.4E+01
    71      1  1.0E+00    140  2.1E-02  1.7E+00  9.5540389E+00    16 2.4E+01
    72      1  1.0E+00    141  1.9E-03  1.8E+00  7.7745360E+00    16 2.4E+01
    73      2  1.0E+00    142  1.9E-03  1.5E+00  6.7355517E+00    16 2.4E+01
    74      1  1.0E+00    143  1.3E-03  1.1E+00  6.0441113E+00    16 2.4E+01
    75      2  1.0E+00    144  2.4E-03  8.9E-01  5.1782460E+00    16 2.4E+01
    76      2  1.0E+00    145  8.3E-04  8.8E-01  4.5778387E+00    16 2.4E+01
    77      2  1.0E+00    146  2.9E-03  8.7E-01  3.9798967E+00    16 2.4E+01
    78      2  1.0E+00    147  9.0E-04  9.5E-01  3.6393389E+00    16 2.4E+01
    79      1  1.0E+00    148  5.9E-04  9.7E-01  3.4020859E+00    16 2.4E+01

 Major Minors     Step   nCon Feasible  Optimal  MeritFunction    nS Penalty
    80      1  1.0E+00    149  6.0E-04  1.1E+00  3.2549683E+00    16 2.4E+01
    81      1  1.0E+00    150  1.5E-04  1.2E+00  3.1699473E+00    16 2.4E+01
    82      1  1.0E+00    151  5.9E-04  1.3E+00  3.0281836E+00    16 2.4E+01
    83      1  1.0E+00    152  4.3E-04  1.3E+00  2.9182172E+00    16 2.4E+01
    84      1  1.0E+00    153  1.5E-04  1.4E+00  2.8503518E+00    16 2.4E+01
    85      1  1.0E+00    154  1.0E-04  1.4E+00  2.8070219E+00    16 2.4E+01
    86      1  1.0E+00    155  7.5E-05  1.4E+00  2.7675905E+00    16 2.4E+01
    87      1  1.0E+00    156  3.9E-05  1.3E+00  2.7371075E+00    16 2.4E+01
    88      1  1.0E+00    157  4.7E-05  1.3E+00  2.7166797E+00    16 2.4E+01
    89      1  1.0E+00    158  3.6E-05  1.3E+00  2.7008951E+00    16 2.4E+01

 Major Minors     Step   nCon Feasible  Optimal  MeritFunction    nS Penalty
    90      1  1.0E+00    159  4.9E-05  1.3E+00  2.6766292E+00    16 2.4E+01
    91      1  1.0E+00    160  9.2E-05  1.4E+00  2.6303961E+00    16 2.4E+01
    92      1  1.0E+00    161  2.2E-04  1.4E+00  2.5529263E+00    16 2.4E+01
    93      1  1.0E+00    162  2.8E-04  1.4E+00  2.4623226E+00    16 2.4E+01
    94      1  1.0E+00    163  2.1E-04  1.4E+00  2.3975898E+00    16 2.4E+01
    95      1  1.0E+00    164  9.8E-05  1.4E+00  2.3593970E+00    16 2.4E+01
    96      1  1.0E+00    165  7.3E-05  1.3E+00  2.3310632E+00    16 2.4E+01
    97      1  1.0E+00    166  5.1E-05  1.3E+00  2.3045974E+00    16 2.4E+01
    98      1  1.0E+00    167  2.9E-05  1.2E+00  2.2765567E+00    16 2.4E+01
    99      1  1.0E+00    168  3.4E-05  1.2E+00  2.2363342E+00    16 2.4E+01

 Major Minors     Step   nCon Feasible  Optimal  MeritFunction    nS Penalty
   100      1  1.0E+00    169  6.7E-05  1.1E+00  2.1594441E+00    16 2.4E+01
   101      1  1.0E+00    170  3.1E-04  9.6E-01  1.9955057E+00    16 2.4E+01
   102      1  1.0E+00    171  2.2E-03  6.7E-01  1.6858540E+00    16 2.4E+01
   103      1  1.0E+00    172  4.5E-03  5.8E-01  1.3376724E+00    16 2.4E+01
   104      1  1.0E+00    173  9.7E-04  5.1E-01  1.0748095E+00    16 2.4E+01
   105      1  1.0E+00    174  7.0E-04  6.0E-01  9.9575133E-01    16 2.4E+01
   106      1  1.0E+00    175  4.2E-04  5.6E-01  9.6023969E-01    16 2.4E+01
   107      1  1.0E+00    176  1.6E-05  5.7E-01  9.5852352E-01    16 2.4E+01
   108      1  1.0E+00    177 (3.3E-07) 5.6E-01  9.5775889E-01    16 2.4E+01
   109      1  1.0E+00    178  4.7E-06  5.5E-01  9.5451223E-01    16 2.4E+01

 Major Minors     Step   nCon Feasible  Optimal  MeritFunction    nS Penalty
   110      1  1.0E+00    179  1.1E-05  5.4E-01  9.4758790E-01    16 2.4E+01
   111      1  1.0E+00    180  3.9E-05  4.9E-01  9.2995398E-01    16 2.4E+01
   112      1  1.0E+00    181  7.0E-05  4.1E-01  8.9312785E-01    16 2.4E+01
   113      1  1.0E+00    182  2.4E-04  2.8E-01  8.3162932E-01    16 2.4E+01
   114      1  1.0E+00    183  4.1E-04  1.3E-01  7.6847175E-01    16 2.4E+01
   115      1  1.0E+00    184  2.4E-04  3.3E-02  7.3611160E-01    16 2.4E+01
   116      1  1.0E+00    185  2.0E-05  3.4E-03  7.3054141E-01    16 2.4E+01
   117      1  1.0E+00    186  1.5E-06  8.0E-04  7.3038107E-01    16 2.4E+01
   118      1  1.0E+00    187 (3.9E-08) 1.6E-04  7.3037774E-01    16 2.4E+01
   119      1  1.0E+00    188 (4.7E-10) 3.7E-05  7.3037759E-01    16 2.4E+01

 Major Minors     Step   nCon Feasible  Optimal  MeritFunction    nS Penalty
   120      1  1.0E+00    189 (2.3E-11) 5.8E-06  7.3037758E-01    16 2.4E+01
   121      1  1.0E+00    190 (6.5E-12)(1.3E-06) 7.3037758E-01    16 2.4E+01
 
 SNOPTA EXIT   0 -- finished successfully
 SNOPTA INFO   1 -- optimality conditions satisfied

 Problem name
 No. of iterations                 211   Objective value      7.3037757968E-01
 No. of major iterations           121   Linear objective     0.0000000000E+00
 Penalty parameter           2.388E+01   Nonlinear objective  7.3037757968E-01
 No. of calls to funobj            190   No. of calls to funcon            190
 No. of superbasics                 16   No. of basic nonlinears            39
 No. of degenerate steps             1   Percentage                        .47
 Max x                      11 1.0E+01   Max pi                     35 1.2E+00
 Max Primal infeas           0 0.0E+00   Max Dual infeas             9 3.0E-06
 Nonlinear constraint violn    1.2E-10

 Solution not printed
