 

 Nonlinear constraints     159     Linear constraints       0
 Nonlinear variables       255     Linear variables         0
 Jacobian  variables       255     Objective variables    255
 Total constraints         159     Total variables        255
 

 
 The user has defined   40800   out of   40800   first  derivatives
 

        Minor   QPmult   nInf   SumInf   rgNorm  Elastic QPobj    nS
          100 -1.4E+00      2  1.0E+00  7.3E-12  5.7323806E+04    30

 Major Minors     Step   nCon Feasible  Optimal  MeritFunction    nS Penalty
     0    112               1  4.8E-01  1.0E+00  6.5531887E+05    42           r i
     1     53  6.2E-02      2  4.6E-01  3.3E+00  6.1837754E+05    88         n rl
     2     15  6.2E-02      4  4.2E-01  5.9E+01  5.7682968E+05    95         sm l
     3      2  1.0E+00      6  1.6E-01  2.1E-01 -1.1673124E+02    95          m
     4      3  1.0E+00      7  3.3E-02  1.3E-01  1.3179097E+02    96 2.0E+01
     5      2  1.0E+00      8  9.1E-04  1.0E+00  1.0107967E+02    96 5.7E+00
     6      2  1.0E+00      9  3.1E-03  9.1E-01  7.9023161E+01    96 5.7E+00
     7      2  5.1E-01     11  2.2E-02  6.7E-01  4.5711488E+01    96 5.7E+00
     8      2  1.0E+00     12  1.5E-03  1.4E+00  3.0791131E+01    96 6.0E+00
     9      2  1.0E+00     13  9.9E-03  1.4E+00  1.5767485E+01    96 6.0E+00

 Major Minors     Step   nCon Feasible  Optimal  MeritFunction    nS Penalty
    10      2  1.0E+00     14  1.8E-03  9.4E-01  1.4167374E+01    96 6.4E+00
    11      2  1.0E+00     15  5.4E-04  8.7E-01  1.3127458E+01    96 6.4E+00
    12      2  1.0E+00     16  1.0E-03  6.6E-01  1.2184651E+01    96 6.4E+00   R
    13      2  1.0E+00     17  9.8E-06  7.2E-01  1.1968023E+01    96 6.4E+00 s
    14      2  1.0E+00     18  3.7E-02  9.3E-01  6.7931734E+00    96 6.4E+00
    15      2  1.0E+00     19  5.2E-03  7.5E-01  5.3111792E+00    96 6.4E+00
    16      2  1.0E+00     20  7.0E-03  6.9E-01  4.0363106E+00    96 6.4E+00
    17      2  1.0E+00     21  2.5E-03  7.8E-01  3.3595697E+00    96 6.4E+00
    18      2  1.0E+00     22  1.2E-03  7.8E-01  2.9760438E+00    96 6.4E+00
    19      2  1.0E+00     23  6.6E-04  7.3E-01  2.7399336E+00    96 6.4E+00

 Major Minors     Step   nCon Feasible  Optimal  MeritFunction    nS Penalty
    20      2  1.0E+00     24  2.4E-04  6.7E-01  2.5582175E+00    96 6.4E+00
    21      2  1.0E+00     25  2.6E-04  6.8E-01  2.3863612E+00    96 6.4E+00
    22      2  1.0E+00     26  3.2E-04  6.9E-01  2.2484138E+00    96 6.4E+00
    23      2  1.0E+00     27  3.0E-04  7.1E-01  2.1206538E+00    96 6.4E+00   R
    24      2  1.0E+00     28  3.8E-05  6.8E-01  2.0468170E+00    96 6.4E+00 s
    25      2  1.0E+00     29  1.2E-03  6.9E-01  1.9168948E+00    96 6.4E+00
    26      2  1.0E+00     30  1.2E-03  7.0E-01  1.8081359E+00    96 6.4E+00
    27      2  1.0E+00     31  1.4E-03  7.1E-01  1.7033746E+00    96 6.4E+00
    28      2  5.2E-01     33  5.4E-04  7.1E-01  1.5695249E+00    96 6.4E+00
    29      2  4.7E-01     35  5.2E-04  7.3E-01  1.4909450E+00    96 6.4E+00

 Major Minors     Step   nCon Feasible  Optimal  MeritFunction    nS Penalty
    30      1  1.0E+00     36  5.4E-04  7.3E-01  1.4699838E+00    96 6.4E+00
    31      1  1.0E+00     37  4.9E-04  7.4E-01  1.4186597E+00    96 6.4E+00
    32      2  4.7E-01     39  3.3E-04  7.4E-01  1.3868975E+00    96 6.4E+00
    33      1  1.0E+00     40  1.6E-04  7.5E-01  1.3840601E+00    96 6.4E+00
    34      1  1.0E+00     41  9.1E-05  7.4E-01  1.3738751E+00    96 6.4E+00   R
    35      1  3.3E-01     43  7.9E-05  7.5E-01  1.3648247E+00    96 6.4E+00 s
    36      1  1.0E+00     44  1.3E-06  7.4E-01  1.3635233E+00    96 6.4E+00
    37      1  1.0E+00     45  2.6E-06  7.4E-01  1.3616539E+00    96 6.4E+00
    38      1  1.0E+00     46  1.3E-06  7.4E-01  1.3597111E+00    96 6.4E+00
    39      1  1.0E+00     47  2.3E-06  7.4E-01  1.3566898E+00    96 6.4E+00

 Major Minors     Step   nCon Feasible  Optimal  MeritFunction    nS Penalty
    40      1  1.0E+00     48  2.2E-06  7.4E-01  1.3528030E+00    96 6.4E+00
    41      1  1.0E+00     49  4.4E-06  7.3E-01  1.3469069E+00    96 6.4E+00
    42      1  1.0E+00     50  6.8E-06  7.3E-01  1.3378201E+00    96 6.4E+00
    43      1  1.0E+00     51  1.3E-05  7.1E-01  1.3234582E+00    96 6.4E+00
    44      1  1.0E+00     52  1.9E-05  6.9E-01  1.3022931E+00    96 6.4E+00
    45      1  1.0E+00     53  2.5E-05  6.6E-01  1.2732861E+00    96 6.4E+00   R
    46      1  1.0E+00     54  8.2E-06  5.8E-01  1.2388211E+00    96 6.4E+00 s
    47      1  4.7E-01     56  5.0E-04  4.9E-01  1.0942823E+00    96 6.4E+00
    48      1  3.8E-01     58  7.3E-04  3.8E-01  9.4454855E-01    96 6.4E+00
    49      1  3.5E-01     60  5.6E-04  3.1E-01  8.9713100E-01    96 6.4E+00

 Major Minors     Step   nCon Feasible  Optimal  MeritFunction    nS Penalty
    50      1  4.6E-01     62  4.3E-04  2.3E-01  8.4426238E-01    96 6.4E+00
    51      1  4.8E-01     64  3.3E-04  1.2E-01  7.8920099E-01    96 6.4E+00
    52      1  3.0E-01     66  2.5E-04  5.5E-02  7.5950039E-01    96 6.4E+00
    53      1  3.5E-01     68  2.0E-04  5.2E-02  7.4197933E-01    96 6.4E+00
    54      1  2.6E-01     70  1.5E-04  4.2E-02  7.3715621E-01    96 6.4E+00
    55      1  5.0E-01     72  7.6E-05  2.3E-02  7.3289434E-01    96 6.4E+00
    56      1  3.6E-01     74  5.6E-05  8.5E-03  7.3078184E-01    96 6.4E+00   R
    57      1  3.1E-01     76  3.8E-05  7.3E-03  7.2989506E-01    96 6.4E+00 s
    58      1  1.0E+00     77  1.0E-06  5.4E-03  7.2952080E-01    96 6.4E+00
    59      1  1.0E+00     78  1.1E-06  3.3E-03  7.2929794E-01    96 6.4E+00

 Major Minors     Step   nCon Feasible  Optimal  MeritFunction    nS Penalty
    60      1  1.0E+00     79 (3.5E-07) 1.2E-03  7.2917606E-01    96 6.4E+00
    61      1  1.0E+00     80 (1.9E-07) 6.4E-04  7.2912593E-01    96 6.4E+00
    62      1  1.0E+00     81 (4.9E-08) 4.7E-04  7.2911039E-01    96 6.4E+00
    63      1  1.0E+00     82 (1.0E-08) 2.3E-04  7.2910228E-01    96 6.4E+00
    64      1  1.0E+00     83 (1.1E-08) 2.9E-04  7.2909490E-01    96 6.4E+00
    65      1  1.0E+00     84 (7.4E-09) 2.5E-04  7.2909012E-01    96 6.4E+00
    66      1  1.0E+00     85 (2.7E-09) 3.5E-04  7.2908670E-01    96 6.4E+00
    67      1  1.0E+00     86 (2.7E-09) 2.9E-04  7.2908368E-01    96 6.4E+00   R
    68      1  1.0E+00     87 (1.4E-09) 2.4E-04  7.2908250E-01    96 6.4E+00 s
    69      1  1.0E+00     88 (3.8E-09) 6.8E-05  7.2908163E-01    96 6.4E+00

 Major Minors     Step   nCon Feasible  Optimal  MeritFunction    nS Penalty
    70      1  1.0E+00     89 (2.9E-09) 6.1E-05  7.2908113E-01    96 6.4E+00
    71      1  1.0E+00     90 (1.5E-09) 4.8E-05  7.2908104E-01    96 6.4E+00
    72      1  1.0E+00     91 (7.9E-10) 1.4E-05  7.2908090E-01    96 6.4E+00
    73      1  1.0E+00     92 (4.9E-10) 2.5E-05  7.2908088E-01    96 6.4E+00
    74      1  1.0E+00     93 (3.0E-10) 2.6E-05  7.2908084E-01    96 6.4E+00
    75      1  1.0E+00     94 (7.0E-11) 1.7E-05  7.2908083E-01    96 6.4E+00
    76      1  1.0E+00     95 (6.3E-11) 1.4E-05  7.2908082E-01    96 6.4E+00
    77      1  1.0E+00     96 (2.9E-11) 8.2E-06  7.2908081E-01    96 6.4E+00
    78      1  1.0E+00     97 (1.3E-11) 3.3E-06  7.2908081E-01    96 6.4E+00   R
    79      1  4.9E-01     99 (6.3E-12) 2.3E-06  7.2908081E-01    96 6.4E+00 s

 Major Minors     Step   nCon Feasible  Optimal  MeritFunction    nS Penalty
    80      1  1.0E+00    100 (3.1E-13)(1.6E-06) 7.2908081E-01    96 6.4E+00
 
 SNOPTA EXIT   0 -- finished successfully
 SNOPTA INFO   1 -- optimality conditions satisfied

 Problem name
 No. of iterations                 287   Objective value      7.2908080527E-01
 No. of major iterations            80   Linear objective     0.0000000000E+00
 Penalty parameter           6.407E+00   Nonlinear objective  7.2908080527E-01
 No. of calls to funobj            100   No. of calls to funcon            100
 No. of superbasics                 96   No. of basic nonlinears           159
 No. of degenerate steps            61   Percentage                      21.25
 Max x                      51 1.0E+01   Max pi                    155 1.2E+00
 Max Primal infeas           0 0.0E+00   Max Dual infeas           139 3.5E-06
 Nonlinear constraint violn    1.2E-11

 Solution not printed
