
 
 ===>  WARNING - variable     1003 has no Jacobian entries.
 ===>  WARNING - variable     1004 has no Jacobian entries.
 ===>  WARNING - variable     1005 has no Jacobian entries.
 

 Nonlinear constraints       3     Linear constraints       0
 Nonlinear variables      1002     Linear variables         3
 Jacobian  variables      1002     Objective variables   1002
 Total constraints           3     Total variables       1005
 

 
 The user has defined       0   out of    4008   first  derivatives
 XXX  Some first  derivatives are missing --- derivative level reduced to 0
 

 Major Minors     Step   nCon Feasible  Optimal  MeritFunction    nS Penalty
     0     99               1 (0.0E+00) 5.4E+00  1.9495000E+02    99           r  T
     1      2  1.1E-01      2 (0.0E+00) 5.2E+00  2.1444825E+01   100         n rl
     2      2  7.7E-03      3 (0.0E+00) 2.4E+00  1.6689072E+01   100         s
     3      1  1.0E+00      4 (0.0E+00) 2.2E+00  1.2778577E+01   100
     4      1  1.0E+00      5 (0.0E+00) 7.3E-01  2.7872551E+00   100
     5      1  1.0E+00      6 (0.0E+00) 2.6E-01  2.7213834E+00   100
     6      1  1.0E+00      7 (0.0E+00) 3.8E-01  2.6363940E+00   100
     7      1  1.0E+00      8 (0.0E+00) 7.1E-01  2.2008535E+00   100           R
     8      1  1.0E+00      9 (0.0E+00) 8.1E-01  2.1682496E+00   100         s
     9      1  1.0E+00     10 (0.0E+00) 2.2E-01  2.1051599E+00   100

 Major Minors     Step   nCon Feasible  Optimal  MeritFunction    nS Penalty
    10      1  1.0E+00     11 (0.0E+00) 1.7E-01  2.0880588E+00   100
    11      1  1.0E+00     12 (0.0E+00) 5.1E-01  1.9377905E+00   100
    12      1  1.0E+00     13 (0.0E+00) 6.7E-01  1.7955029E+00   100
    13      1  1.0E+00     14 (0.0E+00) 5.7E-01  1.6478866E+00   100           R
    14      1  1.0E+00     15 (0.0E+00) 2.8E-01  1.5930200E+00   100         s
    15      1  1.0E+00     16 (0.0E+00) 2.8E-01  1.5788927E+00   100
    16      1  1.0E+00     17 (0.0E+00) 1.6E-01  1.4228524E+00   100
    17      1  1.0E+00     18 (0.0E+00) 1.5E-01  1.4174690E+00   100
    18      1  1.0E+00     19 (0.0E+00) 1.9E-01  1.3218389E+00   100
    19      1  1.0E+00     20 (0.0E+00) 1.8E-01  1.2585042E+00   100           R

 Major Minors     Step   nCon Feasible  Optimal  MeritFunction    nS Penalty
    20      1  1.0E+00     21 (0.0E+00) 1.3E-01  1.2505165E+00   100         s
    21      1  1.0E+00     22 (0.0E+00) 1.4E-01  1.1869979E+00   100
    22      1  1.0E+00     23 (0.0E+00) 1.4E-01  1.1467275E+00   100
    23      1  1.0E+00     24 (0.0E+00) 1.0E-01  1.1413480E+00   100
    24      1  1.0E+00     25 (0.0E+00) 1.8E-01  1.1118024E+00   100
    25      1  1.0E+00     26 (0.0E+00) 1.9E-01  1.0879228E+00   100           R
    26      1  3.4E-01     27 (0.0E+00) 1.4E-01  1.0778415E+00   100         s
    27      1  1.0E+00     28 (0.0E+00) 1.4E-01  1.0755668E+00   100
    28      1  1.0E+00     29 (0.0E+00) 6.1E-02  1.0433192E+00   100
    29      1  1.0E+00     30 (0.0E+00) 6.4E-02  1.0423273E+00   100

 Major Minors     Step   nCon Feasible  Optimal  MeritFunction    nS Penalty
    30      1  1.0E+00     31 (0.0E+00) 1.6E-01  1.0022933E+00   100
    31      1  1.0E+00     32 (0.0E+00) 1.4E-01  9.9113774E-01   100           R
    32      1  1.0E+00     33 (0.0E+00) 7.9E-02  9.8753719E-01   100         s
    33      1  1.0E+00     34 (0.0E+00) 1.2E-01  9.8048579E-01   100
    34      1  1.0E+00     35 (0.0E+00) 1.2E-01  9.6528228E-01   100
    35      1  1.0E+00     36 (0.0E+00) 7.4E-02  9.6253593E-01   100
    36      1  1.0E+00     37 (0.0E+00) 5.4E-02  9.6123347E-01   100
    37      1  1.0E+00     38 (0.0E+00) 9.1E-02  9.5958597E-01   100           R
    38      1  1.0E+00     39 (0.0E+00) 8.1E-02  9.5874660E-01   100         s
    39      1  1.0E+00     40 (0.0E+00) 6.3E-02  9.5796907E-01   100

 Major Minors     Step   nCon Feasible  Optimal  MeritFunction    nS Penalty
    40      1  1.0E+00     41 (0.0E+00) 7.3E-02  9.5247452E-01   100
    41      1  1.0E+00     42 (0.0E+00) 8.0E-02  9.4947338E-01   100
    42      1  1.0E+00     43 (0.0E+00) 5.7E-02  9.4701603E-01   100
    43      1  1.0E+00     44 (0.0E+00) 9.6E-02  9.4489804E-01   100           R
    44      1  1.0E+00     45 (0.0E+00) 7.0E-02  9.4354559E-01   100         s
    45      1  2.6E-01     46 (0.0E+00) 1.4E-01  9.3607795E-01   100
    46      1  1.0E+00     47 (0.0E+00) 4.8E-02  9.3159590E-01   100
    47      1  1.0E+00     48 (0.0E+00) 7.9E-02  9.2838699E-01   100
    48      1  1.0E+00     49 (0.0E+00) 2.2E-01  9.0574807E-01   100
    49      1  1.0E+00     50 (0.0E+00) 2.4E-01  8.8798780E-01   100           R

 Major Minors     Step   nCon Feasible  Optimal  MeritFunction    nS Penalty
    50      1  1.4E-01     51 (0.0E+00) 3.8E-02  8.8117238E-01   100         s
    51      1  1.0E+00     52 (0.0E+00) 3.6E-02  8.8075878E-01   100
    52      1  1.0E+00     53 (0.0E+00) 2.3E-02  8.7744609E-01   100
    53      1  1.0E+00     54 (0.0E+00) 2.3E-02  8.7739121E-01   100
    54      1  1.0E+00     55 (0.0E+00) 3.4E-02  8.7251040E-01   100
    55      1  1.0E+00     56 (0.0E+00) 4.1E-02  8.6942823E-01   100           R
    56      1  1.0E+00     57 (0.0E+00) 2.7E-02  8.6909735E-01   100         s
    57      1  1.0E+00     58 (0.0E+00) 1.6E-02  8.6631527E-01   100
    58      1  1.0E+00     59 (0.0E+00) 1.2E-02  8.6618295E-01   100
    59      1  1.0E+00     60 (0.0E+00) 2.9E-02  8.6539422E-01   100

 Major Minors     Step   nCon Feasible  Optimal  MeritFunction    nS Penalty
    60      1  1.0E+00     61 (0.0E+00) 3.1E-02  8.6515992E-01   100
    61      1  1.0E+00     62 (0.0E+00) 3.1E-02  8.6353769E-01   100           R
    62      1  1.0E+00     63 (0.0E+00) 3.8E-02  8.6307276E-01   100         s
    63      1  1.1E-01     64 (0.0E+00) 3.3E-02  8.6262124E-01   100
    64      1  1.0E+00     65 (0.0E+00) 9.4E-03  8.6207011E-01   100
    65      1  1.0E+00     66 (0.0E+00) 1.1E-02  8.6190158E-01   100
    66      1  1.0E+00     67 (0.0E+00) 2.3E-02  8.5991658E-01   100
    67      1  1.0E+00     68 (0.0E+00) 2.1E-02  8.5932230E-01   100           R
    68      1  2.6E-01     69 (0.0E+00) 2.0E-02  8.5926865E-01   100         s
    69      1  1.0E+00     70 (0.0E+00) 1.5E-02  8.5910036E-01   100

 Major Minors     Step   nCon Feasible  Optimal  MeritFunction    nS Penalty
    70      1  1.0E+00     71 (0.0E+00) 1.0E-02  8.5884968E-01   100
    71      1  1.0E+00     72 (0.0E+00) 1.1E-02  8.5880895E-01   100
    72      1  1.0E+00     73 (0.0E+00) 1.4E-02  8.5853363E-01   100
    73      1  1.0E+00     74 (0.0E+00) 1.3E-02  8.5845112E-01   100           R
    74      1  1.0E+00     75 (0.0E+00) 8.5E-03  8.5843513E-01   100         s
    75      1  1.0E+00     76 (0.0E+00) 9.3E-03  8.5837156E-01   100
    76      1  1.0E+00     77 (0.0E+00) 8.1E-03  8.5834204E-01   100
    77      1  1.0E+00     78 (0.0E+00) 7.5E-03  8.5832498E-01   100
    78      1  1.0E+00     79 (0.0E+00) 6.6E-03  8.5824014E-01   100
    79      1  1.0E+00     80 (0.0E+00) 9.8E-03  8.5812019E-01   100           R

 Major Minors     Step   nCon Feasible  Optimal  MeritFunction    nS Penalty
    80      1  1.0E+00     81 (0.0E+00) 2.3E-02  8.5811257E-01   100         s
    81      1  1.0E+00     82 (0.0E+00) 1.1E-02  8.5804560E-01   100
    82      1  1.0E+00     83 (0.0E+00) 9.4E-03  8.5798075E-01   100
    83      1  1.0E+00     84 (0.0E+00) 1.2E-02  8.5794566E-01   100
    84      1  1.0E+00     85 (0.0E+00) 9.4E-03  8.5793509E-01   100
    85      1  1.0E+00     86 (0.0E+00) 6.7E-03  8.5792742E-01   100           R
    86      1  1.0E+00     87 (0.0E+00) 8.4E-03  8.5792198E-01   100         s
    87      1  1.0E+00     88 (0.0E+00) 1.5E-02  8.5787814E-01   100
    88      1  1.0E+00     89 (0.0E+00) 5.6E-03  8.5779994E-01   100
    89      1  1.0E+00     90 (0.0E+00) 9.6E-03  8.5772063E-01   100

 Major Minors     Step   nCon Feasible  Optimal  MeritFunction    nS Penalty
    90      1  1.0E+00     91 (0.0E+00) 1.7E-02  8.5751097E-01   100
    91      1  1.0E+00     92 (0.0E+00) 1.7E-02  8.5728773E-01   100           R
    92      1  1.5E-01     93 (0.0E+00) 4.6E-03  8.5725850E-01   100         s
    93      1  1.0E+00     94 (0.0E+00) 4.8E-03  8.5724515E-01   100
    94      1  1.0E+00     95 (0.0E+00) 7.2E-03  8.5715928E-01   100
    95      1  1.0E+00     96 (0.0E+00) 7.1E-03  8.5715605E-01   100
    96      1  1.0E+00     97 (0.0E+00) 3.7E-03  8.5708953E-01   100
    97      1  1.0E+00     98 (0.0E+00) 3.2E-03  8.5708070E-01   100           R
    98      1  1.0E+00     99 (0.0E+00) 3.4E-03  8.5707765E-01   100         s
    99      1  8.3E-02    100 (0.0E+00) 8.6E-03  8.5706934E-01   100

 Major Minors     Step   nCon Feasible  Optimal  MeritFunction    nS Penalty
   100      1  1.0E+00    101 (0.0E+00) 4.8E-03  8.5703375E-01   100
   101      1  1.0E+00    102 (0.0E+00) 4.9E-03  8.5701452E-01   100
   102      1  1.0E+00    103 (0.0E+00) 2.4E-03  8.5666175E-01   100
   103      1  1.0E+00    104 (0.0E+00) 1.8E-03  8.5662636E-01   100           R
   104      1  1.0E+00    105 (0.0E+00) 9.1E-03  8.5662539E-01   100         s
   105      1  1.0E+00    106 (0.0E+00) 6.1E-03  8.5660607E-01   100
   106      1  1.0E+00    107 (0.0E+00) 3.8E-03  8.5659553E-01   100
   107      1  1.0E+00    108 (0.0E+00) 1.2E-03  8.5658457E-01   100
   108      1  1.0E+00    109 (0.0E+00) 1.1E-03  8.5658028E-01   100
   109      1  1.0E+00    110 (0.0E+00) 1.0E-03  8.5657740E-01   100           R

 Major Minors     Step   nCon Feasible  Optimal  MeritFunction    nS Penalty
   110      1  1.0E+00    111 (0.0E+00) 2.3E-03  8.5657614E-01   100         s
   111      1  1.8E-01    112 (0.0E+00) 1.9E-03  8.5657306E-01   100
   112      1  1.0E+00    113 (0.0E+00) 1.4E-03  8.5656891E-01   100
   113      1  1.0E+00    114 (0.0E+00) 1.2E-03  8.5656655E-01   100
   114      1  1.0E+00    115 (0.0E+00) 9.6E-04  8.5656444E-01   100
   115      1  1.0E+00    116 (0.0E+00) 1.9E-03  8.5655924E-01   100           R
   116      1  1.0E+00    117 (0.0E+00) 3.2E-03  8.5655784E-01   100         s
   117      1  1.7E-01    118 (0.0E+00) 7.4E-04  8.5655652E-01   100
   118      1  1.0E+00    119 (0.0E+00) 8.9E-04  8.5655500E-01   100
   119      1  1.0E+00    120 (0.0E+00) 8.9E-04  8.5655318E-01   100

 Major Minors     Step   nCon Feasible  Optimal  MeritFunction    nS Penalty
   120      1  1.0E+00    121 (0.0E+00) 8.4E-04  8.5655275E-01   100
   121      1  1.0E+00    122 (0.0E+00) 7.8E-04  8.5654935E-01   100           R
   122      1  1.0E+00    123 (0.0E+00) 1.8E-03  8.5654843E-01   100         s
   123      1  1.0E-01    124 (0.0E+00) 8.1E-04  8.5654779E-01   100
   124      1  1.0E+00    125 (0.0E+00) 9.8E-04  8.5654656E-01   100
   125      1  1.0E+00    126 (0.0E+00) 8.3E-04  8.5654570E-01   100
   126      1  1.0E+00    127 (0.0E+00) 7.1E-04  8.5654508E-01   100
   127      1  1.0E+00    128 (0.0E+00) 1.2E-03  8.5654311E-01   100           R
   128      1  1.0E+00    129 (0.0E+00) 1.1E-03  8.5654223E-01   100         s
   129      1  6.9E-02    130 (0.0E+00) 1.0E-03  8.5654204E-01   100

 Major Minors     Step   nCon Feasible  Optimal  MeritFunction    nS Penalty
   130      1  1.0E+00    131 (0.0E+00) 9.2E-04  8.5654122E-01   100
   131      1  1.0E+00    132 (0.0E+00) 5.1E-04  8.5654046E-01   100
   132      1  1.0E+00    133 (0.0E+00) 7.3E-04  8.5653991E-01   100
   133      1  1.0E+00    134 (0.0E+00) 8.2E-04  8.5653860E-01   100           R
   134      1  7.2E-02    135 (0.0E+00) 7.2E-04  8.5653856E-01   100         s
   135      1  1.0E+00    136 (0.0E+00) 7.2E-04  8.5653853E-01   100
   136      1  1.0E+00    137 (0.0E+00) 7.2E-04  8.5653812E-01   100
   137      1  1.0E+00    138 (0.0E+00) 6.9E-04  8.5653807E-01   100
   138      1  1.0E+00    139 (0.0E+00) 4.8E-04  8.5653758E-01   100
   139      1  1.0E+00    140 (0.0E+00) 6.9E-04  8.5653742E-01   100           R

 Major Minors     Step   nCon Feasible  Optimal  MeritFunction    nS Penalty
   140      1  1.0E+00    141 (0.0E+00) 6.2E-04  8.5653737E-01   100         s
   141      1  6.7E-02    142 (0.0E+00) 1.6E-03  8.5653697E-01   100
   142      1  1.0E+00    143 (0.0E+00) 6.2E-04  8.5653641E-01   100
   143      1  1.0E+00    144 (0.0E+00) 1.3E-03  8.5653593E-01   100
   144      1  1.0E+00    145 (0.0E+00) 8.2E-04  8.5653537E-01   100
   145      1  1.0E+00    146 (0.0E+00) 1.5E-03  8.5653251E-01   100           R
   146      1  6.1E-02    147 (0.0E+00) 4.3E-04  8.5653229E-01   100         s
   147      1  1.0E+00    148 (0.0E+00) 3.9E-04  8.5653222E-01   100
   148      1  1.0E+00    149 (0.0E+00) 5.6E-04  8.5653199E-01   100
   149      1  1.0E+00    150 (0.0E+00) 5.6E-04  8.5653197E-01   100

 Major Minors     Step   nCon Feasible  Optimal  MeritFunction    nS Penalty
   150      1  1.0E+00    151 (0.0E+00) 3.3E-04  8.5653177E-01   100
   151      1  1.0E+00    152 (0.0E+00) 3.8E-04  8.5653174E-01   100           R
   152      1  1.0E+00    153 (0.0E+00) 4.0E-04  8.5653173E-01   100         s
   153      1  1.2E-01    154 (0.0E+00) 7.3E-04  8.5653166E-01   100
   154      1  1.0E+00    155 (0.0E+00) 3.2E-04  8.5653142E-01   100
   155      1  1.0E+00    156 (0.0E+00) 3.7E-04  8.5653121E-01   100
   156      1  1.0E+00    157 (0.0E+00) 6.3E-04  8.5653000E-01   100
   157      1  1.0E+00    158 (0.0E+00) 8.7E-04  8.5652871E-01   100           R
   158      1  9.3E-02    159 (0.0E+00) 5.0E-04  8.5652853E-01   100         s
   159      1  1.0E+00    160 (0.0E+00) 5.1E-04  8.5652843E-01   100

 Major Minors     Step   nCon Feasible  Optimal  MeritFunction    nS Penalty
   160      1  1.0E+00    161 (0.0E+00) 4.9E-04  8.5652787E-01   100
   161      1  1.0E+00    162 (0.0E+00) 4.5E-04  8.5652784E-01   100
   162      1  1.0E+00    163 (0.0E+00) 2.3E-04  8.5652768E-01   100
   163      1  1.0E+00    164 (0.0E+00) 2.6E-04  8.5652767E-01   100           R
   163      2  1.0E+00    164 (0.0E+00) 2.6E-04  8.5652767E-01   100           R   c
   164      1  1.0E+00    165 (0.0E+00) 2.5E-04  8.5652767E-01   100         s
   165      1  3.4E-02    166 (0.0E+00) 5.4E-04  8.5652765E-01   100
   166      1  4.1E-01    167 (0.0E+00) 1.9E-04  8.5652750E-01   100
   167      1  1.0E+00    168 (0.0E+00) 8.2E-04  8.5652744E-01   100
   168      1  3.6E-01    169 (0.0E+00) 5.6E-04  8.5652734E-01   100
   169      1  1.0E+00    170 (0.0E+00) 1.9E-04  8.5652715E-01   100           R

 Major Minors     Step   nCon Feasible  Optimal  MeritFunction    nS Penalty
   170      1  2.1E-01    171 (0.0E+00) 2.3E-04  8.5652714E-01   100         s
   171      1  3.3E-01    172 (0.0E+00) 3.1E-04  8.5652713E-01   100
   172      1  1.0E+00    173 (0.0E+00) 2.9E-04  8.5652712E-01   100
   173      1  1.0E+00    174 (0.0E+00) 1.9E-04  8.5652701E-01   100
   174      1  1.0E+00    175 (0.0E+00) 1.9E-04  8.5652700E-01   100
   175      1  1.0E+00    176 (0.0E+00) 1.8E-04  8.5652697E-01   100           R
   176      1  1.0E+00    177 (0.0E+00) 1.7E-04  8.5652696E-01   100         s
   177      1  2.6E-01    178 (0.0E+00) 3.9E-04  8.5652695E-01   100
   178      1  2.3E-01    179 (0.0E+00) 2.6E-04  8.5652688E-01   100
   179      1  1.0E+00    180 (0.0E+00) 1.3E-04  8.5652686E-01   100

 Major Minors     Step   nCon Feasible  Optimal  MeritFunction    nS Penalty
   180      1  1.0E+00    181 (0.0E+00) 1.3E-04  8.5652682E-01   100
   181      1  1.0E+00    182 (0.0E+00) 1.3E-04  8.5652678E-01   100           R
   182      1  1.0E+00    183 (0.0E+00) 3.2E-04  8.5652677E-01   100         s
   183      1  1.5E-01    184 (0.0E+00) 1.2E-04  8.5652676E-01   100
   184      1  1.0E+00    185 (0.0E+00) 1.4E-04  8.5652674E-01   100
   185      1  1.0E+00    186 (0.0E+00) 1.2E-04  8.5652672E-01   100
   186      1  1.0E+00    187 (0.0E+00) 1.1E-04  8.5652669E-01   100
   187      1  1.0E+00    188 (0.0E+00) 1.2E-04  8.5652667E-01   100           R
   188      1  1.0E+00    189 (0.0E+00) 9.7E-05  8.5652666E-01   100         s
   189      1  1.2E-01    190 (0.0E+00) 2.4E-04  8.5652666E-01   100

 Major Minors     Step   nCon Feasible  Optimal  MeritFunction    nS Penalty
   190      1  1.0E+00    191 (0.0E+00) 3.3E-04  8.5652665E-01   100
   191      1  1.0E+00    192 (0.0E+00) 1.3E-04  8.5652661E-01   100
   192      1  4.6E-01    193 (0.0E+00) 9.9E-05  8.5652660E-01   100
   193      1  1.0E+00    194 (0.0E+00) 9.4E-05  8.5652658E-01   100           R
   194      1  1.6E-01    195 (0.0E+00) 1.6E-04  8.5652658E-01   100         s
   195      1  1.0E+00    196 (0.0E+00) 1.3E-04  8.5652658E-01   100
   196      1  1.0E+00    197 (0.0E+00) 1.3E-04  8.5652657E-01   100
   197      1  1.0E+00    198 (0.0E+00) 1.7E-04  8.5652656E-01   100
   198      1  1.0E+00    199 (0.0E+00) 2.0E-04  8.5652655E-01   100
   199      1  1.0E+00    200 (0.0E+00) 1.8E-04  8.5652653E-01   100           R

 Major Minors     Step   nCon Feasible  Optimal  MeritFunction    nS Penalty
   200      1  1.0E+00    201 (0.0E+00) 8.7E-05  8.5652653E-01   100         s
   201      1  1.0E+00    202 (0.0E+00) 8.1E-05  8.5652652E-01   100
   202      1  1.0E+00    203 (0.0E+00) 8.9E-05  8.5652651E-01   100
   203      1  1.0E+00    204 (0.0E+00) 8.7E-05  8.5652650E-01   100
   204      1  1.0E+00    205 (0.0E+00) 7.5E-05  8.5652650E-01   100
   205      1  1.0E+00    206 (0.0E+00) 9.2E-05  8.5652649E-01   100           R
   206      1  1.0E+00    207 (0.0E+00) 1.1E-04  8.5652648E-01   100         s
   207      1  2.0E-01    208 (0.0E+00) 1.2E-04  8.5652648E-01   100
   208      1  1.0E+00    209 (0.0E+00) 9.2E-05  8.5652647E-01   100
   209      1  1.0E+00    210 (0.0E+00) 1.1E-04  8.5652647E-01   100

 Major Minors     Step   nCon Feasible  Optimal  MeritFunction    nS Penalty
   210      1  1.0E+00    211 (0.0E+00) 1.1E-04  8.5652645E-01   100
   211      1  1.0E+00    212 (0.0E+00) 9.6E-05  8.5652642E-01   100           R
   212      1  2.3E-01    213 (0.0E+00) 1.7E-04  8.5652642E-01   100         s
   213      1  1.0E+00    214 (0.0E+00) 1.5E-04  8.5652641E-01   100
   214      1  1.0E+00    215 (0.0E+00) 6.3E-05  8.5652640E-01   100
   215      1  1.0E+00    216 (0.0E+00) 7.0E-05  8.5652640E-01   100
   216      1  1.0E+00    217 (0.0E+00) 8.4E-05  8.5652639E-01   100
   217      1  1.0E+00    218 (0.0E+00) 7.8E-05  8.5652639E-01   100           R
   218      1  1.0E+00    219 (0.0E+00) 6.9E-05  8.5652639E-01   100         s
   219      1  1.7E-01    220 (0.0E+00) 1.5E-04  8.5652639E-01   100

 Major Minors     Step   nCon Feasible  Optimal  MeritFunction    nS Penalty
   220      1  5.0E-01    221 (0.0E+00) 7.9E-05  8.5652638E-01   100
   221      1  1.0E+00    222 (0.0E+00) 1.2E-04  8.5652638E-01   100
   222      1  1.0E+00    223 (0.0E+00) 1.3E-04  8.5652636E-01   100
   223      1  1.0E+00    224 (0.0E+00) 1.3E-04  8.5652631E-01   100           R
   224      1  2.7E-01    225 (0.0E+00) 1.5E-04  8.5652631E-01   100         s
   225      1  1.0E+00    226 (0.0E+00) 8.4E-05  8.5652630E-01   100
   226      1  1.0E+00    227 (0.0E+00) 5.5E-05  8.5652630E-01   100
   227      1  1.0E+00    228 (0.0E+00) 7.6E-05  8.5652629E-01   100
   228      1  1.0E+00    229 (0.0E+00) 9.0E-05  8.5652629E-01   100
   229      1  1.0E+00    230 (0.0E+00) 6.5E-05  8.5652628E-01   100           R

 Major Minors     Step   nCon Feasible  Optimal  MeritFunction    nS Penalty
   230      1  4.3E-01    231 (0.0E+00) 6.0E-05  8.5652628E-01   100         s
   231      1  1.0E+00    232 (0.0E+00) 5.1E-05  8.5652628E-01   100
   232      1  1.0E+00    233 (0.0E+00) 5.3E-05  8.5652628E-01   100
   233      1  1.0E+00    234 (0.0E+00) 5.8E-05  8.5652628E-01   100
   234      1  1.0E+00    235 (0.0E+00) 6.2E-05  8.5652628E-01   100
   235      1  1.0E+00    236 (0.0E+00) 4.9E-05  8.5652628E-01   100           R
   235      2  1.0E+00    236 (0.0E+00) 5.3E-05  8.5652628E-01   100           R   c
   236      1  1.0E+00    237 (0.0E+00) 4.0E-05  8.5652628E-01   100         s
   237      1  3.4E-01    238 (0.0E+00) 6.8E-05  8.5652628E-01   100
   238      1  1.0E+00    239 (0.0E+00) 4.6E-05  8.5652627E-01   100
   239      1  1.0E+00    240 (0.0E+00) 6.4E-05  8.5652627E-01   100

 Major Minors     Step   nCon Feasible  Optimal  MeritFunction    nS Penalty
   240      1  1.0E+00    241 (0.0E+00) 1.4E-04  8.5652626E-01   100
   241      1  1.0E+00    242 (0.0E+00) 1.6E-04  8.5652625E-01   100           R
   242      1  1.6E-01    243 (0.0E+00) 3.1E-05  8.5652625E-01   100         s
   243      1  1.0E+00    244 (0.0E+00) 3.2E-05  8.5652625E-01   100
   244      1  1.0E+00    245 (0.0E+00) 4.5E-05  8.5652624E-01   100
   245      1  1.0E+00    246 (0.0E+00) 4.2E-05  8.5652624E-01   100
   246      1  1.0E+00    247 (0.0E+00) 2.8E-05  8.5652624E-01   100
   246      2  1.0E+00    247 (0.0E+00) 2.6E-05  8.5652624E-01   100               c
   247      1  1.0E+00    248 (0.0E+00) 2.8E-05  8.5652624E-01   100           R
   247      1  1.0E+00    248 (0.0E+00) 2.8E-05  8.5652624E-01   100           R   c
   248      1  1.0E+00    249 (0.0E+00) 2.7E-05  8.5652624E-01   100         s
   249      1  1.0E+00    250 (0.0E+00) 3.4E-05  8.5652624E-01   100

 Major Minors     Step   nCon Feasible  Optimal  MeritFunction    nS Penalty
   250      1  4.6E-01    251 (0.0E+00) 5.8E-05  8.5652624E-01   100
   251      1  1.0E+00    252 (0.0E+00) 2.6E-05  8.5652623E-01   100
   252      1  1.0E+00    253 (0.0E+00) 2.7E-05  8.5652623E-01   100
   253      1  1.0E+00    254 (0.0E+00) 3.0E-05  8.5652622E-01   100           R
   254      1  4.7E-01    255 (0.0E+00) 5.5E-05  8.5652622E-01   100         s
   255      1  1.0E+00    256 (0.0E+00) 8.9E-05  8.5652622E-01   100
   256      1  1.0E+00    257 (0.0E+00) 4.0E-05  8.5652622E-01   100
   257      1  1.0E+00    258 (0.0E+00) 3.6E-05  8.5652622E-01   100
   258      1  1.0E+00    259 (0.0E+00) 4.1E-05  8.5652622E-01   100
   259      1  1.0E+00    260 (0.0E+00) 2.8E-05  8.5652622E-01   100           R

 Major Minors     Step   nCon Feasible  Optimal  MeritFunction    nS Penalty
   260      1  1.0E+00    261 (0.0E+00) 4.5E-05  8.5652622E-01   100         s
   261      1  1.0E+00    262 (0.0E+00) 2.8E-05  8.5652622E-01   100
   262      1  1.0E+00    263 (0.0E+00) 2.1E-05  8.5652622E-01   100
   263      1  1.0E+00    264 (0.0E+00) 2.8E-05  8.5652622E-01   100
   264      1  1.0E+00    265 (0.0E+00) 2.8E-05  8.5652622E-01   100
   265      1  1.0E+00    266 (0.0E+00) 2.8E-05  8.5652621E-01   100           R
   266      1  1.0E+00    267 (0.0E+00) 2.7E-05  8.5652621E-01   100         s
   267      1  4.3E-01    268 (0.0E+00) 5.6E-05  8.5652621E-01   100
   268      1  2.5E-01    269 (0.0E+00) 2.0E-05  8.5652621E-01   100
   269      1  1.0E+00    270 (0.0E+00) 1.8E-05  8.5652621E-01   100

 Major Minors     Step   nCon Feasible  Optimal  MeritFunction    nS Penalty
   270      1  1.0E+00    271 (0.0E+00) 2.5E-05  8.5652621E-01   100
   271      1  1.0E+00    272 (0.0E+00) 3.5E-05  8.5652621E-01   100           R
   272      1  1.0E+00    273 (0.0E+00) 2.0E-05  8.5652621E-01   100         s
   273      1  2.9E-01    274 (0.0E+00) 4.4E-05  8.5652621E-01   100
   274      1  2.3E-01    275 (0.0E+00) 2.0E-05  8.5652621E-01   100
   275      1  1.0E+00    276 (0.0E+00) 1.8E-05  8.5652621E-01   100
   276      1  1.0E+00    277 (0.0E+00) 2.1E-05  8.5652621E-01   100
   277      1  1.0E+00    278 (0.0E+00) 2.2E-05  8.5652621E-01   100           R
   278      1  1.0E+00    279 (0.0E+00) 1.8E-05  8.5652620E-01   100         s
   279      1  1.0E+00    280 (0.0E+00) 7.6E-05  8.5652620E-01   100

 Major Minors     Step   nCon Feasible  Optimal  MeritFunction    nS Penalty
   280      1  2.2E-01    281 (0.0E+00) 3.4E-05  8.5652620E-01   100
   281      1  1.0E+00    282 (0.0E+00) 1.9E-05  8.5652620E-01   100
   282      1  1.0E+00    283 (0.0E+00) 2.3E-05  8.5652620E-01   100
   283      1  1.0E+00    284 (0.0E+00) 2.6E-05  8.5652620E-01   100           R
   284      1  1.5E-01    285 (0.0E+00) 3.4E-05  8.5652620E-01   100         s
   284      2  1.0E+00    285 (0.0E+00) 3.5E-05  8.5652620E-01   100         s     c
   285      1  1.0E+00    286 (0.0E+00) 3.1E-05  8.5652620E-01   100
   286      1  1.0E+00    287 (0.0E+00) 2.0E-05  8.5652620E-01   100
   286      2  1.0E+00    287 (0.0E+00) 2.3E-05  8.5652620E-01   100               c
   287      1  1.0E+00    288 (0.0E+00) 2.3E-05  8.5652620E-01   100
   288      1  1.0E+00    289 (0.0E+00) 1.6E-05  8.5652620E-01   100
   288      2  1.0E+00    289 (0.0E+00) 1.9E-05  8.5652620E-01   100               c
   289      1  1.0E+00    290 (0.0E+00) 1.7E-05  8.5652620E-01   100           R
   289      1  1.0E+00    290 (0.0E+00) 1.7E-05  8.5652620E-01   100           R   c

 Major Minors     Step   nCon Feasible  Optimal  MeritFunction    nS Penalty
   290      1  1.0E+00    291 (0.0E+00) 1.8E-05  8.5652620E-01   100         s
   291      1  3.3E-01    292 (0.0E+00) 3.5E-05  8.5652620E-01   100
   292      1  3.5E-01    293 (0.0E+00) 2.1E-05  8.5652620E-01   100
   293      1  1.0E+00    294 (0.0E+00) 1.6E-05  8.5652620E-01   100
   294      1  1.0E+00    295 (0.0E+00) 2.2E-05  8.5652620E-01   100
   295      1  1.0E+00    296 (0.0E+00) 3.5E-05  8.5652619E-01   100           R
   296      1  1.0E+00    297 (0.0E+00) 7.5E-05  8.5652619E-01   100         s
   297      1  1.0E+00    298 (0.0E+00) 6.0E-05  8.5652619E-01   100
   298      1  2.9E-01    299 (0.0E+00) 2.3E-05  8.5652619E-01   100
   299      1  1.0E+00    300 (0.0E+00) 1.3E-05  8.5652619E-01   100

 Major Minors     Step   nCon Feasible  Optimal  MeritFunction    nS Penalty
   300      1  1.0E+00    301 (0.0E+00) 1.9E-05  8.5652619E-01   100
   301      1  1.0E+00    302 (0.0E+00) 2.2E-05  8.5652619E-01   100           R
   301      2             302 (0.0E+00) 2.0E-05  8.5652619E-01   100           R   c
   302      1  3.0E-01    303 (0.0E+00) 1.2E-05  8.5652619E-01   100         s
   302      1  1.0E+00    303 (0.0E+00) 1.2E-05  8.5652619E-01   100         s     c
   303      1  1.0E+00    304 (0.0E+00) 1.2E-05  8.5652619E-01   100
   304      1  1.0E+00    305 (0.0E+00) 1.0E-05  8.5652619E-01   100
   304      2  1.0E+00    305 (0.0E+00) 1.2E-05  8.5652619E-01   100               c
   305      1  1.0E+00    306 (0.0E+00) 1.1E-05  8.5652619E-01   100
   306      1  1.0E+00    307 (0.0E+00) 1.2E-05  8.5652619E-01   100
   307      1  1.0E+00    308 (0.0E+00) 1.3E-05  8.5652619E-01   100           R
   307      2  1.0E+00    308 (0.0E+00) 1.4E-05  8.5652619E-01   100           R   c
   308      1  1.0E+00    309 (0.0E+00) 1.1E-05  8.5652619E-01   100         s
   309      1  3.9E-01    310 (0.0E+00) 2.7E-05  8.5652619E-01   100

 Major Minors     Step   nCon Feasible  Optimal  MeritFunction    nS Penalty
   310      1  1.0E+00    311 (0.0E+00) 1.5E-05  8.5652619E-01   100

 Major Minors     Step   nCon Feasible  Optimal  MeritFunction    nS Penalty
   310      2  1.0E+00    311 (0.0E+00) 1.3E-05  8.5652619E-01   100               c
   311      1  1.0E+00    312 (0.0E+00) 1.3E-05  8.5652619E-01   100
   312      1  1.0E+00    313 (0.0E+00) 1.3E-05  8.5652619E-01   100
   313      1  1.0E+00    314 (0.0E+00) 1.1E-05  8.5652619E-01   100           R
   314      1  1.0E+00    315 (0.0E+00) 2.0E-05  8.5652619E-01   100         s
   315      1  1.9E-01    316 (0.0E+00) 2.3E-05  8.5652619E-01   100
   316      1  1.0E+00    317 (0.0E+00) 1.2E-05  8.5652619E-01   100
   317      1  1.0E+00    318 (0.0E+00) 9.2E-06  8.5652619E-01   100
   318      1  1.0E+00    319 (0.0E+00) 1.3E-05  8.5652619E-01   100
   319      1  1.0E+00    320 (0.0E+00) 1.7E-05  8.5652619E-01   100           R

 Major Minors     Step   nCon Feasible  Optimal  MeritFunction    nS Penalty
   320      1  1.0E+00    321 (0.0E+00) 4.0E-05  8.5652619E-01   100         s
   321      1  1.0E+00    322 (0.0E+00) 2.4E-05  8.5652619E-01   100
   322      1  1.0E+00    323 (0.0E+00) 1.1E-05  8.5652619E-01   100
   322      2  1.0E+00    323 (0.0E+00) 1.4E-05  8.5652619E-01   100               c
   323      1  1.0E+00    324 (0.0E+00) 1.1E-05  8.5652619E-01   100
   323      1  1.0E+00    324 (0.0E+00) 1.1E-05  8.5652619E-01   100               c
   324      1  1.0E+00    325 (0.0E+00) 1.2E-05  8.5652619E-01   100
   325      1  1.0E+00    326 (0.0E+00) 1.3E-05  8.5652619E-01   100           R
   325      2  1.0E+00    326 (0.0E+00) 1.1E-05  8.5652619E-01   100           R   c
   326      1  1.0E+00    327 (0.0E+00) 1.9E-05  8.5652619E-01   100         s
   327      1  1.0E+00    328 (0.0E+00) 1.1E-05  8.5652619E-01   100
   327      2  1.0E+00    328 (0.0E+00) 1.1E-05  8.5652619E-01   100               c
   328      1  1.0E+00    329 (0.0E+00) 9.5E-06  8.5652619E-01   100               c
   329      1  1.0E+00    330 (0.0E+00) 9.9E-06  8.5652619E-01   100               c

 Major Minors     Step   nCon Feasible  Optimal  MeritFunction    nS Penalty
   330      1  1.0E+00    331 (0.0E+00) 1.0E-05  8.5652619E-01   100
   331      1  1.0E+00    332 (0.0E+00) 1.1E-05  8.5652619E-01   100           R
   332      1  1.0E+00    333 (0.0E+00) 1.2E-05  8.5652619E-01   100         s
   333      1  3.0E-01    334 (0.0E+00) 2.1E-05  8.5652619E-01   100
   334      1  1.0E+00    335 (0.0E+00) 1.8E-05  8.5652619E-01   100
   335      1  1.0E+00    336 (0.0E+00) 8.0E-06  8.5652619E-01   100
   335      2  1.0E+00    336 (0.0E+00) 7.8E-06  8.5652619E-01   100               c
   336      1  1.0E+00    337 (0.0E+00) 1.0E-05  8.5652619E-01   100               c
   337      1  1.0E+00    338 (0.0E+00) 1.4E-05  8.5652619E-01   100           R
   338      1  1.8E-01    339 (0.0E+00) 1.2E-05  8.5652619E-01   100         s
   338      2  1.0E+00    339 (0.0E+00) 9.7E-06  8.5652619E-01   100         s     c
   339      1  1.0E+00    340 (0.0E+00) 9.3E-06  8.5652619E-01   100               c

 Major Minors     Step   nCon Feasible  Optimal  MeritFunction    nS Penalty
   340      1  1.0E+00    341 (0.0E+00) 9.3E-06  8.5652619E-01   100               c
   341      1  1.0E+00    342 (0.0E+00) 1.0E-05  8.5652619E-01   100               c
   342      1  1.0E+00    343 (0.0E+00) 1.2E-05  8.5652619E-01   100
   342      1  1.0E+00    343 (0.0E+00) 1.2E-05  8.5652619E-01   100               c
   343      1  1.0E+00    344 (0.0E+00) 1.1E-05  8.5652619E-01   100           R
   343      1  1.0E+00    344 (0.0E+00) 1.1E-05  8.5652619E-01   100           R   c
   344      1  1.0E+00    345 (0.0E+00) 8.5E-06  8.5652619E-01   100         s     c
   345      1  2.4E-01    346 (0.0E+00) 1.9E-05  8.5652619E-01   100
   346      1  1.0E+00    347 (0.0E+00) 1.2E-05  8.5652619E-01   100
   346      2  1.0E+00    347 (0.0E+00) 1.0E-05  8.5652619E-01   100               c
   347      1  1.0E+00    348 (0.0E+00) 9.2E-06  8.5652619E-01   100               c
   348      1  1.0E+00    349 (0.0E+00) 8.9E-06  8.5652619E-01   100               c
   349      1  1.0E+00    350 (0.0E+00) 1.5E-05  8.5652619E-01   100           R

 Major Minors     Step   nCon Feasible  Optimal  MeritFunction    nS Penalty
   350      1  4.7E-01    351 (0.0E+00) 2.5E-05  8.5652619E-01   100         s
   351      1  1.0E+00    352 (0.0E+00) 2.2E-05  8.5652619E-01   100
   352      1  1.0E+00    353 (0.0E+00) 8.8E-06  8.5652619E-01   100
   352      2  1.0E+00    353 (0.0E+00) 6.5E-06  8.5652619E-01   100               c
   353      1  1.0E+00    354 (0.0E+00) 6.3E-06  8.5652619E-01   100               c
   354      1  1.0E+00    355 (0.0E+00) 6.8E-06  8.5652619E-01   100               c
   355      1  1.0E+00    356 (0.0E+00) 5.6E-06  8.5652619E-01   100           R   c
   356      1  1.0E+00    357 (0.0E+00) 6.7E-06  8.5652619E-01   100         s     c
   357      1  3.1E-01    358 (0.0E+00) 8.6E-06  8.5652619E-01   100               c
   358      1  1.0E+00    359 (0.0E+00) 7.8E-06  8.5652619E-01   100               c
   359      1  1.0E+00    360 (0.0E+00) 1.1E-05  8.5652619E-01   100

 Major Minors     Step   nCon Feasible  Optimal  MeritFunction    nS Penalty
   360      1  1.0E+00    361 (0.0E+00) 2.0E-05  8.5652619E-01   100
   361      1  1.0E+00    362 (0.0E+00) 1.7E-05  8.5652619E-01   100           R
   362      1  2.7E-01    363 (0.0E+00) 1.6E-05  8.5652619E-01   100         s
   362      2  1.0E+00    363 (0.0E+00) 1.3E-05  8.5652619E-01   100         s     c
   363      1  1.0E+00    364 (0.0E+00) 1.0E-05  8.5652619E-01   100               c
   364      1  1.0E+00    365 (0.0E+00) 5.7E-06  8.5652618E-01   100               c
   365      1  1.0E+00    366 (0.0E+00) 5.2E-06  8.5652618E-01   100               c
   366      1  1.0E+00    367 (0.0E+00) 4.6E-06  8.5652618E-01   100               c
   367      1  1.0E+00    368 (0.0E+00) 5.0E-06  8.5652618E-01   100           R   c
   368      1  1.0E+00    369 (0.0E+00) 4.9E-06  8.5652618E-01   100         s     c
   369      1  1.0E+00    370 (0.0E+00) 1.7E-05  8.5652618E-01   100

 Major Minors     Step   nCon Feasible  Optimal  MeritFunction    nS Penalty
   370      1  4.0E-01    371 (0.0E+00) 1.0E-05  8.5652618E-01   100

 Major Minors     Step   nCon Feasible  Optimal  MeritFunction    nS Penalty
   370      2  1.0E+00    371 (0.0E+00) 7.9E-06  8.5652618E-01   100               c
   371      1  1.0E+00    372 (0.0E+00) 5.0E-06  8.5652618E-01   100               c
   372      1  1.0E+00    373 (0.0E+00) 1.1E-05  8.5652618E-01   100
   373      1  1.0E+00    374 (0.0E+00) 1.7E-05  8.5652618E-01   100           R
   374      1  2.0E-01    375 (0.0E+00) 7.1E-06  8.5652618E-01   100         s
   374      2  1.0E+00    375 (0.0E+00) 4.8E-06  8.5652618E-01   100         s     c
   375      1  1.0E+00    376 (0.0E+00) 4.7E-06  8.5652618E-01   100               c
   376      1  1.0E+00    377 (0.0E+00) 4.4E-06  8.5652618E-01   100               c
   377      1  1.0E+00    378 (0.0E+00) 4.2E-06  8.5652618E-01   100               c
   378      1  1.0E+00    379 (0.0E+00) 3.5E-06  8.5652618E-01   100               c
   379      1  1.0E+00    380 (0.0E+00) 3.2E-06  8.5652618E-01   100           R   c

 Major Minors     Step   nCon Feasible  Optimal  MeritFunction    nS Penalty
   380      1  1.0E+00    381 (0.0E+00) 3.8E-06  8.5652618E-01   100         s     c
   381      1  1.9E-01    382 (0.0E+00) 7.2E-06  8.5652618E-01   100               c
   382      1  1.0E+00    383 (0.0E+00) 3.8E-06  8.5652618E-01   100               c
   383      1  1.0E+00    384 (0.0E+00) 6.7E-06  8.5652618E-01   100               c
   384      1  1.0E+00    385 (0.0E+00) 4.0E-06  8.5652618E-01   100               c
   385      1  1.0E+00    386 (0.0E+00) 5.9E-06  8.5652618E-01   100           R   c
   386      1  1.6E-01    387 (0.0E+00) 5.7E-06  8.5652618E-01   100         s     c
   387      1  1.0E+00    388 (0.0E+00) 4.4E-06  8.5652618E-01   100               c
   388      1  1.0E+00    389 (0.0E+00) 3.3E-06  8.5652618E-01   100               c
   389      1  1.0E+00    390 (0.0E+00) 4.1E-06  8.5652618E-01   100               c

 Major Minors     Step   nCon Feasible  Optimal  MeritFunction    nS Penalty
   390      1  1.0E+00    391 (0.0E+00) 5.3E-06  8.5652618E-01   100               c
   391      1  1.0E+00    392 (0.0E+00) 4.9E-06  8.5652618E-01   100           R   c
   392      1  1.0E+00    393 (0.0E+00) 3.2E-06  8.5652618E-01   100         s     c
   393      1  1.0E+00    394 (0.0E+00) 5.8E-06  8.5652618E-01   100               c
   394      1  1.0E+00    395 (0.0E+00) 3.4E-06  8.5652618E-01   100               c
   395      1  1.0E+00    396 (0.0E+00) 3.4E-06  8.5652618E-01   100               c
   396      1  1.0E+00    397 (0.0E+00) 3.6E-06  8.5652618E-01   100               c
   397      1  1.0E+00    398 (0.0E+00) 3.5E-06  8.5652618E-01   100           R   c
   398      1  1.0E+00    399 (0.0E+00) 1.1E-05  8.5652618E-01   100         s
   398      1  1.0E+00    399 (0.0E+00) 1.1E-05  8.5652618E-01   100         s     c
   399      1  1.0E+00    400 (0.0E+00) 2.8E-06  8.5652618E-01   100               c

 Major Minors     Step   nCon Feasible  Optimal  MeritFunction    nS Penalty
   400      1  1.0E+00    401 (0.0E+00) 3.0E-06  8.5652618E-01   100               c
   401      1  1.0E+00    402 (0.0E+00) 3.2E-06  8.5652618E-01   100               c
   402      1  1.0E+00    403 (0.0E+00) 2.7E-06  8.5652618E-01   100               c
   403      1  1.0E+00    404 (0.0E+00) 2.6E-06  8.5652618E-01   100           R   c
   404      1  1.0E+00    405 (0.0E+00) 2.2E-06  8.5652618E-01   100         s     c
   405      1  1.0E+00    406 (0.0E+00) 2.6E-06  8.5652618E-01   100               c
   406      1  1.0E+00    407 (0.0E+00) 5.2E-06  8.5652618E-01   100               c
   407      1  1.0E+00    408 (0.0E+00) 3.7E-06  8.5652618E-01   100               c
   408      1  1.0E+00    409 (0.0E+00) 2.7E-06  8.5652618E-01   100               c
   409      1  1.0E+00    410 (0.0E+00) 6.5E-06  8.5652618E-01   100           R   c

 Major Minors     Step   nCon Feasible  Optimal  MeritFunction    nS Penalty
   410      1  1.7E-01    411 (0.0E+00) 5.1E-06  8.5652618E-01   100         s     c
   411      1  1.0E+00    412 (0.0E+00) 4.3E-06  8.5652618E-01   100               c
   412      1  1.0E+00    413 (0.0E+00)(1.9E-06) 8.5652618E-01   100               c
 
 SNOPTA EXIT   0 -- finished successfully
 SNOPTA INFO   1 -- optimality conditions satisfied

 Problem name
 No. of iterations                 533   Objective value      8.5652618382E-01
 No. of major iterations           412   Linear objective     0.0000000000E+00
 Penalty parameter           0.000E+00   Nonlinear objective  8.5652618382E-01
 No. of calls to funobj         554121   No. of calls to funcon         554121
 Calls with modes 1,2 (known g)    413   Calls with modes 1,2 (known g)    413
 Calls for forward differencing 328656   Calls for forward differencing 328656
 Calls for central differencing 224448   Calls for central differencing 224448
 No. of superbasics                100   No. of basic nonlinears             0
 No. of degenerate steps             0   Percentage                        .00
 Max x       (scaled)      502 1.3E+00   Max pi      (scaled)        1 0.0E+00
 Max x                     502 1.3E+00   Max pi                      1 0.0E+00
 Max Prim inf(scaled)        0 0.0E+00   Max Dual inf(scaled)       11 3.8E-06
 Max Primal infeas           0 0.0E+00   Max Dual infeas            11 3.8E-06
 Nonlinear constraint violn    0.0E+00

 Solution not printed
