
 
 ===>  WARNING - variable      103 has no Jacobian entries.
 ===>  WARNING - variable      104 has no Jacobian entries.
 ===>  WARNING - variable      105 has no Jacobian entries.
 

 Nonlinear constraints       3     Linear constraints       0
 Nonlinear variables       102     Linear variables         3
 Jacobian  variables       102     Objective variables    102
 Total constraints           3     Total variables        105
 

 
 The user has defined       0   out of     408   first  derivatives
 XXX  Some first  derivatives are missing --- derivative level reduced to 0
 

 Major Minors     Step   nCon Feasible  Optimal  MeritFunction    nS Penalty
     0     99               1 (0.0E+00) 5.8E+00  2.0014175E+02    99           r  T
     1      2  1.1E-01      2 (0.0E+00) 5.6E+00  1.2101289E+02   100         n rl
     2      1  1.1E-01      3 (0.0E+00) 4.0E+00  6.1798843E+01   100         s  l
     3      1  1.9E-01      4 (0.0E+00) 9.9E+00  3.8911092E+01   100
     4      1  5.0E-01      5 (0.0E+00) 8.8E-01  3.5486339E+00   100
     5      1  1.0E+00      6 (0.0E+00) 2.9E-01  2.3996528E+00   100
     6      1  1.0E+00      7 (0.0E+00) 2.9E-01  2.1239258E+00   100
     7      1  1.0E+00      8 (0.0E+00) 3.1E-01  1.1726606E+00   100
     8      1  1.0E+00      9 (0.0E+00) 9.1E-02  1.0966717E+00   100
     9      1  1.0E+00     10 (0.0E+00) 1.7E-01  1.0495670E+00   100

 Major Minors     Step   nCon Feasible  Optimal  MeritFunction    nS Penalty
    10      1  1.0E+00     11 (0.0E+00) 1.9E-01  9.9935146E-01   100
    11      1  1.0E+00     12 (0.0E+00) 1.0E-01  8.9341975E-01   100
    12      1  1.0E+00     13 (0.0E+00) 1.1E-01  8.2936334E-01   100           R
    13      1  1.0E+00     14 (0.0E+00) 9.8E-02  8.1587407E-01   100         s
    14      1  6.3E-02     15 (0.0E+00) 6.8E-02  8.1455324E-01   100
    15      1  1.0E+00     16 (0.0E+00) 4.1E-02  8.0065638E-01   100
    16      1  1.0E+00     17 (0.0E+00) 2.7E-02  7.9225989E-01   100
    17      1  1.0E+00     18 (0.0E+00) 2.7E-02  7.7176268E-01   100
    18      1  1.0E+00     19 (0.0E+00) 2.4E-02  7.6544584E-01   100
    19      1  1.0E+00     20 (0.0E+00) 2.1E-02  7.5741999E-01   100

 Major Minors     Step   nCon Feasible  Optimal  MeritFunction    nS Penalty
    20      1  1.0E+00     21 (0.0E+00) 2.0E-02  7.4996616E-01   100
    21      1  1.0E+00     22 (0.0E+00) 1.3E-02  7.4578131E-01   100
    22      1  1.0E+00     23 (0.0E+00) 1.4E-02  7.4445945E-01   100
    23      1  1.0E+00     24 (0.0E+00) 1.2E-02  7.4378736E-01   100           R
    24      1  1.0E+00     25 (0.0E+00) 4.8E-02  7.4368886E-01   100         s
    25      1  1.0E+00     26 (0.0E+00) 9.2E-03  7.4202601E-01   100
    26      1  1.0E+00     27 (0.0E+00) 8.2E-03  7.4182245E-01   100
    27      1  1.0E+00     28 (0.0E+00) 1.3E-02  7.4150397E-01   100
    28      1  1.0E+00     29 (0.0E+00) 1.6E-02  7.4111607E-01   100
    29      1  1.0E+00     30 (0.0E+00) 1.2E-02  7.4080455E-01   100

 Major Minors     Step   nCon Feasible  Optimal  MeritFunction    nS Penalty
    30      1  1.0E+00     31 (0.0E+00) 6.4E-03  7.4066992E-01   100
    31      1  1.0E+00     32 (0.0E+00) 8.2E-03  7.4060146E-01   100
    32      1  1.0E+00     33 (0.0E+00) 1.1E-02  7.4049958E-01   100
    33      1  1.0E+00     34 (0.0E+00) 1.6E-02  7.4030608E-01   100
    34      1  1.0E+00     35 (0.0E+00) 1.6E-02  7.4003016E-01   100           R
    35      1  2.2E-01     36 (0.0E+00) 8.9E-03  7.4001087E-01   100         s
    36      1  1.0E+00     37 (0.0E+00) 7.4E-03  7.3996153E-01   100
    37      1  1.0E+00     38 (0.0E+00) 4.5E-03  7.3989192E-01   100
    38      1  1.0E+00     39 (0.0E+00) 4.4E-03  7.3988419E-01   100
    39      1  1.0E+00     40 (0.0E+00) 4.0E-03  7.3979382E-01   100

 Major Minors     Step   nCon Feasible  Optimal  MeritFunction    nS Penalty
    40      1  1.0E+00     41 (0.0E+00) 2.9E-03  7.3976018E-01   100
    41      1  1.0E+00     42 (0.0E+00) 3.2E-03  7.3974550E-01   100
    42      1  1.0E+00     43 (0.0E+00) 3.5E-03  7.3974063E-01   100
    43      1  1.0E+00     44 (0.0E+00) 3.3E-03  7.3973259E-01   100
    44      1  1.0E+00     45 (0.0E+00) 3.3E-03  7.3972182E-01   100
    45      1  1.0E+00     46 (0.0E+00) 5.2E-03  7.3970829E-01   100           R
    46      1  1.0E+00     47 (0.0E+00) 7.7E-03  7.3970250E-01   100         s
    47      1  1.0E+00     48 (0.0E+00) 7.5E-03  7.3968576E-01   100
    48      1  1.0E+00     49 (0.0E+00) 2.8E-03  7.3967576E-01   100
    49      1  1.0E+00     50 (0.0E+00) 4.0E-03  7.3966904E-01   100

 Major Minors     Step   nCon Feasible  Optimal  MeritFunction    nS Penalty
    50      1  1.0E+00     51 (0.0E+00) 8.4E-03  7.3964376E-01   100
    51      1  1.0E+00     52 (0.0E+00) 1.0E-02  7.3961567E-01   100
    52      1  1.0E+00     53 (0.0E+00) 7.9E-03  7.3958522E-01   100
    53      1  1.0E+00     54 (0.0E+00) 4.1E-03  7.3956437E-01   100
    54      1  1.0E+00     55 (0.0E+00) 4.5E-03  7.3954544E-01   100
    55      1  1.0E+00     56 (0.0E+00) 7.6E-03  7.3951966E-01   100
    56      1  1.0E+00     57 (0.0E+00) 9.7E-03  7.3947687E-01   100           R
    57      1  3.0E-01     58 (0.0E+00) 6.7E-03  7.3946763E-01   100         s
    58      1  1.0E+00     59 (0.0E+00) 6.2E-03  7.3945734E-01   100
    59      1  1.0E+00     60 (0.0E+00) 2.9E-03  7.3942368E-01   100

 Major Minors     Step   nCon Feasible  Optimal  MeritFunction    nS Penalty
    60      1  1.0E+00     61 (0.0E+00) 2.8E-03  7.3942153E-01   100
    61      1  1.0E+00     62 (0.0E+00) 2.8E-03  7.3938575E-01   100
    62      1  1.0E+00     63 (0.0E+00) 2.8E-03  7.3937779E-01   100
    63      1  1.0E+00     64 (0.0E+00) 2.3E-03  7.3937543E-01   100
    64      1  1.0E+00     65 (0.0E+00) 2.2E-03  7.3937466E-01   100
    65      1  1.0E+00     66 (0.0E+00) 2.1E-03  7.3937270E-01   100
    66      1  1.0E+00     67 (0.0E+00) 1.8E-03  7.3937035E-01   100
    67      1  1.0E+00     68 (0.0E+00) 2.3E-03  7.3936794E-01   100           R
    68      1  1.0E+00     69 (0.0E+00) 1.7E-03  7.3936720E-01   100         s
    69      1  3.7E-01     70 (0.0E+00) 3.7E-03  7.3936181E-01   100

 Major Minors     Step   nCon Feasible  Optimal  MeritFunction    nS Penalty
    70      1  1.0E+00     71 (0.0E+00) 2.2E-03  7.3935850E-01   100
    71      1  1.0E+00     72 (0.0E+00) 4.4E-03  7.3935207E-01   100
    72      1  1.0E+00     73 (0.0E+00) 7.4E-03  7.3933727E-01   100
    73      1  1.0E+00     74 (0.0E+00) 7.8E-03  7.3931957E-01   100
    74      1  1.0E+00     75 (0.0E+00) 5.0E-03  7.3930231E-01   100
    75      1  1.0E+00     76 (0.0E+00) 2.9E-03  7.3928814E-01   100
    76      1  1.0E+00     77 (0.0E+00) 7.4E-03  7.3927124E-01   100
    77      1  1.0E+00     78 (0.0E+00) 1.1E-02  7.3924709E-01   100
    78      1  1.0E+00     79 (0.0E+00) 9.3E-03  7.3922207E-01   100           R
    79      1  1.3E-01     80 (0.0E+00) 1.6E-03  7.3921360E-01   100         s

 Major Minors     Step   nCon Feasible  Optimal  MeritFunction    nS Penalty
    80      1  1.0E+00     81 (0.0E+00) 1.5E-03  7.3921324E-01   100
    81      1  1.0E+00     82 (0.0E+00) 6.6E-04  7.3920984E-01   100
    82      1  1.0E+00     83 (0.0E+00) 6.6E-04  7.3920975E-01   100
    83      1  1.0E+00     84 (0.0E+00) 6.4E-04  7.3920661E-01   100
    84      1  1.0E+00     85 (0.0E+00) 5.9E-04  7.3920609E-01   100
    85      1  1.0E+00     86 (0.0E+00) 7.4E-04  7.3920594E-01   100
    86      1  1.0E+00     87 (0.0E+00) 7.6E-04  7.3920586E-01   100
    87      1  1.0E+00     88 (0.0E+00) 7.1E-04  7.3920566E-01   100
    88      1  1.0E+00     89 (0.0E+00) 5.5E-04  7.3920545E-01   100
    89      1  1.0E+00     90 (0.0E+00) 3.3E-04  7.3920528E-01   100           R

 Major Minors     Step   nCon Feasible  Optimal  MeritFunction    nS Penalty
    90      1  1.0E+00     91 (0.0E+00) 3.5E-04  7.3920524E-01   100         s
    91      1  7.6E-02     92 (0.0E+00) 1.1E-03  7.3920511E-01   100
    92      1  1.0E+00     93 (0.0E+00) 8.3E-04  7.3920417E-01   100
    93      1  1.0E+00     94 (0.0E+00) 5.6E-04  7.3920372E-01   100
    94      1  1.0E+00     95 (0.0E+00) 6.3E-04  7.3920304E-01   100
    95      1  1.0E+00     96 (0.0E+00) 6.3E-04  7.3920249E-01   100
    96      1  1.0E+00     97 (0.0E+00) 7.2E-04  7.3920160E-01   100
    97      1  1.0E+00     98 (0.0E+00) 4.3E-04  7.3920089E-01   100
    98      1  1.0E+00     99 (0.0E+00) 2.7E-04  7.3920044E-01   100
    99      1  1.0E+00    100 (0.0E+00) 2.5E-04  7.3920005E-01   100

 Major Minors     Step   nCon Feasible  Optimal  MeritFunction    nS Penalty
   100      1  1.0E+00    101 (0.0E+00) 3.2E-04  7.3919943E-01   100           R
   101      1  1.5E-01    102 (0.0E+00) 7.5E-04  7.3919938E-01   100         s
   102      1  1.0E+00    103 (0.0E+00) 5.4E-04  7.3919924E-01   100
   103      1  1.0E+00    104 (0.0E+00) 1.8E-04  7.3919908E-01   100
   104      1  1.0E+00    105 (0.0E+00) 2.4E-04  7.3919905E-01   100
   105      1  1.0E+00    106 (0.0E+00) 4.6E-04  7.3919882E-01   100
   106      1  1.0E+00    107 (0.0E+00) 4.1E-04  7.3919873E-01   100
   107      1  1.0E+00    108 (0.0E+00) 2.5E-04  7.3919868E-01   100
   108      1  1.0E+00    109 (0.0E+00) 1.8E-04  7.3919867E-01   100
   109      1  1.0E+00    110 (0.0E+00) 2.6E-04  7.3919864E-01   100

 Major Minors     Step   nCon Feasible  Optimal  MeritFunction    nS Penalty
   110      1  1.0E+00    111 (0.0E+00) 3.5E-04  7.3919859E-01   100
   111      1  1.0E+00    112 (0.0E+00) 4.3E-04  7.3919852E-01   100           R
   112      1  1.0E+00    113 (0.0E+00) 2.2E-04  7.3919850E-01   100         s
   113      1  1.0E+00    114 (0.0E+00) 2.0E-04  7.3919845E-01   100
   114      1  1.0E+00    115 (0.0E+00) 1.6E-04  7.3919843E-01   100
   115      1  1.0E+00    116 (0.0E+00) 1.6E-04  7.3919843E-01   100
   116      1  1.0E+00    117 (0.0E+00) 1.7E-04  7.3919839E-01   100
   117      1  1.0E+00    118 (0.0E+00) 1.8E-04  7.3919835E-01   100
   118      1  1.0E+00    119 (0.0E+00) 1.6E-04  7.3919830E-01   100
   119      1  1.0E+00    120 (0.0E+00) 1.5E-04  7.3919827E-01   100

 Major Minors     Step   nCon Feasible  Optimal  MeritFunction    nS Penalty
   120      1  1.0E+00    121 (0.0E+00) 1.4E-04  7.3919825E-01   100
   121      1  1.0E+00    122 (0.0E+00) 1.6E-04  7.3919822E-01   100
   122      1  1.0E+00    123 (0.0E+00) 2.2E-04  7.3919819E-01   100           R
   123      1  1.0E+00    124 (0.0E+00) 3.7E-04  7.3919818E-01   100         s
   124      1  1.0E+00    125 (0.0E+00) 2.7E-04  7.3919816E-01   100
   125      1  1.0E+00    126 (0.0E+00) 1.4E-04  7.3919813E-01   100
   126      1  1.0E+00    127 (0.0E+00) 1.6E-04  7.3919812E-01   100
   127      1  1.0E+00    128 (0.0E+00) 2.4E-04  7.3919808E-01   100
   128      1  1.0E+00    129 (0.0E+00) 2.0E-04  7.3919807E-01   100
   129      1  1.0E+00    130 (0.0E+00) 1.4E-04  7.3919806E-01   100

 Major Minors     Step   nCon Feasible  Optimal  MeritFunction    nS Penalty
   130      1  1.0E+00    131 (0.0E+00) 1.0E-04  7.3919806E-01   100
   131      1  1.0E+00    132 (0.0E+00) 1.6E-04  7.3919805E-01   100
   132      1  1.0E+00    133 (0.0E+00) 2.4E-04  7.3919803E-01   100
   133      1  1.0E+00    134 (0.0E+00) 3.4E-04  7.3919799E-01   100           R
   134      1  1.0E+00    135 (0.0E+00) 2.3E-04  7.3919799E-01   100         s
   135      1  1.0E+00    136 (0.0E+00) 1.1E-04  7.3919797E-01   100
   136      1  1.0E+00    137 (0.0E+00) 1.3E-04  7.3919795E-01   100
   137      1  1.0E+00    138 (0.0E+00) 9.2E-05  7.3919795E-01   100
   138      1  1.0E+00    139 (0.0E+00) 1.2E-04  7.3919795E-01   100
   139      1  1.0E+00    140 (0.0E+00) 1.8E-04  7.3919794E-01   100

 Major Minors     Step   nCon Feasible  Optimal  MeritFunction    nS Penalty
   140      1  1.0E+00    141 (0.0E+00) 2.7E-04  7.3919794E-01   100
   141      1  1.0E+00    142 (0.0E+00) 3.8E-04  7.3919791E-01   100
   142      1  1.0E+00    143 (0.0E+00) 4.6E-04  7.3919787E-01   100
   143      1  1.0E+00    144 (0.0E+00) 4.1E-04  7.3919782E-01   100
   144      1  1.0E+00    145 (0.0E+00) 2.5E-04  7.3919778E-01   100           R
   145      1  1.0E+00    146 (0.0E+00) 2.1E-04  7.3919777E-01   100         s
   146      1  1.0E+00    147 (0.0E+00) 1.5E-04  7.3919776E-01   100
   147      1  1.0E+00    148 (0.0E+00) 2.4E-04  7.3919772E-01   100
   148      1  1.0E+00    149 (0.0E+00) 2.0E-04  7.3919772E-01   100
   149      1  1.0E+00    150 (0.0E+00) 1.3E-04  7.3919771E-01   100

 Major Minors     Step   nCon Feasible  Optimal  MeritFunction    nS Penalty
   150      1  1.0E+00    151 (0.0E+00) 2.0E-04  7.3919770E-01   100
   151      1  1.0E+00    152 (0.0E+00) 2.2E-04  7.3919768E-01   100
   152      1  1.0E+00    153 (0.0E+00) 1.5E-04  7.3919767E-01   100
   153      1  1.0E+00    154 (0.0E+00) 8.4E-05  7.3919767E-01   100
   154      1  1.0E+00    155 (0.0E+00) 5.7E-05  7.3919767E-01   100
   155      1  1.0E+00    156 (0.0E+00) 6.3E-05  7.3919767E-01   100           R
   155      2  1.0E+00    156 (0.0E+00) 6.7E-05  7.3919767E-01   100           R   c
   156      1  1.0E+00    157 (0.0E+00) 7.5E-05  7.3919767E-01   100         s
   156      1  1.0E+00    157 (0.0E+00) 7.5E-05  7.3919767E-01   100         s     c
   157      1  1.0E+00    158 (0.0E+00) 7.9E-05  7.3919767E-01   100
   158      1  1.0E+00    159 (0.0E+00) 8.2E-05  7.3919766E-01   100
   159      1  1.0E+00    160 (0.0E+00) 8.0E-05  7.3919766E-01   100

 Major Minors     Step   nCon Feasible  Optimal  MeritFunction    nS Penalty
   160      1  1.0E+00    161 (0.0E+00) 1.8E-04  7.3919765E-01   100
   161      1  1.0E+00    162 (0.0E+00) 1.9E-04  7.3919764E-01   100
   162      1  1.0E+00    163 (0.0E+00) 1.3E-04  7.3919763E-01   100
   163      1  1.0E+00    164 (0.0E+00) 6.7E-05  7.3919763E-01   100
   164      1  1.0E+00    165 (0.0E+00) 6.3E-05  7.3919763E-01   100
   165      1  1.0E+00    166 (0.0E+00) 1.0E-04  7.3919763E-01   100
   166      1  1.0E+00    167 (0.0E+00) 1.6E-04  7.3919762E-01   100           R
   167      1  1.0E+00    168 (0.0E+00) 1.4E-04  7.3919762E-01   100         s
   167      2  1.0E+00    168 (0.0E+00) 1.5E-04  7.3919762E-01   100         s     c
   168      1  1.0E+00    169 (0.0E+00) 7.7E-05  7.3919761E-01   100
   169      1  1.0E+00    170 (0.0E+00) 6.3E-05  7.3919761E-01   100

 Major Minors     Step   nCon Feasible  Optimal  MeritFunction    nS Penalty
   170      1  1.0E+00    171 (0.0E+00) 8.4E-05  7.3919761E-01   100
   171      1  1.0E+00    172 (0.0E+00) 6.8E-05  7.3919761E-01   100
   172      1  1.0E+00    173 (0.0E+00) 5.1E-05  7.3919761E-01   100
   173      1  1.0E+00    174 (0.0E+00) 8.4E-05  7.3919761E-01   100
   174      1  1.0E+00    175 (0.0E+00) 1.2E-04  7.3919760E-01   100
   175      1  1.0E+00    176 (0.0E+00) 1.5E-04  7.3919760E-01   100
   176      1  1.0E+00    177 (0.0E+00) 1.3E-04  7.3919760E-01   100
   177      1  1.0E+00    178 (0.0E+00) 7.4E-05  7.3919759E-01   100           R
   177      2  1.0E+00    178 (0.0E+00) 7.8E-05  7.3919759E-01   100           R   c
   178      1  1.0E+00    179 (0.0E+00) 6.5E-05  7.3919759E-01   100         s
   178      1  1.0E+00    179 (0.0E+00) 6.5E-05  7.3919759E-01   100         s     c
   179      1  1.0E+00    180 (0.0E+00) 5.8E-05  7.3919759E-01   100

 Major Minors     Step   nCon Feasible  Optimal  MeritFunction    nS Penalty
   180      1  1.0E+00    181 (0.0E+00) 7.4E-05  7.3919759E-01   100
   181      1  1.0E+00    182 (0.0E+00) 7.3E-05  7.3919759E-01   100
   182      1  1.0E+00    183 (0.0E+00) 5.3E-05  7.3919759E-01   100
   183      1  1.0E+00    184 (0.0E+00) 3.5E-05  7.3919759E-01   100
   184      1  1.0E+00    185 (0.0E+00) 6.5E-05  7.3919759E-01   100
   185      1  1.0E+00    186 (0.0E+00) 8.1E-05  7.3919759E-01   100
   186      1  1.0E+00    187 (0.0E+00) 6.7E-05  7.3919758E-01   100
   187      1  1.0E+00    188 (0.0E+00) 4.4E-05  7.3919758E-01   100
   188      1  1.0E+00    189 (0.0E+00) 4.7E-05  7.3919758E-01   100           R
   188      2  1.0E+00    189 (0.0E+00) 4.5E-05  7.3919758E-01   100           R   c
   189      1  1.0E+00    190 (0.0E+00) 4.0E-05  7.3919758E-01   100         s

 Major Minors     Step   nCon Feasible  Optimal  MeritFunction    nS Penalty
   190      1  1.0E+00    191 (0.0E+00) 5.9E-05  7.3919758E-01   100
   191      1  1.0E+00    192 (0.0E+00) 4.7E-05  7.3919758E-01   100
   192      1  1.0E+00    193 (0.0E+00) 4.6E-05  7.3919758E-01   100
   193      1  1.0E+00    194 (0.0E+00) 6.8E-05  7.3919758E-01   100
   194      1  1.0E+00    195 (0.0E+00) 5.9E-05  7.3919758E-01   100
   195      1  1.0E+00    196 (0.0E+00) 3.6E-05  7.3919757E-01   100
   196      1  1.0E+00    197 (0.0E+00) 4.4E-05  7.3919757E-01   100
   197      1  1.0E+00    198 (0.0E+00) 7.4E-05  7.3919757E-01   100
   198      1  1.0E+00    199 (0.0E+00) 1.1E-04  7.3919757E-01   100
   199      1  1.0E+00    200 (0.0E+00) 1.6E-04  7.3919756E-01   100           R

 Major Minors     Step   nCon Feasible  Optimal  MeritFunction    nS Penalty
   200      1  4.6E-01    201 (0.0E+00) 4.6E-05  7.3919756E-01   100         s

 Major Minors     Step   nCon Feasible  Optimal  MeritFunction    nS Penalty
   200      2  1.0E+00    201 (0.0E+00) 4.9E-05  7.3919756E-01   100         s     c
   201      1  1.0E+00    202 (0.0E+00) 4.6E-05  7.3919756E-01   100
   202      1  1.0E+00    203 (0.0E+00) 2.2E-05  7.3919756E-01   100
   202      2  1.0E+00    203 (0.0E+00) 2.6E-05  7.3919756E-01   100               c
   203      1  1.0E+00    204 (0.0E+00) 2.6E-05  7.3919756E-01   100
   204      1  1.0E+00    205 (0.0E+00) 3.1E-05  7.3919756E-01   100
   205      1  1.0E+00    206 (0.0E+00) 2.8E-05  7.3919755E-01   100
   206      1  1.0E+00    207 (0.0E+00) 2.5E-05  7.3919755E-01   100
   206      2  1.0E+00    207 (0.0E+00) 2.2E-05  7.3919755E-01   100               c
   207      1  1.0E+00    208 (0.0E+00) 2.1E-05  7.3919755E-01   100
   208      1  1.0E+00    209 (0.0E+00) 2.7E-05  7.3919755E-01   100
   209      1  1.0E+00    210 (0.0E+00) 3.0E-05  7.3919755E-01   100

 Major Minors     Step   nCon Feasible  Optimal  MeritFunction    nS Penalty
   210      1  1.0E+00    211 (0.0E+00) 4.2E-05  7.3919755E-01   100           R

 Major Minors     Step   nCon Feasible  Optimal  MeritFunction    nS Penalty
   210      2  1.0E+00    211 (0.0E+00) 3.8E-05  7.3919755E-01   100           R   c
   211      1  1.0E+00    212 (0.0E+00) 4.9E-05  7.3919755E-01   100         s
   212      1  3.3E-01    213 (0.0E+00) 8.2E-05  7.3919755E-01   100
   213      1  1.0E+00    214 (0.0E+00) 2.2E-05  7.3919755E-01   100
   214      1  1.0E+00    215 (0.0E+00) 3.1E-05  7.3919755E-01   100
   215      1  1.0E+00    216 (0.0E+00) 4.0E-05  7.3919754E-01   100
   216      1  1.0E+00    217 (0.0E+00) 3.0E-05  7.3919754E-01   100
   217      1  1.0E+00    218 (0.0E+00) 2.4E-05  7.3919754E-01   100
   218      1  1.0E+00    219 (0.0E+00) 4.3E-05  7.3919754E-01   100
   219      1  1.0E+00    220 (0.0E+00) 7.0E-05  7.3919754E-01   100

 Major Minors     Step   nCon Feasible  Optimal  MeritFunction    nS Penalty
   220      1  1.0E+00    221 (0.0E+00) 9.1E-05  7.3919754E-01   100
   221      1  1.0E+00    222 (0.0E+00) 8.6E-05  7.3919753E-01   100           R
   222      1  1.7E-01    223 (0.0E+00) 1.8E-05  7.3919753E-01   100         s
   222      2  1.0E+00    223 (0.0E+00) 1.7E-05  7.3919753E-01   100         s     c
   223      1  1.0E+00    224 (0.0E+00) 1.5E-05  7.3919753E-01   100
   224      1  1.0E+00    225 (0.0E+00) 2.0E-05  7.3919753E-01   100
   224      2  1.0E+00    225 (0.0E+00) 2.5E-05  7.3919753E-01   100               c
   225      1  1.0E+00    226 (0.0E+00) 2.5E-05  7.3919753E-01   100
   226      1  1.0E+00    227 (0.0E+00) 1.8E-05  7.3919753E-01   100
   226      2  1.0E+00    227 (0.0E+00) 2.3E-05  7.3919753E-01   100               c
   227      1  1.0E+00    228 (0.0E+00) 2.0E-05  7.3919753E-01   100
   227      1  1.0E+00    228 (0.0E+00) 2.0E-05  7.3919753E-01   100               c
   228      1  1.0E+00    229 (0.0E+00) 1.6E-05  7.3919753E-01   100
   228      1  1.0E+00    229 (0.0E+00) 1.6E-05  7.3919753E-01   100               c
   229      1  1.0E+00    230 (0.0E+00) 1.4E-05  7.3919753E-01   100
   229      1  1.0E+00    230 (0.0E+00) 1.4E-05  7.3919753E-01   100               c

 Major Minors     Step   nCon Feasible  Optimal  MeritFunction    nS Penalty
   230      1  1.0E+00    231 (0.0E+00) 8.6E-06  7.3919753E-01   100               c
   231      1  1.0E+00    232 (0.0E+00) 1.1E-05  7.3919753E-01   100
   231      1  1.0E+00    232 (0.0E+00) 1.1E-05  7.3919753E-01   100               c
   232      1  1.0E+00    233 (0.0E+00) 1.1E-05  7.3919753E-01   100           R
   232      1  1.0E+00    233 (0.0E+00) 1.1E-05  7.3919753E-01   100           R   c
   233      1  1.0E+00    234 (0.0E+00) 1.1E-05  7.3919753E-01   100         s
   234      1  2.0E-01    235 (0.0E+00) 2.6E-05  7.3919753E-01   100
   235      1  3.7E-01    236 (0.0E+00) 9.8E-06  7.3919753E-01   100
   235      2  1.0E+00    236 (0.0E+00) 1.5E-05  7.3919753E-01   100               c
   236      1  1.0E+00    237 (0.0E+00) 2.3E-05  7.3919753E-01   100
   237      1  1.0E+00    238 (0.0E+00) 1.7E-05  7.3919753E-01   100
   238      1  1.0E+00    239 (0.0E+00) 1.0E-05  7.3919753E-01   100
   239      1  1.0E+00    240 (0.0E+00) 1.3E-05  7.3919753E-01   100

 Major Minors     Step   nCon Feasible  Optimal  MeritFunction    nS Penalty
   240      1  1.0E+00    241 (0.0E+00) 1.9E-05  7.3919753E-01   100
   241      1  1.0E+00    242 (0.0E+00) 1.7E-05  7.3919753E-01   100
   242      1  1.0E+00    243 (0.0E+00) 1.2E-05  7.3919753E-01   100
   243      1  1.0E+00    244 (0.0E+00) 5.9E-06  7.3919753E-01   100           R
   243      2  1.0E+00    244 (0.0E+00) 3.2E-06  7.3919753E-01   100           R   c
   244      1  1.0E+00    245 (0.0E+00) 3.5E-06  7.3919753E-01   100         s     c
   245      1  1.2E-01    246 (0.0E+00) 1.1E-05  7.3919753E-01   100
   246      1  1.0E+00    247 (0.0E+00) 8.0E-06  7.3919753E-01   100
   246      2  1.0E+00    247 (0.0E+00) 5.6E-06  7.3919753E-01   100               c
   247      1  1.0E+00    248 (0.0E+00) 3.3E-06  7.3919753E-01   100               c
   248      1  1.0E+00    249 (0.0E+00) 3.9E-06  7.3919753E-01   100               c
   249      1  1.0E+00    250 (0.0E+00) 4.3E-06  7.3919753E-01   100               c

 Major Minors     Step   nCon Feasible  Optimal  MeritFunction    nS Penalty
   250      1  1.0E+00    251 (0.0E+00) 3.1E-06  7.3919753E-01   100               c
   251      1  1.0E+00    252 (0.0E+00) 2.5E-06  7.3919753E-01   100               c
   252      1  1.0E+00    253 (0.0E+00) 3.2E-06  7.3919753E-01   100               c
   253      1  1.0E+00    254 (0.0E+00) 3.4E-06  7.3919753E-01   100               c
   254      1  1.0E+00    255 (0.0E+00) 3.1E-06  7.3919753E-01   100           R   c
   255      1  1.0E+00    256 (0.0E+00) 3.6E-06  7.3919753E-01   100         s     c
   256      1  5.2E-02    257 (0.0E+00) 4.8E-06  7.3919753E-01   100               c
   257      1  8.2E-02    258 (0.0E+00) 3.5E-06  7.3919753E-01   100               c
   258      1  1.0E+00    259 (0.0E+00) 2.8E-06  7.3919753E-01   100               c
   259      1  1.0E+00    260 (0.0E+00)(2.0E-06) 7.3919753E-01   100               c
 
 SNOPTA EXIT   0 -- finished successfully
 SNOPTA INFO   1 -- optimality conditions satisfied

 Problem name
 No. of iterations                 373   Objective value      7.3919752663E-01
 No. of major iterations           259   Linear objective     0.0000000000E+00
 Penalty parameter           0.000E+00   Nonlinear objective  7.3919752663E-01
 No. of calls to funobj          35001   No. of calls to funcon          35001
 Calls with modes 1,2 (known g)    260   Calls with modes 1,2 (known g)    260
 Calls for forward differencing  22950   Calls for forward differencing  22950
 Calls for central differencing  11424   Calls for central differencing  11424
 No. of superbasics                100   No. of basic nonlinears             0
 No. of degenerate steps             0   Percentage                        .00
 Max x       (scaled)       52 1.4E+00   Max pi      (scaled)        1 0.0E+00
 Max x                      52 1.4E+00   Max pi                      1 0.0E+00
 Max Prim inf(scaled)        0 0.0E+00   Max Dual inf(scaled)        2 3.9E-06
 Max Primal infeas           0 0.0E+00   Max Dual infeas             2 3.9E-06
 Nonlinear constraint violn    0.0E+00

 Solution not printed
