 

 Nonlinear constraints      15     Linear constraints       0
 Nonlinear variables        56     Linear variables         0
 Jacobian  variables        56     Objective variables     56
 Total constraints          15     Total variables         56
 

 
 The user has defined       0   out of     896   first  derivatives
 XXX  Some first  derivatives are missing --- derivative level reduced to 0
 

 Major Minors     Step   nCon Feasible  Optimal  MeritFunction    nS Penalty
     0     31               1  3.4E-01  1.0E+00  3.6543616E+04    26           r i
     1     14  2.0E-01      2  2.4E-01  9.1E-01  3.2162057E+04    39         n rli
     2      3  2.3E-01      4  1.6E-01  4.9E+00  2.7327925E+04    37         sM l
     3      1  8.4E-01      5  3.0E-02  1.1E+00  3.9031268E+03    37            l
     4      1  1.0E+00      6  4.9E-03  1.2E+00  1.2687562E+02    37
     5      1  1.0E+00      8  1.3E-04  5.6E-01  9.3758836E+00    37         n
     6      1  1.0E+00      9 (6.8E-08) 1.0E+00  9.4705007E+00    37 3.0E+04
     7      1  1.0E+00     10  1.1E-05  9.3E-01  9.2189201E+00    37 2.3E+02
     8      1  1.0E+00     11  1.8E-03  4.9E-01  7.0241253E+00    37 3.0E+01
     9      1  1.0E+00     12  2.3E-05  7.0E-01  6.7933384E+00    37 1.1E+03

 Major Minors     Step   nCon Feasible  Optimal  MeritFunction    nS Penalty
    10      1  1.0E+00     13  3.5E-04  5.4E-01  6.1395840E+00    37 7.1E+01
    11      1  1.0E+00     14  6.5E-04  4.1E-01  5.8761094E+00    37 3.2E+01
    12      1  1.0E+00     15  4.7E-06  3.8E-01  5.8642772E+00    37 3.2E+01
    13      1  1.0E+00     16 (8.1E-07) 3.9E-01  5.8585171E+00    37 3.2E+01
    14      1  1.0E+00     17  3.4E-05  3.5E-01  5.8057963E+00    37 3.2E+01
    15      1  1.0E+00     18  1.5E-05  3.2E-01  5.7353956E+00    37 3.2E+01
    16      1  1.0E+00     19  1.3E-04  2.6E-01  5.5066126E+00    37 3.2E+01
    17      1  1.0E+00     20  4.9E-04  1.7E-01  5.1038510E+00    37 3.2E+01
    18      1  1.0E+00     21  4.5E-04  1.1E-01  4.5768605E+00    37 3.2E+01
    19      1  1.0E+00     22  7.8E-04  1.6E-01  4.1844234E+00    37 3.2E+01

 Major Minors     Step   nCon Feasible  Optimal  MeritFunction    nS Penalty
    20      1  1.0E+00     23  6.4E-04  2.8E-01  3.9464137E+00    37 3.2E+01
    21      1  1.0E+00     24  5.0E-05  3.3E-01  3.8993523E+00    37 3.2E+01
    22      1  1.0E+00     25  1.1E-06  3.4E-01  3.8968850E+00    37 3.2E+01
    23      1  1.0E+00     26 (7.7E-07) 3.5E-01  3.8933326E+00    37 3.2E+01
    24      1  1.0E+00     27  6.4E-06  3.6E-01  3.8820648E+00    37 3.2E+01
    25      1  1.0E+00     28  2.4E-05  3.8E-01  3.8554406E+00    37 3.2E+01
    26      1  1.0E+00     29  9.0E-05  4.1E-01  3.7874107E+00    37 3.2E+01
    27      1  1.0E+00     30  1.9E-04  4.3E-01  3.6335884E+00    37 3.2E+01
    28      1  1.0E+00     31  1.8E-04  4.1E-01  3.3380649E+00    37 3.2E+01
    29      1  1.0E+00     32  1.3E-03  4.1E-01  3.0418259E+00    37 3.2E+01

 Major Minors     Step   nCon Feasible  Optimal  MeritFunction    nS Penalty
    30      1  1.0E+00     33  4.7E-04  3.6E-01  2.8875280E+00    37 3.2E+01
    31      1  1.0E+00     34  2.6E-04  3.2E-01  2.8125831E+00    37 3.2E+01
    32      1  1.0E+00     35  6.2E-06  3.1E-01  2.8095567E+00    37 3.2E+01
    33      1  1.0E+00     36 (9.8E-07) 3.1E-01  2.8084029E+00    37 3.2E+01
    34      1  1.0E+00     37  8.8E-06  3.2E-01  2.8037690E+00    37 3.2E+01
    35      1  1.0E+00     38  1.4E-05  3.2E-01  2.7949079E+00    37 3.2E+01
    36      1  1.0E+00     39  5.0E-05  3.1E-01  2.7696592E+00    37 3.2E+01
    37      1  1.0E+00     40  1.3E-04  3.1E-01  2.7104628E+00    37 3.2E+01
    38      1  1.0E+00     41  3.0E-04  2.9E-01  2.5766731E+00    37 3.2E+01
    39      1  1.0E+00     42  3.4E-04  2.3E-01  2.3405161E+00    37 3.2E+01

 Major Minors     Step   nCon Feasible  Optimal  MeritFunction    nS Penalty
    40      1  1.0E+00     43  1.2E-03  2.6E-01  2.1022310E+00    37 3.2E+01
    41      1  1.0E+00     44  3.9E-04  2.5E-01  1.9945910E+00    37 3.2E+01
    42      1  1.0E+00     45  6.9E-05  2.3E-01  1.9708946E+00    37 3.2E+01
    43      1  1.0E+00     46  6.7E-06  2.2E-01  1.9694630E+00    37 3.2E+01
    44      1  1.0E+00     47  2.0E-06  2.2E-01  1.9686318E+00    37 3.2E+01
    45      1  1.0E+00     48  3.5E-06  2.1E-01  1.9668471E+00    37 3.2E+01
    46      1  1.0E+00     49  8.9E-06  2.1E-01  1.9622008E+00    37 3.2E+01
    47      1  1.0E+00     50  2.1E-05  2.0E-01  1.9504003E+00    37 3.2E+01
    48      1  1.0E+00     51  3.4E-05  1.9E-01  1.9214495E+00    37 3.2E+01
    49      1  1.0E+00     52  3.1E-05  1.5E-01  1.8576995E+00    37 3.2E+01

 Major Minors     Step   nCon Feasible  Optimal  MeritFunction    nS Penalty
    50      1  1.0E+00     53  3.9E-04  9.3E-02  1.7493046E+00    37 3.2E+01
    51      1  1.0E+00     54  4.8E-04  9.2E-02  1.6377420E+00    37 3.2E+01
    52      1  1.0E+00     55  2.2E-04  1.1E-01  1.5777309E+00    37 3.2E+01
    53      1  1.0E+00     56  6.1E-05  9.6E-02  1.5672067E+00    37 3.2E+01
    54      1  1.0E+00     57 (4.9E-07) 9.0E-02  1.5665653E+00    37 3.2E+01
    55      1  1.0E+00     58 (2.5E-07) 8.6E-02  1.5663724E+00    37 3.2E+01
    56      1  1.0E+00     59 (8.2E-07) 8.2E-02  1.5658307E+00    37 3.2E+01
    57      1  1.0E+00     60  1.1E-06  7.7E-02  1.5646063E+00    37 3.2E+01
    58      1  1.0E+00     61  1.2E-06  6.9E-02  1.5613935E+00    37 3.2E+01
    59      1  1.0E+00     62  6.6E-06  5.7E-02  1.5537778E+00    37 3.2E+01

 Major Minors     Step   nCon Feasible  Optimal  MeritFunction    nS Penalty
    60      1  1.0E+00     63  1.9E-05  3.6E-02  1.5373661E+00    37 3.2E+01
    61      1  1.0E+00     64  5.8E-05  7.4E-03  1.5106467E+00    37 3.2E+01
    62      1  1.0E+00     65  1.8E-04  1.2E-02  1.4853337E+00    37 3.2E+01
    63      1  1.0E+00     66  6.1E-05  2.0E-02  1.4750280E+00    37 3.2E+01
    64      1  1.0E+00     67  2.3E-06  2.1E-02  1.4734309E+00    37 3.2E+01
    65      1  1.0E+00     68 (8.4E-08) 2.1E-02  1.4733580E+00    37 3.2E+01
    66      1  1.0E+00     69 (7.9E-09) 2.0E-02  1.4733393E+00    37 3.2E+01
    67      1  1.0E+00     70 (6.5E-08) 1.9E-02  1.4732583E+00    37 3.2E+01
    68      1  1.0E+00     71 (1.1E-07) 1.8E-02  1.4730849E+00    37 3.2E+01
    69      1  1.0E+00     72 (2.7E-07) 1.5E-02  1.4726128E+00    37 3.2E+01

 Major Minors     Step   nCon Feasible  Optimal  MeritFunction    nS Penalty
    70      1  1.0E+00     73 (4.6E-07) 1.1E-02  1.4715186E+00    37 3.2E+01
    71      1  1.0E+00     74  1.6E-06  5.3E-03  1.4692249E+00    37 3.2E+01
    72      1  1.0E+00     75  6.5E-06  3.1E-03  1.4657621E+00    37 3.2E+01
    73      1  1.0E+00     76  1.0E-05  3.4E-03  1.4628341E+00    37 3.2E+01
    74      1  1.0E+00     77  3.2E-06  2.3E-03  1.4618104E+00    37 3.2E+01
    75      1  1.0E+00     78 (2.5E-07) 3.0E-03  1.4616901E+00    37 3.2E+01
    76      1  1.0E+00     79 (8.9E-09) 2.9E-03  1.4616836E+00    37 3.2E+01
    77      1  1.0E+00     80 (1.3E-09) 2.8E-03  1.4616801E+00    37 3.2E+01
    78      1  1.0E+00     81 (4.5E-09) 2.7E-03  1.4616656E+00    37 3.2E+01
    79      1  1.0E+00     82 (3.4E-09) 2.5E-03  1.4616342E+00    37 3.2E+01

 Major Minors     Step   nCon Feasible  Optimal  MeritFunction    nS Penalty
    80      1  1.0E+00     83 (4.9E-08) 2.1E-03  1.4615511E+00    37 3.2E+01
    81      1  1.0E+00     84 (1.7E-07) 1.8E-03  1.4613665E+00    37 3.2E+01
    82      1  1.0E+00     85 (1.3E-07) 1.5E-03  1.4610181E+00    37 3.2E+01
    83      1  1.0E+00     86 (9.7E-07) 1.0E-03  1.4605912E+00    37 3.2E+01
    84      1  1.0E+00     87  1.3E-06  5.6E-04  1.4603358E+00    37 3.2E+01
    85      1  1.0E+00     88 (1.1E-07) 2.8E-04  1.4602799E+00    37 3.2E+01
    86      1  1.0E+00     89 (1.1E-08) 2.4E-04  1.4602761E+00    37 3.2E+01
    87      1  1.0E+00     90 (1.5E-10) 2.4E-04  1.4602760E+00    37 3.2E+01
    88      1  1.0E+00     91 (5.5E-11) 2.4E-04  1.4602759E+00    37 3.2E+01
    89      1  1.0E+00     92 (3.8E-10) 2.4E-04  1.4602755E+00    37 3.2E+01

 Major Minors     Step   nCon Feasible  Optimal  MeritFunction    nS Penalty
    90      1  1.0E+00     93 (5.1E-10) 2.4E-04  1.4602748E+00    37 3.2E+01
    91      1  1.0E+00     94 (1.0E-09) 2.3E-04  1.4602728E+00    37 3.2E+01
    92      1  1.0E+00     95 (2.4E-09) 2.0E-04  1.4602684E+00    37 3.2E+01
    93      1  1.0E+00     96 (6.7E-09) 1.5E-04  1.4602606E+00    37 3.2E+01
    94      1  1.0E+00     97 (1.2E-08) 1.2E-04  1.4602521E+00    37 3.2E+01
    95      1  1.0E+00     98 (1.8E-08) 5.0E-05  1.4602477E+00    37 3.2E+01
    96      1  1.0E+00     99 (2.7E-09) 2.8E-05  1.4602470E+00    37 3.2E+01
    97      1  1.0E+00    100 (7.4E-11) 2.8E-05  1.4602469E+00    37 3.2E+01
    98      1  1.0E+00    101 (2.1E-12) 2.8E-05  1.4602469E+00    37 3.2E+01
    99      1  1.0E+00    102 (1.4E-12) 2.9E-05  1.4602469E+00    37 3.2E+01

 Major Minors     Step   nCon Feasible  Optimal  MeritFunction    nS Penalty
   100      1  1.0E+00    103 (4.7E-12) 2.8E-05  1.4602469E+00    37 3.2E+01
   101      1  1.0E+00    104 (6.2E-12) 2.8E-05  1.4602469E+00    37 3.2E+01
   102      1  1.0E+00    105 (2.2E-11) 2.9E-05  1.4602468E+00    37 3.2E+01
   103      1  1.0E+00    106 (6.0E-11) 2.7E-05  1.4602468E+00    37 3.2E+01
   104      1  1.0E+00    107 (1.5E-10) 2.0E-05  1.4602466E+00    37 3.2E+01
   105      1  1.0E+00    108 (1.7E-10) 7.2E-06  1.4602465E+00    37 3.2E+01
   106      1  1.0E+00    109 (1.6E-10) 6.2E-06  1.4602464E+00    37 3.2E+01
   107      1  1.0E+00    110 (1.2E-11) 3.9E-06  1.4602464E+00    37 3.2E+01
   108      1  1.0E+00    111 (6.7E-13) 3.7E-06  1.4602464E+00    37 3.2E+01
   109      1  1.0E+00    112 (1.3E-14) 3.7E-06  1.4602464E+00    37 3.2E+01

 Major Minors     Step   nCon Feasible  Optimal  MeritFunction    nS Penalty
   110      1  1.0E+00    113 (4.5E-14) 3.6E-06  1.4602464E+00    37 3.2E+01
   111      1  1.0E+00    114 (7.9E-14) 3.5E-06  1.4602464E+00    37 3.2E+01
   112      1  1.0E+00    115 (3.0E-13) 3.3E-06  1.4602464E+00    37 3.2E+01
   113      1  1.0E+00    116 (7.5E-13) 3.2E-06  1.4602464E+00    37 3.2E+01
   114      1  1.0E+00    117 (1.3E-12) 2.8E-06  1.4602464E+00    37 3.2E+01
   115      1  1.0E+00    118 (2.6E-12)(1.9E-06) 1.4602464E+00    37 3.2E+01
 
 SNOPTA EXIT   0 -- finished successfully
 SNOPTA INFO   1 -- optimality conditions satisfied

 Problem name
 No. of iterations                 161   Objective value      1.4602464166E+00
 No. of major iterations           115   Linear objective     0.0000000000E+00
 Penalty parameter           3.223E+01   Nonlinear objective  1.4602464166E+00
 No. of calls to funobj           6850   No. of calls to funcon           6850
 Calls with modes 1,2 (known g)    118   Calls with modes 1,2 (known g)    118
 Calls for forward differencing   6608   Calls for forward differencing   6608
 Calls for central differencing      0   Calls for central differencing      0
 No. of superbasics                 37   No. of basic nonlinears            15
 No. of degenerate steps             2   Percentage                       1.24
 Max x                       2 6.0E+00   Max pi                      2 2.1E+00
 Max Primal infeas           0 0.0E+00   Max Dual infeas             3 5.9E-06
 Nonlinear constraint violn    2.8E-11

 Solution not printed
