 

 Nonlinear constraints     609     Linear constraints       0
 Nonlinear variables      1005     Linear variables         0
 Jacobian  variables      1005     Objective variables   1005
 Total constraints         609     Total variables       1005
 

 
 The user has defined       0   out of  613050   first  derivatives
 XXX  Some first  derivatives are missing --- derivative level reduced to 0
 

 Major Minors     Step   nCon Feasible  Optimal  MeritFunction    nS Penalty
     0     51               1  1.3E-01  1.0E+00  1.1654700E+05    49           r i

        Minor   QPmult   nInf   SumInf   rgNorm  Elastic QPobj    nS cgItns
          100 -2.1E+01      2  9.3E-01  5.4E-11  2.8257518E+04   147

 Major Minors     Step   nCon Feasible  Optimal  MeritFunction    nS Penalty
     1    101  4.3E-02      2  1.3E-01  7.7E-01  1.1231985E+05   148         n rliT

        Minor   QPmult   nInf   SumInf   rgNorm  Elastic QPobj    nS cgItns
          100 -8.0E+00      1  6.1E-02  1.5E-13  1.7475811E+04   245

 Major Minors     Step   nCon Feasible  Optimal  MeritFunction    nS Penalty
     2    102  7.3E-02      4  1.2E-01  8.1E-01  1.0513424E+05   247         n rliT

        Minor   QPmult   nInf   SumInf   rgNorm  Elastic QPobj    nS cgItns
          100  2.1E+01      2  2.0E-01  4.5E-13  6.4415146E+04   344

 Major Minors     Step   nCon Feasible  Optimal  MeritFunction    nS Penalty
     3    102  1.0E+00      6  2.6E-03  1.2E-01 -5.7819407E+04   346         sM  iT
     4     90  1.0E+00      7  1.6E-03  5.8E-02  8.1366847E+04   431 3.1E+06     i
     5     41  1.0E+00      8  1.4E-03  5.7E-02  4.3423952E+04   399 2.9E+06
     6      2  1.0E+00     10  4.9E-04  2.4E-02 -1.5091032E+03   399 6.7E+03 n
     7      1  1.0E+00     12  1.1E-05  4.1E-02  1.4190697E+01   399 2.1E+06 n R
     8      1  1.0E+00     14 (1.3E-08) 1.4E+00  1.7520492E+01   399 8.5E+06 sM
     9      2  5.8E-02     16  4.5E-03  1.1E+00 -2.7910498E+00   399 1.3E+04  m

 Major Minors     Step   nCon Feasible  Optimal  MeritFunction    nS Penalty
    10      2  3.2E-02     17  5.0E-03  3.1E-01 -3.1933816E+01   399 9.2E+02
    11      2  6.6E-03     18  1.8E-02  9.1E-01 -5.2299786E+01   399 4.5E+02
    12      2  1.2E-02     19  2.0E-02  1.5E-01 -1.2075671E+02   399 4.3E+02
    13      2  6.7E-03     20  2.0E-02  7.0E-01 -2.0172354E+01   399 4.4E+02   R
    14      1  1.0E+00     21  5.6E-04  2.1E-01  2.3857629E+01   399 4.6E+02 s
    15      1  1.0E+00     22  4.0E-04  7.0E-01  1.3551653E+01   399 4.4E+02
    16      1  1.0E+00     23  3.1E-04  6.0E-01  1.0926918E+01   399 4.4E+02
    17      1  1.0E+00     24  3.1E-05  5.6E-01  9.9517606E+00   399 4.4E+02
    18      1  1.0E+00     25  3.7E-05  5.8E-01  8.5766849E+00   399 4.4E+02
    19      1  1.0E+00     26  7.3E-05  7.3E-01  7.7161170E+00   399 4.4E+02   R

 Major Minors     Step   nCon Feasible  Optimal  MeritFunction    nS Penalty
    20      1  1.0E+00     27  1.6E-05  6.3E-01  7.3204290E+00   399 4.4E+02 s
    21      1  1.0E+00     28  5.7E-05  5.6E-01  6.8033643E+00   399 4.4E+02
    22      1  1.0E+00     29  3.9E-05  6.4E-01  6.4412869E+00   399 4.4E+02
    23      1  1.0E+00     30  5.3E-05  8.2E-01  6.0550009E+00   399 4.4E+02
    24      1  1.0E+00     31  4.1E-05  8.7E-01  5.7485495E+00   399 4.4E+02
    25      1  1.0E+00     32  9.5E-06  8.5E-01  5.5225457E+00   399 4.4E+02   R
    26      1  1.0E+00     33  4.0E-06  7.9E-01  5.3786588E+00   399 4.4E+02 s
    27      1  1.0E+00     34  2.8E-05  6.5E-01  5.2040048E+00   399 4.4E+02
    28      1  1.0E+00     35  2.8E-05  7.1E-01  5.0835328E+00   399 4.4E+02
    29      1  1.0E+00     36  8.7E-06  7.7E-01  4.9722326E+00   399 4.4E+02

 Major Minors     Step   nCon Feasible  Optimal  MeritFunction    nS Penalty
    30      1  1.0E+00     37  1.3E-05  7.4E-01  4.8305264E+00   399 4.4E+02
    31      1  1.0E+00     38  2.6E-05  8.3E-01  4.5287886E+00   399 4.4E+02   R
    32      1  1.0E+00     39  2.4E-05  8.7E-01  4.4936633E+00   399 4.4E+02 s
    33      1  1.0E+00     40  5.4E-06  8.6E-01  4.3877969E+00   399 4.4E+02
    34      1  1.0E+00     41 (8.0E-07) 8.4E-01  4.3566747E+00   399 4.4E+02
    35      1  1.0E+00     42  2.0E-06  8.5E-01  4.3103099E+00   399 4.4E+02
    36      1  1.0E+00     43  1.4E-06  8.4E-01  4.2745604E+00   399 4.4E+02
    37      1  1.0E+00     44  3.3E-06  8.5E-01  4.2158677E+00   399 4.4E+02   R
    38      1  1.0E+00     45 (7.8E-07) 8.9E-01  4.1819899E+00   399 4.4E+02 s
    39      1  4.4E-01     46  8.8E-06  9.0E-01  4.1310997E+00   399 4.4E+02

 Major Minors     Step   nCon Feasible  Optimal  MeritFunction    nS Penalty
    40      1  1.0E+00     47  1.5E-05  8.9E-01  4.1221569E+00   399 4.4E+02
    41      1  1.0E+00     48  2.7E-05  9.0E-01  4.1185741E+00   399 4.4E+02
    42      1  1.0E+00     49  4.2E-05  9.1E-01  4.0159269E+00   399 4.4E+02
    43      1  4.3E-01     50  2.5E-05  9.2E-01  3.9667057E+00   399 4.4E+02   R
    44      1  3.0E-01     51  1.7E-05  9.3E-01  3.9530880E+00   399 4.4E+02 s
    45      1  1.0E+00     52 (2.6E-07) 8.9E-01  3.9430766E+00   399 4.4E+02
    46      1  1.0E+00     53  1.5E-06  8.9E-01  3.9017805E+00   399 4.4E+02
    47      1  1.0E+00     54  2.5E-06  9.3E-01  3.8473885E+00   399 4.4E+02
    48      1  1.0E+00     55  6.5E-06  9.3E-01  3.7506704E+00   399 4.4E+02
    49      1  1.0E+00     56  1.6E-05  9.2E-01  3.6115459E+00   399 4.4E+02   R

 Major Minors     Step   nCon Feasible  Optimal  MeritFunction    nS Penalty
    50      1  1.0E+00     57  3.9E-06  9.4E-01  3.5357811E+00   399 4.4E+02 s
    51      1  1.0E+00     58  9.9E-06  9.6E-01  3.4875507E+00   399 4.4E+02
    52      1  1.0E+00     59  4.6E-06  9.6E-01  3.4470572E+00   399 4.4E+02
    53      1  1.0E+00     60  2.2E-06  9.6E-01  3.4372027E+00   399 4.4E+02
    54      1  1.0E+00     61  1.6E-06  9.7E-01  3.4205389E+00   399 4.4E+02
    55      1  1.0E+00     62 (6.1E-07) 9.8E-01  3.4050654E+00   399 4.4E+02   R
    56      1  1.0E+00     63  2.1E-06  9.8E-01  3.3960695E+00   399 4.4E+02 s
    57      1  1.0E+00     64 (5.1E-07) 9.8E-01  3.3841678E+00   399 4.4E+02
    58      1  1.0E+00     65 (5.6E-07) 9.8E-01  3.3683245E+00   399 4.4E+02
    59      1  1.0E+00     66 (5.6E-07) 9.7E-01  3.3546648E+00   399 4.4E+02

 Major Minors     Step   nCon Feasible  Optimal  MeritFunction    nS Penalty
    60      1  1.0E+00     67  1.4E-06  9.7E-01  3.3281827E+00   399 4.4E+02
    61      1  1.0E+00     68  3.1E-06  9.7E-01  3.2763703E+00   399 4.4E+02   R
    62      1  1.0E+00     69  1.7E-06  9.9E-01  3.2465271E+00   399 4.4E+02 s
    63      1  1.0E+00     70  1.2E-05  1.0E+00  3.2407215E+00   399 4.4E+02
    64      1  1.0E+00     71  1.3E-05  1.0E+00  3.1880148E+00   399 4.4E+02
    65      1  4.2E-01     72  7.8E-06  1.0E+00  3.1814826E+00   399 4.4E+02
    66      1  1.0E+00     73 (2.9E-07) 1.0E+00  3.1681927E+00   399 4.4E+02
    67      1  1.0E+00     74  1.0E-05  1.0E+00  3.1062127E+00   399 4.4E+02   R
    68      1  4.2E-01     75  6.2E-06  1.0E+00  3.0779055E+00   399 4.4E+02 s
    69      1  1.0E+00     76 (4.8E-07) 1.0E+00  3.0610432E+00   399 4.4E+02

 Major Minors     Step   nCon Feasible  Optimal  MeritFunction    nS Penalty
    70      1  1.0E+00     77 (2.1E-07) 1.0E+00  3.0497484E+00   399 4.4E+02
    71      1  1.0E+00     78 (1.6E-07) 1.0E+00  3.0394827E+00   399 4.4E+02
    72      1  1.0E+00     79 (3.6E-07) 1.0E+00  3.0242443E+00   399 4.4E+02
    73      1  1.0E+00     80 (4.5E-07) 1.0E+00  3.0052447E+00   399 4.4E+02   R
    74      1  1.0E+00     81 (2.8E-07) 1.0E+00  2.9904323E+00   399 4.4E+02 s
    75      1  3.7E-01     82  2.0E-06  9.9E-01  2.9657913E+00   399 4.4E+02
    76      1  1.0E+00     83  8.0E-06  9.9E-01  2.9463240E+00   399 4.4E+02
    77      1  1.0E+00     84  4.4E-06  9.9E-01  2.9231723E+00   399 4.4E+02
    78      1  1.0E+00     85  1.8E-06  9.6E-01  2.8674986E+00   399 4.4E+02
    79      1  1.0E+00     86  2.4E-05  8.7E-01  2.7840528E+00   399 4.4E+02   R

 Major Minors     Step   nCon Feasible  Optimal  MeritFunction    nS Penalty
    80      1  2.9E-01     87  4.6E-05  8.5E-01  2.6902688E+00   399 4.4E+02 s
    81      1  1.0E+00     88  1.7E-06  8.7E-01  2.6686329E+00   399 4.4E+02
    82      1  1.0E+00     89 (2.1E-07) 8.6E-01  2.6558893E+00   399 4.4E+02
    83      1  1.0E+00     90  1.8E-06  8.3E-01  2.6219437E+00   399 4.4E+02
    84      1  1.0E+00     91  3.8E-06  8.0E-01  2.5683591E+00   399 4.4E+02
    85      1  1.0E+00     92  8.3E-06  6.2E-01  2.4748327E+00   399 4.4E+02   R
    86      1  1.0E+00     93  1.2E-06  6.0E-01  2.4051831E+00   399 4.4E+02 s
    87      1  1.0E+00     94  4.0E-06  5.8E-01  2.3163735E+00   399 4.4E+02
    88      1  1.0E+00     95  1.0E-05  5.5E-01  2.2724099E+00   399 4.4E+02
    89      1  1.0E+00     96  2.2E-06  5.4E-01  2.2173451E+00   399 4.4E+02

 Major Minors     Step   nCon Feasible  Optimal  MeritFunction    nS Penalty
    90      1  1.0E+00     97  5.8E-06  4.1E-01  2.0827161E+00   399 4.4E+02
    91      1  1.0E+00     98  2.5E-05  2.4E-01  1.9026593E+00   399 4.4E+02   R
    92      1  4.7E-01     99  3.8E-05  1.9E-01  1.7811160E+00   399 4.4E+02 s
    93      1  1.0E+00    100  1.3E-06  2.0E-01  1.7214756E+00   399 4.4E+02
    94      1  1.0E+00    101  3.1E-06  1.9E-01  1.6439822E+00   399 4.4E+02
    95      1  1.0E+00    102 (7.2E-07) 1.8E-01  1.6105826E+00   399 4.4E+02
    96      1  1.0E+00    103  1.6E-06  1.8E-01  1.5800438E+00   399 4.4E+02
    97      1  1.0E+00    104 (7.0E-07) 1.7E-01  1.5611338E+00   399 4.4E+02   R
    98      1  1.0E+00    105 (6.2E-08) 1.6E-01  1.5481727E+00   399 4.4E+02 s
    99      1  3.1E-01    106  4.7E-06  1.4E-01  1.5004968E+00   399 4.4E+02

 Major Minors     Step   nCon Feasible  Optimal  MeritFunction    nS Penalty
   100      1  3.4E-01    107  6.7E-06  1.2E-01  1.4488062E+00   399 4.4E+02
   101      1  1.0E+00    108  1.5E-05  1.0E-01  1.4386479E+00   399 4.4E+02
   102      1  1.0E+00    109  5.1E-05  7.1E-02  1.4091299E+00   399 4.4E+02
   103      1  3.4E-01    110  5.4E-05  5.0E-02  1.2963593E+00   399 4.4E+02   R
   104      1  2.2E-01    111  4.1E-05  2.5E-02  1.1462964E+00   399 4.4E+02 s
   105      1  1.0E+00    112  3.3E-06  2.1E-02  1.1243686E+00   399 4.4E+02
   106      1  1.0E+00    113 (2.9E-07) 2.1E-02  1.1157728E+00   399 4.4E+02
   107      1  1.0E+00    114 (3.7E-07) 2.4E-02  1.1003708E+00   399 4.4E+02
   108      1  1.0E+00    115 (3.8E-07) 2.9E-02  1.0894630E+00   399 4.4E+02
   109      1  1.0E+00    116 (3.9E-07) 3.7E-02  1.0777048E+00   399 4.4E+02   R

 Major Minors     Step   nCon Feasible  Optimal  MeritFunction    nS Penalty
   110      1  1.0E+00    117 (1.7E-07) 3.0E-02  1.0701409E+00   399 4.4E+02 s
   111      1  4.8E-01    118 (8.6E-07) 2.1E-02  1.0523722E+00   399 4.4E+02
   112      1  1.0E+00    119  2.2E-06  2.2E-02  1.0431435E+00   399 4.4E+02
   113      1  1.0E+00    120  1.9E-06  2.5E-02  1.0267694E+00   399 4.4E+02
   114      1  1.0E+00    121  6.5E-06  1.9E-02  1.0108194E+00   399 4.4E+02
   115      1  1.0E+00    122  6.9E-06  1.6E-02  9.5715862E-01   399 4.4E+02   R
   116      1  2.9E-01    123  6.5E-06  1.5E-02  9.2210263E-01   399 4.4E+02 s
   117      1  1.0E+00    124 (7.0E-07) 1.8E-02  9.1556928E-01   399 4.4E+02
   118      1  1.0E+00    125 (1.3E-08) 2.4E-02  9.1363439E-01   399 4.4E+02
   119      1  1.0E+00    126 (2.7E-07) 2.4E-02  9.0389861E-01   399 4.4E+02

 Major Minors     Step   nCon Feasible  Optimal  MeritFunction    nS Penalty
   120      1  1.0E+00    127 (1.5E-07) 2.3E-02  8.9772621E-01   399 4.4E+02
   121      1  1.0E+00    128 (3.4E-07) 2.5E-02  8.8802159E-01   399 4.4E+02   R
   122      1  1.0E+00    129 (3.5E-08) 1.7E-02  8.8266870E-01   399 4.4E+02 s
   123      1  4.7E-01    130 (7.3E-07) 1.4E-02  8.7202683E-01   399 4.4E+02
   124      1  4.1E-01    131  1.2E-06  1.4E-02  8.6686918E-01   399 4.4E+02
   125      1  1.0E+00    132 (9.4E-07) 1.3E-02  8.6655814E-01   399 4.4E+02
   126      1  1.0E+00    133 (4.7E-07) 1.3E-02  8.5729114E-01   399 4.4E+02
   127      1  1.0E+00    134  2.6E-06  1.2E-02  8.5185115E-01   399 4.4E+02   R
   128      1  2.8E-01    135  2.9E-06  1.2E-02  8.4146458E-01   399 4.4E+02 s
   129      1  1.0E+00    136 (1.2E-07) 1.3E-02  8.3965403E-01   399 4.4E+02

 Major Minors     Step   nCon Feasible  Optimal  MeritFunction    nS Penalty
   130      1  1.0E+00    137 (6.7E-08) 1.4E-02  8.3793490E-01   399 4.4E+02
   131      1  1.0E+00    138 (8.6E-08) 1.5E-02  8.3480912E-01   399 4.4E+02
   132      1  1.0E+00    139 (1.2E-07) 1.5E-02  8.2865645E-01   399 4.4E+02
   133      1  1.0E+00    140 (3.7E-07) 2.3E-02  8.1770005E-01   399 4.4E+02   R
   134      1  1.0E+00    141 (3.7E-07) 1.5E-02  8.1032852E-01   399 4.4E+02 s
   135      1  1.0E+00    142 (4.8E-07) 1.2E-02  8.0571710E-01   399 4.4E+02
   136      1  1.0E+00    143 (5.3E-07) 1.1E-02  8.0330340E-01   399 4.4E+02
   137      1  1.0E+00    144 (1.9E-07) 1.0E-02  8.0107059E-01   399 4.4E+02
   138      1  1.0E+00    145 (1.2E-07) 1.2E-02  7.9787195E-01   399 4.4E+02
   139      1  1.0E+00    146 (1.6E-07) 1.5E-02  7.9445185E-01   399 4.4E+02   R

 Major Minors     Step   nCon Feasible  Optimal  MeritFunction    nS Penalty
   140      1  1.0E+00    147 (3.5E-07) 1.0E-02  7.9228899E-01   399 4.4E+02 s
   141      1  1.0E+00    148 (1.1E-07) 9.1E-03  7.8969998E-01   399 4.4E+02
   142      1  1.0E+00    149 (6.3E-08) 9.4E-03  7.8760141E-01   399 4.4E+02
   143      1  1.0E+00    150 (6.1E-08) 1.2E-02  7.8565044E-01   399 4.4E+02
   144      1  1.0E+00    151 (6.5E-08) 1.2E-02  7.8312237E-01   399 4.4E+02
   145      1  1.0E+00    152 (9.3E-08) 1.5E-02  7.7886613E-01   399 4.4E+02   R
   146      1  1.0E+00    153 (7.9E-08) 1.1E-02  7.7602123E-01   399 4.4E+02 s
   147      1  1.0E+00    154 (6.2E-07) 7.6E-03  7.7463993E-01   399 4.4E+02
   148      1  1.0E+00    155 (5.1E-07) 7.2E-03  7.7134254E-01   399 4.4E+02
   149      1  4.6E-01    156 (3.1E-07) 7.1E-03  7.7051920E-01   399 4.4E+02

 Major Minors     Step   nCon Feasible  Optimal  MeritFunction    nS Penalty
   150      1  1.0E+00    157 (1.4E-07) 7.0E-03  7.6894770E-01   399 4.4E+02
   151      1  1.0E+00    158 (5.0E-07) 6.1E-03  7.6514425E-01   399 4.4E+02   R
   152      1  3.2E-01    159 (4.6E-07) 6.2E-03  7.6311374E-01   399 4.4E+02 s
   153      1  1.0E+00    160 (7.1E-08) 6.4E-03  7.6238840E-01   399 4.4E+02
   154      1  1.0E+00    161 (5.2E-08) 5.9E-03  7.6166945E-01   399 4.4E+02
   155      1  1.0E+00    162 (1.6E-08) 5.8E-03  7.6108367E-01   399 4.4E+02
   156      1  1.0E+00    163 (6.1E-08) 5.5E-03  7.6003266E-01   399 4.4E+02
   157      1  1.0E+00    164 (4.9E-08) 5.0E-03  7.5894342E-01   399 4.4E+02   R
   158      1  1.0E+00    165 (5.9E-09) 5.2E-03  7.5826722E-01   399 4.4E+02 s
   159      1  4.4E-01    166 (5.1E-08) 5.4E-03  7.5694225E-01   399 4.4E+02

 Major Minors     Step   nCon Feasible  Optimal  MeritFunction    nS Penalty
   160      1  1.0E+00    167 (1.6E-07) 6.1E-03  7.5599480E-01   399 4.4E+02
   161      1  1.0E+00    168 (1.0E-07) 5.9E-03  7.5528693E-01   399 4.4E+02
   162      1  1.0E+00    169 (7.1E-08) 4.1E-03  7.5330519E-01   399 4.4E+02
   163      1  1.0E+00    170 (5.0E-07) 8.2E-03  7.4945391E-01   399 4.4E+02   R
   164      1  2.6E-01    171 (6.3E-07) 4.3E-03  7.4772197E-01   399 4.4E+02 s
   165      1  1.0E+00    172 (6.9E-09) 3.2E-03  7.4737077E-01   399 4.4E+02
   166      1  1.0E+00    173 (8.5E-09) 3.1E-03  7.4706224E-01   399 4.4E+02
   167      1  1.0E+00    174 (4.1E-09) 3.1E-03  7.4689818E-01   399 4.4E+02
   168      1  1.0E+00    175 (7.9E-09) 3.4E-03  7.4665925E-01   399 4.4E+02
   169      1  1.0E+00    176 (6.4E-09) 4.7E-03  7.4640288E-01   399 4.4E+02   R

 Major Minors     Step   nCon Feasible  Optimal  MeritFunction    nS Penalty
   170      1  1.0E+00    177 (1.3E-09) 3.2E-03  7.4624212E-01   399 4.4E+02 s
   171      1  1.0E+00    178 (9.2E-08) 2.8E-03  7.4583979E-01   399 4.4E+02
   172      1  1.0E+00    179 (1.3E-07) 2.7E-03  7.4555940E-01   399 4.4E+02
   173      1  1.0E+00    180 (8.3E-08) 2.6E-03  7.4528341E-01   399 4.4E+02
   174      1  1.0E+00    181 (1.2E-07) 2.4E-03  7.4449861E-01   399 4.4E+02
   175      1  1.0E+00    182 (1.3E-07) 3.1E-03  7.4396928E-01   399 4.4E+02   R
   176      1  3.0E-01    183 (1.8E-07) 1.9E-03  7.4296690E-01   399 4.4E+02 s
   177      1  1.0E+00    184 (9.9E-09) 1.9E-03  7.4283281E-01   399 4.4E+02
   178      1  1.0E+00    185 (1.0E-09) 1.9E-03  7.4277766E-01   399 4.4E+02
   179      1  1.0E+00    186 (1.9E-09) 1.9E-03  7.4268788E-01   399 4.4E+02

 Major Minors     Step   nCon Feasible  Optimal  MeritFunction    nS Penalty
   180      1  1.0E+00    187 (8.9E-10) 1.8E-03  7.4261443E-01   399 4.4E+02
   181      1  1.0E+00    188 (3.4E-09) 1.7E-03  7.4246029E-01   399 4.4E+02   R
   182      1  1.0E+00    189 (5.8E-10) 1.7E-03  7.4236889E-01   399 4.4E+02 s
   183      1  1.0E+00    190 (1.9E-08) 1.6E-03  7.4233369E-01   399 4.4E+02
   184      1  1.0E+00    191 (3.0E-08) 1.5E-03  7.4220029E-01   399 4.4E+02
   185      1  1.0E+00    192 (7.3E-09) 1.5E-03  7.4212112E-01   399 4.4E+02
   186      1  1.0E+00    193 (1.8E-08) 1.4E-03  7.4200684E-01   399 4.4E+02
   187      1  1.0E+00    194 (1.7E-08) 1.2E-03  7.4178292E-01   399 4.4E+02   R
   188      1  3.4E-01    195 (1.6E-08) 1.2E-03  7.4168858E-01   399 4.4E+02 s
   189      1  1.0E+00    196 (8.8E-10) 1.2E-03  7.4166596E-01   399 4.4E+02

 Major Minors     Step   nCon Feasible  Optimal  MeritFunction    nS Penalty
   190      1  1.0E+00    197 (1.5E-10) 1.2E-03  7.4164262E-01   399 4.4E+02
   191      1  1.0E+00    198 (1.2E-09) 1.1E-03  7.4158298E-01   399 4.4E+02
   192      1  1.0E+00    199 (1.6E-09) 1.1E-03  7.4150514E-01   399 4.4E+02
   193      1  1.0E+00    200 (5.6E-09) 1.9E-03  7.4136755E-01   399 4.4E+02   R
   194      1  1.0E+00    201 (1.2E-09) 9.5E-04  7.4128565E-01   399 4.4E+02 s
   195      1  1.0E+00    202 (4.8E-09) 8.7E-04  7.4123472E-01   399 4.4E+02
   196      1  1.0E+00    203 (2.4E-09) 9.1E-04  7.4120160E-01   399 4.4E+02
   197      1  1.0E+00    204 (3.2E-10) 7.4E-04  7.4118701E-01   399 4.4E+02
   198      1  1.0E+00    205 (2.1E-09) 6.1E-04  7.4115033E-01   399 4.4E+02
   199      1  1.0E+00    206 (3.5E-09) 9.6E-04  7.4110601E-01   399 4.4E+02   R

 Major Minors     Step   nCon Feasible  Optimal  MeritFunction    nS Penalty
   200      1  1.0E+00    207 (1.8E-09) 5.2E-04  7.4108234E-01   399 4.4E+02 s
   201      1  1.0E+00    208 (1.0E-09) 6.6E-04  7.4106279E-01   399 4.4E+02
   202      1  1.0E+00    209 (3.8E-10) 6.3E-04  7.4104952E-01   399 4.4E+02
   203      1  1.0E+00    210 (2.6E-09) 9.4E-04  7.4103293E-01   399 4.4E+02
   204      1  1.0E+00    211 (1.7E-09) 8.1E-04  7.4101836E-01   399 4.4E+02
   205      1  1.0E+00    212 (3.9E-10) 9.4E-04  7.4099824E-01   399 4.4E+02   R
   206      1  1.0E+00    213 (3.2E-09) 8.2E-04  7.4099248E-01   399 4.4E+02 s
   207      1  1.0E+00    214 (8.1E-10) 6.5E-04  7.4098281E-01   399 4.4E+02
   208      1  1.0E+00    215 (2.1E-10) 4.0E-04  7.4097583E-01   399 4.4E+02
   209      1  1.0E+00    216 (8.5E-10) 3.8E-04  7.4096767E-01   399 4.4E+02

 Major Minors     Step   nCon Feasible  Optimal  MeritFunction    nS Penalty
   210      1  1.0E+00    217 (4.8E-10) 3.7E-04  7.4096204E-01   399 4.4E+02
   211      1  1.0E+00    218 (3.5E-10) 3.5E-04  7.4095563E-01   399 4.4E+02   R
   212      1  1.0E+00    219 (5.0E-11) 3.5E-04  7.4095185E-01   399 4.4E+02 s
   213      1  2.4E-01    220 (5.9E-10) 4.4E-04  7.4094509E-01   399 4.4E+02
   214      1  3.5E-01    221 (1.1E-09) 4.7E-04  7.4093531E-01   399 4.4E+02
   215      1  2.3E-01    222 (1.1E-09) 4.0E-04  7.4092801E-01   399 4.4E+02
   216      1  1.0E+00    223 (2.3E-09) 3.2E-04  7.4092789E-01   399 4.4E+02
   217      1  1.0E+00    224 (4.6E-09) 3.0E-04  7.4092510E-01   399 4.4E+02   R
   218      1  1.6E-01    225 (5.8E-09) 2.4E-04  7.4090514E-01   399 4.4E+02 s
   219      1  1.0E+00    226 (1.4E-10) 1.7E-04  7.4089840E-01   399 4.4E+02

 Major Minors     Step   nCon Feasible  Optimal  MeritFunction    nS Penalty
   220      1  1.0E+00    227 (1.2E-10) 1.6E-04  7.4089604E-01   399 4.4E+02
   221      1  1.0E+00    228 (1.2E-11) 1.6E-04  7.4089568E-01   399 4.4E+02
   222      1  1.0E+00    229 (3.6E-11) 1.5E-04  7.4089484E-01   399 4.4E+02
   223      1  1.0E+00    230 (5.2E-11) 1.4E-04  7.4089400E-01   399 4.4E+02   R
   224      1  1.0E+00    231 (1.5E-11) 1.4E-04  7.4089355E-01   399 4.4E+02 s
   225      1  1.0E+00    232 (3.7E-11) 1.3E-04  7.4089285E-01   399 4.4E+02
   226      1  1.0E+00    233 (3.6E-11) 1.2E-04  7.4089228E-01   399 4.4E+02
   227      1  1.0E+00    234 (2.1E-11) 1.5E-04  7.4089137E-01   399 4.4E+02
   228      1  1.0E+00    235 (7.9E-11) 1.9E-04  7.4088954E-01   399 4.4E+02
   229      1  1.0E+00    236 (8.4E-11) 1.9E-04  7.4088819E-01   399 4.4E+02   R

 Major Minors     Step   nCon Feasible  Optimal  MeritFunction    nS Penalty
   230      1  1.0E+00    237 (9.8E-11) 1.5E-04  7.4088806E-01   399 4.4E+02 s
   231      1  1.0E+00    238 (3.7E-11) 9.9E-05  7.4088700E-01   399 4.4E+02
   232      1  1.0E+00    239 (8.1E-12) 5.3E-05  7.4088677E-01   399 4.4E+02
   233      1  1.0E+00    240 (1.9E-11) 3.9E-05  7.4088661E-01   399 4.4E+02
   234      1  1.0E+00    241 (5.2E-12) 3.8E-05  7.4088654E-01   399 4.4E+02
   235      1  1.0E+00    242 (2.1E-12) 3.7E-05  7.4088650E-01   399 4.4E+02   R
   236      1  1.0E+00    243 (1.5E-13) 3.6E-05  7.4088647E-01   399 4.4E+02 s
   237      1  2.0E-01    244 (6.2E-12) 3.9E-05  7.4088639E-01   399 4.4E+02
   238      1  3.6E-01    245 (1.5E-11) 5.5E-05  7.4088619E-01   399 4.4E+02
   239      1  1.9E-01    246 (2.2E-11) 4.0E-05  7.4088607E-01   399 4.4E+02

 Major Minors     Step   nCon Feasible  Optimal  MeritFunction    nS Penalty
   240      1  1.9E-01    247 (1.9E-11) 2.0E-05  7.4088596E-01   399 4.4E+02
   241      1  1.9E-01    248 (1.5E-11) 3.5E-05  7.4088592E-01   399 4.4E+02   R
   242      1  1.4E-01    249 (1.6E-11) 2.3E-05  7.4088588E-01   399 4.4E+02 s
   243      1  1.0E+00    250 (1.4E-12) 1.4E-05  7.4088584E-01   399 4.4E+02
   244      1  1.0E+00    251 (1.6E-12) 1.2E-05  7.4088582E-01   399 4.4E+02
   245      1  1.0E+00    252 (2.5E-13) 1.2E-05  7.4088582E-01   399 4.4E+02
   246      1  1.0E+00    253 (5.2E-14) 1.1E-05  7.4088582E-01   399 4.4E+02
   247      1  1.0E+00    254 (7.4E-14) 1.1E-05  7.4088581E-01   399 4.4E+02   R
   248      1  1.0E+00    255 (4.8E-14) 1.0E-05  7.4088581E-01   399 4.4E+02 s
   249      1  1.0E+00    256 (5.7E-13) 9.4E-06  7.4088580E-01   399 4.4E+02

 Major Minors     Step   nCon Feasible  Optimal  MeritFunction    nS Penalty
   250      1  1.0E+00    257 (6.2E-13) 8.5E-06  7.4088579E-01   399 4.4E+02
   251      1  1.0E+00    258 (7.5E-13) 7.6E-06  7.4088579E-01   399 4.4E+02
   252      1  1.0E+00    259 (7.4E-13) 1.0E-05  7.4088578E-01   399 4.4E+02
   253      1  1.0E+00    260 (9.9E-13) 4.9E-06  7.4088576E-01   399 4.4E+02   R
   254      1  3.1E-01    261 (9.0E-13) 2.9E-06  7.4088576E-01   399 4.4E+02 s
   255      1  1.0E+00    262 (1.4E-14) 2.8E-06  7.4088576E-01   399 4.4E+02
   256      1  1.0E+00    263 (2.5E-14) 2.7E-06  7.4088576E-01   399 4.4E+02
   256      2  1.0E+00    263 (2.5E-14) 2.7E-06  7.4088576E-01   399 4.4E+02       c
   257      1  1.0E+00    264 (9.7E-15) 2.7E-06  7.4088576E-01   399 4.4E+02       c
   258      1  1.0E+00    265 (1.1E-14) 2.5E-06  7.4088576E-01   399 4.4E+02       c
   259      1  1.0E+00    266 (1.5E-14) 2.3E-06  7.4088576E-01   399 4.4E+02   R   c

 Major Minors     Step   nCon Feasible  Optimal  MeritFunction    nS Penalty
   260      1  1.0E+00    267 (2.5E-14) 2.3E-06  7.4088576E-01   399 4.4E+02 s     c
   261      1  1.0E+00    268 (4.5E-14) 2.2E-06  7.4088576E-01   399 4.4E+02       c
   262      1  1.0E+00    269 (2.1E-14) 2.1E-06  7.4088576E-01   399 4.4E+02       c
   263      1  1.0E+00    270 (1.2E-14)(2.0E-06) 7.4088576E-01   399 4.4E+02       c
 
 SNOPTA EXIT   0 -- finished successfully
 SNOPTA INFO   1 -- optimality conditions satisfied

 Problem name
 No. of iterations                 752   Objective value      7.4088575734E-01
 No. of major iterations           263   Linear objective     0.0000000000E+00
 Penalty parameter           4.356E+02   Nonlinear objective  7.4088575734E-01
 No. of calls to funobj         280993   No. of calls to funcon         280993
 Calls with modes 1,2 (known g)    270   Calls with modes 1,2 (known g)    270
 Calls for forward differencing 264315   Calls for forward differencing 264315
 Calls for central differencing  16080   Calls for central differencing  16080
 No. of superbasics                399   No. of basic nonlinears           606
 No. of degenerate steps             1   Percentage                        .13
 Max x                     202 6.0E+00   Max pi                    605 1.2E+00
 Max Primal infeas           0 0.0E+00   Max Dual infeas           946 4.4E-06
 Nonlinear constraint violn    6.9E-13

 Solution not printed
