 

 Nonlinear constraints     909     Linear constraints       0
 Nonlinear variables      1505     Linear variables         0
 Jacobian  variables      1505     Objective variables   1505
 Total constraints         909     Total variables       1505
 

 
 The user has defined       0   out of 1369550   first  derivatives
 XXX  Some first  derivatives are missing --- derivative level reduced to 0
 

 Major Minors     Step   nCon Feasible  Optimal  MeritFunction    nS Penalty
     0     89               1  2.0E-01  1.0E+00  3.3826877E+05    87           r i

        Minor   QPmult   nInf   SumInf   rgNorm  Elastic QPobj    nS cgItns
          100 -1.5E+01      1  6.3E-01  4.5E-13  7.3017364E+04   184

 Major Minors     Step   nCon Feasible  Optimal  MeritFunction    nS Penalty
     1    101  3.5E-02      2  2.0E-01  6.7E-01  3.2734234E+05   185         n rli
     2     71  5.7E-02      4  1.9E-01  2.8E+00  3.0848834E+05   253         n rl

        Minor   QPmult   nInf   SumInf   rgNorm  Elastic QPobj    nS cgItns
          100 -1.3E+00                  2.6E-10  3.0843940E+03   325

 Major Minors     Step   nCon Feasible  Optimal  MeritFunction    nS Penalty
     3    127  1.0E+00      6  1.7E-03  3.0E-01 -5.9860529E+03   352         sM   T

        Minor   QPmult   nInf   SumInf   rgNorm  Elastic QPobj    nS cgItns
          100 -2.6E-02                  8.3E-12 -5.1597867E+03   443

 Major Minors     Step   nCon Feasible  Optimal  MeritFunction    nS Penalty
     4    108  1.0E+00      8  3.2E-04  1.4E+00 -2.0889489E+02   451 4.8E+05 sM   T

        Minor   QPmult   nInf   SumInf   rgNorm  Elastic QPobj    nS cgItns
          100  1.1E-01                  8.5E-10 -7.0762745E+03   513

 Major Minors     Step   nCon Feasible  Optimal  MeritFunction    nS Penalty
     5    154  2.7E-02     10  5.3E-02  1.3E+00 -1.9446768E+04   550 1.7E+03  m l T

        Minor   QPmult   nInf   SumInf   rgNorm  Elastic QPobj    nS cgItns
          100                           1.0E-14 -8.9370750E+03   599

 Major Minors     Step   nCon Feasible  Optimal  MeritFunction    nS Penalty
     6    100  6.9E-02     11  5.7E-02  8.9E-01 -5.7163179E+03   599 3.0E+02
     7      2  4.5E-03     12  5.8E-02  2.9E+00 -4.0107136E+03   599 2.9E+02
     8      2  3.0E-03     13  6.4E-02  3.1E+00 -1.7644555E+04   599 7.6E+01   R
     9      2  1.0E+00     14  5.6E-04  1.9E+00  6.0070318E+03   599 1.2E+03 s

 Major Minors     Step   nCon Feasible  Optimal  MeritFunction    nS Penalty
    10      1  1.0E+00     15  8.8E-06  3.0E+00  1.5756006E+03   599 1.2E+02
    11      1  1.0E+00     16 (9.2E-07) 3.8E+00  1.5406931E+03   599 8.6E+01
    12      2  1.0E+00     17  1.6E-04  9.7E-01  1.2692590E+03   599 8.6E+01
    13      2  1.0E+00     18  9.2E-05  1.3E+00  1.2070883E+03   599 8.6E+01
    14      1  1.0E+00     19  2.4E-05  1.0E+00  1.1345996E+03   599 8.6E+01   R
    15      1  1.0E+00     20  2.1E-06  1.7E+00  1.0715795E+03   599 8.6E+01 s
    16      1  1.0E+00     21  4.7E-05  1.2E+00  8.9070970E+02   599 8.6E+01
    17      1  3.9E-01     22  3.6E-05  1.2E+00  8.5985240E+02   599 8.6E+01
    18      1  1.0E+00     23  5.8E-05  1.0E+00  8.0756211E+02   599 8.6E+01
    19      1  1.0E+00     24  9.8E-05  1.1E+00  7.6381542E+02   599 8.6E+01

 Major Minors     Step   nCon Feasible  Optimal  MeritFunction    nS Penalty
    20      1  1.0E+00     25  4.8E-06  1.3E+00  7.4723763E+02   599 8.6E+01   R
    21      1  1.0E+00     26  5.6E-06  1.2E+00  7.3178675E+02   599 8.6E+01 s
    22      1  1.0E+00     27  8.5E-04  8.5E-01  5.4823497E+02   599 8.6E+01
    23      1  1.0E+00     28  9.2E-04  9.1E-01  4.3447798E+02   599 8.6E+01
    24      1  3.9E-01     29  5.9E-04  9.9E-01  3.9546580E+02   599 8.6E+01
    25      2  2.7E-01     30  4.6E-04  1.0E+00  3.3709839E+02   599 8.6E+01
    26      1  1.0E+00     31  3.2E-05  9.7E-01  3.2075059E+02   599 3.0E+02   R
    27      1  1.0E+00     32  1.5E-05  1.1E+00  3.1260362E+02   599 2.3E+02 s
    28      1  1.0E+00     33  1.9E-04  1.0E+00  2.9315813E+02   599 2.3E+02
    29      1  1.0E+00     34  6.4E-05  1.0E+00  2.8685262E+02   599 2.3E+02

 Major Minors     Step   nCon Feasible  Optimal  MeritFunction    nS Penalty
    30      1  1.0E+00     35  1.3E-05  1.0E+00  2.8235611E+02   599 2.3E+02
    31      1  1.0E+00     36  5.3E-06  1.0E+00  2.7813691E+02   599 2.3E+02
    32      1  1.0E+00     37  1.0E-05  1.0E+00  2.7273048E+02   599 2.3E+02   R
    33      1  1.0E+00     38 (9.5E-07) 1.0E+00  2.7075160E+02   599 2.3E+02 s
    34      1  1.0E+00     39  1.1E-05  1.0E+00  2.6215853E+02   599 2.3E+02
    35      1  1.0E+00     40  2.8E-03  9.9E-01  2.4841805E+02   599 2.3E+02
    36      1  1.0E+00     41  4.6E-04  9.7E-01  2.1507496E+02   599 2.3E+02
    37      1  1.0E+00     42  1.7E-04  9.9E-01  1.9467744E+02   599 2.3E+02
    38      1  1.0E+00     43  6.1E-04  9.5E-01  1.6414748E+02   599 2.3E+02   R
    39      1  1.0E+00     44  1.6E-05  8.4E-01  1.4630853E+02   599 2.3E+02 s

 Major Minors     Step   nCon Feasible  Optimal  MeritFunction    nS Penalty
    40      1  1.0E+00     45  2.5E-04  7.8E-01  1.2824708E+02   599 2.3E+02
    41      1  1.0E+00     46  7.7E-04  7.4E-01  9.8576230E+01   599 2.3E+02
    42      1  1.0E+00     47  3.9E-05  5.6E-01  8.3123735E+01   599 2.3E+02
    43      1  1.0E+00     48  3.5E-04  6.3E-01  6.5532088E+01   599 2.3E+02
    44      1  1.0E+00     49  6.0E-05  6.9E-01  5.3902347E+01   599 2.3E+02   R
    45      1  1.0E+00     50  4.8E-05  6.9E-01  4.7706351E+01   599 2.3E+02 s
    46      1  1.0E+00     51  2.9E-04  6.6E-01  4.0550754E+01   599 2.3E+02
    47      1  1.0E+00     52  1.8E-04  1.1E+00  3.2752968E+01   599 2.3E+02
    48      1  1.0E+00     53  2.1E-04  1.0E+00  2.9450933E+01   599 2.3E+02
    49      1  1.0E+00     54  2.0E-05  1.0E+00  2.7120423E+01   599 2.3E+02

 Major Minors     Step   nCon Feasible  Optimal  MeritFunction    nS Penalty
    50      1  1.0E+00     55  1.1E-04  6.6E-01  2.4379006E+01   599 2.3E+02   R
    51      1  1.0E+00     56  1.6E-05  1.2E+00  2.3765695E+01   599 2.3E+02 s
    52      1  1.0E+00     57  1.2E-05  1.1E+00  2.2782778E+01   599 2.3E+02
    53      1  1.0E+00     58  1.5E-05  1.2E+00  2.1518464E+01   599 2.3E+02
    54      2  1.0E+00     59  5.0E-05  1.3E+00  1.9817303E+01   599 2.3E+02
    55      2  1.0E+00     60  1.9E-04  1.3E+00  1.7128966E+01   599 2.3E+02
    56      2  1.0E+00     61  8.4E-06  9.0E-01  1.5412830E+01   599 2.3E+02   R
    57      1  1.0E+00     62  9.9E-06  1.6E+00  1.4189022E+01   599 2.3E+02 s
    58      1  1.0E+00     63  5.2E-05  1.3E+00  1.2223511E+01   599 2.3E+02
    59      1  1.0E+00     64  7.1E-05  1.3E+00  1.0861262E+01   599 2.3E+02

 Major Minors     Step   nCon Feasible  Optimal  MeritFunction    nS Penalty
    60      1  1.0E+00     65  5.0E-05  1.3E+00  9.7984267E+00   599 2.3E+02
    61      1  1.0E+00     66  1.0E-05  1.3E+00  9.2475861E+00   599 2.3E+02
    62      1  1.0E+00     67  4.3E-06  1.3E+00  8.9587348E+00   599 2.3E+02   R
    63      1  1.0E+00     68  1.1E-06  1.3E+00  8.8340692E+00   599 2.3E+02 s
    64      1  1.0E+00     69  2.3E-05  1.4E+00  8.7083772E+00   599 2.3E+02
    65      1  1.0E+00     70  8.9E-06  1.4E+00  8.5205621E+00   599 2.3E+02
    66      1  1.0E+00     71  1.5E-06  1.4E+00  8.4067235E+00   599 2.3E+02
    67      1  1.0E+00     72 (7.6E-07) 1.4E+00  8.3219867E+00   599 2.3E+02
    68      1  1.0E+00     73  2.5E-06  1.4E+00  8.2695626E+00   599 2.3E+02   R
    69      1  3.9E-01     74  1.5E-06  1.4E+00  8.2560701E+00   599 2.3E+02 s

 Major Minors     Step   nCon Feasible  Optimal  MeritFunction    nS Penalty
    70      1  1.0E+00     75 (2.5E-08) 1.4E+00  8.2498082E+00   599 2.3E+02
    71      1  1.0E+00     76 (6.7E-08) 1.4E+00  8.2418610E+00   599 2.3E+02
    72      1  1.0E+00     77 (6.8E-08) 1.4E+00  8.2326537E+00   599 2.3E+02
    73      1  1.0E+00     78 (1.0E-07) 1.4E+00  8.2232123E+00   599 2.3E+02
    74      1  1.0E+00     79 (1.3E-07) 1.4E+00  8.2146554E+00   599 2.3E+02   R
    75      1  1.0E+00     80 (8.0E-09) 1.4E+00  8.2107023E+00   599 2.3E+02 s
    76      1  4.5E-01     81 (6.9E-07) 1.4E+00  8.2026185E+00   599 2.3E+02
    77      1  1.0E+00     82  1.2E-06  1.4E+00  8.2020289E+00   599 2.3E+02
    78      1  1.0E+00     83 (3.2E-07) 1.4E+00  8.1920704E+00   599 2.3E+02
    79      1  1.0E+00     84 (7.4E-07) 1.4E+00  8.1830738E+00   599 2.3E+02

 Major Minors     Step   nCon Feasible  Optimal  MeritFunction    nS Penalty
    80      1  1.0E+00     85 (3.5E-08) 1.4E+00  8.1705103E+00   599 2.3E+02   R
    81      1  1.0E+00     86 (7.0E-08) 1.4E+00  8.1606629E+00   599 2.3E+02 s
    82      1  1.0E+00     87 (6.9E-07) 1.4E+00  8.0969196E+00   599 2.3E+02
    83      1  1.0E+00     88  6.5E-06  1.3E+00  7.7825756E+00   599 2.3E+02
    84      1  1.0E+00     89  2.6E-05  1.3E+00  7.1660624E+00   599 2.3E+02
    85      1  1.0E+00     90  5.5E-05  8.7E-01  6.0528401E+00   599 2.3E+02
    86      1  1.0E+00     91  3.5E-04  5.1E-01  4.1859809E+00   599 2.3E+02   R
    87      1  4.7E-01     92  1.9E-04  2.5E-01  3.7217906E+00   599 2.3E+02 s
    88      2  1.0E+00     93  1.5E-05  4.2E-01  3.0644493E+00   599 2.8E+02
    89      1  1.0E+00     94  2.1E-05  4.1E-01  2.4973009E+00   599 2.8E+02

 Major Minors     Step   nCon Feasible  Optimal  MeritFunction    nS Penalty
    90      1  1.0E+00     95  2.7E-06  4.6E-01  2.2676989E+00   599 2.8E+02
    91      1  1.0E+00     96  7.4E-06  3.8E-01  2.0392099E+00   599 2.8E+02
    92      1  1.0E+00     97  1.7E-05  4.0E-01  1.6998543E+00   599 2.8E+02   R
    93      1  1.0E+00     98  2.4E-06  2.3E-01  1.5619280E+00   599 2.8E+02 s
    94      1  1.0E+00     99  5.5E-06  2.5E-01  1.4386154E+00   599 2.8E+02
    95      1  1.0E+00    100  1.2E-06  2.6E-01  1.3463351E+00   599 2.8E+02
    96      1  1.0E+00    101  1.3E-05  1.3E-01  1.1324557E+00   599 2.8E+02
    97      1  1.0E+00    102  8.3E-06  1.2E-01  1.0399921E+00   599 2.8E+02
    98      1  1.0E+00    103  2.1E-05  1.2E-01  9.1113225E-01   599 2.8E+02   R
    99      1  1.0E+00    104 (4.1E-07) 3.0E-02  8.6760293E-01   599 2.8E+02 s

 Major Minors     Step   nCon Feasible  Optimal  MeritFunction    nS Penalty
   100      1  4.5E-01    105  2.7E-06  5.5E-02  8.1505813E-01   599 2.8E+02
   101      1  2.9E-01    106  2.6E-06  1.0E-01  7.9241216E-01   599 2.8E+02
   102      1  3.9E-01    107  1.9E-06  3.9E-02  7.8239370E-01   599 2.8E+02
   103      1  1.0E+00    108 (8.9E-07) 4.2E-02  7.7522440E-01   599 2.8E+02
   104      1  1.0E+00    109  1.0E-06  1.1E-02  7.6148147E-01   599 2.8E+02   R
   105      1  4.9E-01    110 (4.3E-07) 2.1E-02  7.5716857E-01   599 2.8E+02 s
   106      1  1.0E+00    111 (2.3E-07) 2.4E-02  7.5624825E-01   599 2.8E+02
   107      1  1.0E+00    112 (4.8E-08) 1.3E-02  7.5346757E-01   599 2.8E+02
   108      1  1.0E+00    113 (1.3E-07) 2.2E-02  7.5086759E-01   599 2.8E+02
   109      1  1.0E+00    114 (1.7E-07) 5.4E-03  7.4826772E-01   599 2.8E+02

 Major Minors     Step   nCon Feasible  Optimal  MeritFunction    nS Penalty
   110      1  1.0E+00    115 (1.3E-07) 2.9E-03  7.4627361E-01   599 2.8E+02   R
   111      1  1.0E+00    116 (4.2E-09) 7.7E-03  7.4580772E-01   599 2.8E+02 s
   112      1  4.8E-01    117 (4.1E-08) 2.0E-03  7.4527824E-01   599 2.8E+02
   113      1  1.0E+00    118 (1.8E-08) 1.5E-03  7.4518469E-01   599 2.8E+02
   114      1  1.0E+00    119 (3.8E-09) 3.1E-03  7.4509525E-01   599 2.8E+02
   115      1  1.0E+00    120 (1.9E-09) 1.8E-03  7.4502503E-01   599 2.8E+02
   116      1  1.0E+00    121 (2.5E-09) 3.3E-04  7.4493828E-01   599 2.8E+02   R
   117      1  1.0E+00    122 (1.9E-09) 1.3E-03  7.4493017E-01   599 2.8E+02 s
   118      1  1.0E+00    123 (1.9E-10) 3.4E-04  7.4490697E-01   599 2.8E+02
   119      1  1.0E+00    124 (2.8E-10) 7.5E-04  7.4488890E-01   599 2.8E+02

 Major Minors     Step   nCon Feasible  Optimal  MeritFunction    nS Penalty
   120      1  1.0E+00    125 (2.2E-09) 5.2E-04  7.4484865E-01   599 2.8E+02
   121      1  1.0E+00    126 (3.3E-09) 6.3E-04  7.4482293E-01   599 2.8E+02
   122      1  1.0E+00    127 (5.6E-10) 6.4E-04  7.4481598E-01   599 2.8E+02   R
   123      1  1.0E+00    128 (4.1E-11) 3.1E-04  7.4481390E-01   599 2.8E+02 s
   124      1  1.0E+00    129 (7.7E-10) 3.1E-04  7.4481206E-01   599 2.8E+02
   125      1  2.7E-01    130 (5.6E-10) 8.9E-05  7.4481164E-01   599 2.8E+02
   126      1  1.0E+00    131 (9.3E-11) 1.1E-04  7.4481161E-01   599 2.8E+02
   127      1  1.0E+00    132 (3.0E-11) 1.4E-04  7.4481151E-01   599 2.8E+02
   128      1  1.0E+00    133 (6.6E-11) 5.1E-05  7.4481113E-01   599 2.8E+02   R
   129      1  3.9E-01    134 (4.8E-11) 7.8E-05  7.4481095E-01   599 2.8E+02 s

 Major Minors     Step   nCon Feasible  Optimal  MeritFunction    nS Penalty
   130      1  1.0E+00    135 (1.5E-12) 2.7E-05  7.4481092E-01   599 2.8E+02
   131      1  1.0E+00    136 (3.8E-13) 5.1E-05  7.4481087E-01   599 2.8E+02
   132      1  1.0E+00    137 (7.4E-13) 4.2E-05  7.4481080E-01   599 2.8E+02
   133      1  1.0E+00    138 (3.9E-12) 3.5E-05  7.4481071E-01   599 2.8E+02
   134      1  1.0E+00    139 (3.8E-12) 5.5E-05  7.4481064E-01   599 2.8E+02   R
   135      1  1.0E+00    140 (1.1E-12) 3.6E-05  7.4481063E-01   599 2.8E+02 s
   136      1  1.0E+00    141 (1.5E-13) 2.9E-05  7.4481061E-01   599 2.8E+02
   137      1  1.0E+00    142 (2.2E-13) 2.1E-05  7.4481061E-01   599 2.8E+02
   138      1  1.0E+00    143 (7.0E-13) 1.4E-05  7.4481060E-01   599 2.8E+02
   139      1  1.0E+00    144 (1.3E-13) 6.9E-06  7.4481060E-01   599 2.8E+02

 Major Minors     Step   nCon Feasible  Optimal  MeritFunction    nS Penalty
   140      1  1.0E+00    145 (5.3E-14) 3.2E-06  7.4481059E-01   599 2.8E+02   R

 Major Minors     Step   nCon Feasible  Optimal  MeritFunction    nS Penalty
   140      2  1.0E+00    145 (5.3E-14) 4.0E-06  7.4481059E-01   599 2.8E+02   R   c
   141      1  1.0E+00    146 (1.0E-14) 2.2E-05  7.4481059E-01   599 2.8E+02 s
   142      1  2.7E-01    147 (1.4E-13) 3.0E-06  7.4481059E-01   599 2.8E+02
   143      1  1.0E+00    148 (4.5E-13) 1.4E-05  7.4481059E-01   599 2.8E+02
   144      1  3.7E-01    149 (4.6E-13) 6.7E-06  7.4481059E-01   599 2.8E+02
   145      1  1.0E+00    150 (2.4E-13) 2.4E-06  7.4481058E-01   599 2.8E+02
   146      1  1.0E+00    151 (2.1E-13) 2.4E-06  7.4481058E-01   599 2.8E+02   R
   147      1  1.6E-01    152 (1.9E-13) 4.3E-06  7.4481058E-01   599 2.8E+02 s
   147      2  1.0E+00    152 (1.9E-13) 2.8E-06  7.4481058E-01   599 2.8E+02 s     c
   148      1  1.0E+00    153 (3.8E-15)(6.0E-07) 7.4481058E-01   599 2.8E+02       c
 
 SNOPTA EXIT   0 -- finished successfully
 SNOPTA INFO   1 -- optimality conditions satisfied

 Problem name
 No. of iterations                 904   Objective value      7.4481058228E-01
 No. of major iterations           148   Linear objective     0.0000000000E+00
 Penalty parameter           2.762E+02   Nonlinear objective  7.4481058228E-01
 No. of calls to funobj         239644   No. of calls to funcon         239644
 Calls with modes 1,2 (known g)    153   Calls with modes 1,2 (known g)    153
 Calls for forward differencing 227255   Calls for forward differencing 227255
 Calls for central differencing  12040   Calls for central differencing  12040
 No. of superbasics                599   No. of basic nonlinears           906
 No. of degenerate steps             1   Percentage                        .11
 Max x                     301 1.0E+01   Max pi                    905 1.3E+00
 Max Primal infeas           0 0.0E+00   Max Dual infeas           604 1.4E-06
 Nonlinear constraint violn    3.4E-13

 Solution not printed
