
 
 ===>  WARNING - variable     1003 has no Jacobian entries.
 ===>  WARNING - variable     1004 has no Jacobian entries.
 ===>  WARNING - variable     1005 has no Jacobian entries.
 

 Nonlinear constraints       3     Linear constraints       0
 Nonlinear variables      1002     Linear variables         3
 Jacobian  variables      1002     Objective variables   1002
 Total constraints           3     Total variables       1005
 

 
 The user has defined       0   out of    4008   first  derivatives
 XXX  Some first  derivatives are missing --- derivative level reduced to 0
 

 Major Minors     Step   nCon Feasible  Optimal  MeritFunction    nS Penalty
     0     99               1 (0.0E+00) 2.7E+00  1.9767500E+02    99           r  T

        Minor   QPmult   nInf   SumInf   rgNorm    QPobjective    nS cgItns
          100 -1.2E-01                  1.4E-17 -4.7171658E+02   198

 Major Minors     Step   nCon Feasible  Optimal  MeritFunction    nS Penalty
     1    100  1.1E-01      2 (0.0E+00) 2.7E+00  7.3651438E+01   198         n rl T
     2      3  8.2E-02      3 (0.0E+00) 6.1E+00  3.9597515E+01   200         s  l
     3      1  4.3E-01      4 (0.0E+00) 4.6E-01  5.5224351E+00   200
     4      1  1.0E+00      5 (0.0E+00) 6.1E-01  4.7598274E+00   200
     5      1  1.0E+00      6 (0.0E+00) 4.5E-01  4.3038199E+00   200
     6      1  1.0E+00      7 (0.0E+00) 2.7E-01  1.8731241E+00   200
     7      1  1.0E+00      8 (0.0E+00) 3.1E-01  1.5134392E+00   200           R
     8      1  1.6E-01      9 (0.0E+00) 1.0E-01  1.4742728E+00   200         s
     9      1  1.0E+00     10 (0.0E+00) 9.8E-02  1.4560054E+00   200

 Major Minors     Step   nCon Feasible  Optimal  MeritFunction    nS Penalty
    10      1  1.0E+00     11 (0.0E+00) 4.1E-02  1.2761789E+00   200
    11      1  1.0E+00     12 (0.0E+00) 4.4E-02  1.2717151E+00   200
    12      1  1.0E+00     13 (0.0E+00) 8.8E-02  1.2501688E+00   200
    13      1  1.0E+00     14 (0.0E+00) 1.3E-01  1.2221402E+00   200           R
    14      1  1.0E+00     15 (0.0E+00) 6.6E-02  1.2161329E+00   200         s
    15      1  1.0E+00     16 (0.0E+00) 6.0E-02  1.1917165E+00   200
    16      1  1.0E+00     17 (0.0E+00) 1.1E-01  1.1388967E+00   200
    17      1  1.0E+00     18 (0.0E+00) 7.6E-02  1.1283765E+00   200
    18      1  1.0E+00     19 (0.0E+00) 4.5E-02  1.1177274E+00   200
    19      1  1.0E+00     20 (0.0E+00) 1.0E-01  1.0990580E+00   200           R

 Major Minors     Step   nCon Feasible  Optimal  MeritFunction    nS Penalty
    20      1  4.9E-01     21 (0.0E+00) 6.3E-02  1.0906688E+00   200         s
    21      1  1.0E+00     22 (0.0E+00) 6.0E-02  1.0873163E+00   200
    22      1  1.0E+00     23 (0.0E+00) 4.3E-02  1.0406332E+00   200
    23      1  1.0E+00     24 (0.0E+00) 4.9E-02  1.0388662E+00   200
    24      1  1.0E+00     25 (0.0E+00) 1.0E-01  1.0134230E+00   200
    25      1  1.0E+00     26 (0.0E+00) 1.3E-01  9.8778809E-01   200           R
    26      1  1.0E+00     27 (0.0E+00) 6.9E-02  9.8296279E-01   200         s
    27      1  1.0E+00     28 (0.0E+00) 4.6E-02  9.7132694E-01   200
    28      1  1.0E+00     29 (0.0E+00) 7.8E-02  9.4252564E-01   200
    29      1  1.0E+00     30 (0.0E+00) 4.4E-02  9.3728291E-01   200

 Major Minors     Step   nCon Feasible  Optimal  MeritFunction    nS Penalty
    30      1  1.0E+00     31 (0.0E+00) 2.1E-02  9.3545009E-01   200
    31      1  1.0E+00     32 (0.0E+00) 4.5E-02  9.3345967E-01   200           R
    32      1  1.0E+00     33 (0.0E+00) 4.3E-02  9.3248585E-01   200         s
    33      1  1.0E+00     34 (0.0E+00) 3.1E-02  9.3129635E-01   200
    34      1  1.0E+00     35 (0.0E+00) 6.7E-02  9.2390492E-01   200
    35      1  1.0E+00     36 (0.0E+00) 1.0E-01  9.1610621E-01   200
    36      1  1.0E+00     37 (0.0E+00) 1.0E-01  9.0825101E-01   200
    37      1  1.0E+00     38 (0.0E+00) 7.3E-02  9.0425906E-01   200           R
    38      1  1.0E+00     39 (0.0E+00) 4.4E-02  9.0232220E-01   200         s
    39      1  1.0E+00     40 (0.0E+00) 3.3E-02  8.8855267E-01   200

 Major Minors     Step   nCon Feasible  Optimal  MeritFunction    nS Penalty
    40      1  1.0E+00     41 (0.0E+00) 2.2E-02  8.8290789E-01   200
    41      1  1.0E+00     42 (0.0E+00) 1.6E-02  8.8168174E-01   200
    42      1  1.0E+00     43 (0.0E+00) 3.7E-02  8.7271372E-01   200
    43      1  1.0E+00     44 (0.0E+00) 6.6E-02  8.6017490E-01   200           R
    44      1  3.1E-01     45 (0.0E+00) 3.4E-02  8.5707479E-01   200         s
    45      1  1.0E+00     46 (0.0E+00) 3.2E-02  8.5600922E-01   200
    46      1  1.0E+00     47 (0.0E+00) 1.9E-02  8.4485481E-01   200
    47      1  1.0E+00     48 (0.0E+00) 1.9E-02  8.4470186E-01   200
    48      1  1.0E+00     49 (0.0E+00) 6.0E-02  8.3544684E-01   200
    49      1  1.0E+00     50 (0.0E+00) 7.8E-02  8.2886803E-01   200           R

 Major Minors     Step   nCon Feasible  Optimal  MeritFunction    nS Penalty
    50      1  1.0E+00     51 (0.0E+00) 2.6E-02  8.2723004E-01   200         s
    51      1  1.0E+00     52 (0.0E+00) 2.3E-02  8.2632567E-01   200
    52      1  1.0E+00     53 (0.0E+00) 1.6E-02  8.2163372E-01   200
    53      1  1.0E+00     54 (0.0E+00) 1.1E-02  8.2149505E-01   200
    54      1  1.0E+00     55 (0.0E+00) 1.7E-02  8.2129710E-01   200
    55      1  1.0E+00     56 (0.0E+00) 2.9E-02  8.2086819E-01   200           R
    56      1  1.0E+00     57 (0.0E+00) 1.5E-02  8.2058462E-01   200         s
    57      1  1.0E+00     58 (0.0E+00) 1.3E-02  8.2048044E-01   200
    58      1  1.0E+00     59 (0.0E+00) 3.4E-02  8.1860010E-01   200
    59      1  1.0E+00     60 (0.0E+00) 3.4E-02  8.1805549E-01   200

 Major Minors     Step   nCon Feasible  Optimal  MeritFunction    nS Penalty
    60      1  1.0E+00     61 (0.0E+00) 2.6E-02  8.1756684E-01   200
    61      1  1.0E+00     62 (0.0E+00) 1.9E-02  8.1694836E-01   200           R
    62      1  1.0E+00     63 (0.0E+00) 2.8E-02  8.1655139E-01   200         s
    63      1  1.0E+00     64 (0.0E+00) 3.1E-02  8.1488992E-01   200
    64      1  1.0E+00     65 (0.0E+00) 1.5E-02  8.1375209E-01   200
    65      1  1.0E+00     66 (0.0E+00) 1.0E-02  8.1357164E-01   200
    66      1  1.0E+00     67 (0.0E+00) 2.2E-02  8.1296044E-01   200
    67      1  1.0E+00     68 (0.0E+00) 4.0E-02  8.1178594E-01   200           R
    68      1  4.3E-01     69 (0.0E+00) 1.1E-02  8.1118978E-01   200         s
    69      1  1.0E+00     70 (0.0E+00) 1.1E-02  8.1106115E-01   200

 Major Minors     Step   nCon Feasible  Optimal  MeritFunction    nS Penalty
    70      1  1.0E+00     71 (0.0E+00) 1.4E-02  8.0973102E-01   200
    71      1  1.0E+00     72 (0.0E+00) 1.4E-02  8.0966992E-01   200
    72      1  1.0E+00     73 (0.0E+00) 2.0E-02  8.0668162E-01   200
    73      1  1.0E+00     74 (0.0E+00) 2.2E-02  8.0302065E-01   200           R
    74      1  1.0E+00     75 (0.0E+00) 2.8E-02  8.0259677E-01   200         s
    75      1  4.7E-01     76 (0.0E+00) 2.2E-02  7.9989471E-01   200
    76      1  1.0E+00     77 (0.0E+00) 8.1E-03  7.9950859E-01   200
    77      1  1.0E+00     78 (0.0E+00) 9.1E-03  7.9939752E-01   200
    78      1  1.0E+00     79 (0.0E+00) 3.5E-02  7.9463927E-01   200
    79      1  1.0E+00     80 (0.0E+00) 2.5E-02  7.9342578E-01   200           R

 Major Minors     Step   nCon Feasible  Optimal  MeritFunction    nS Penalty
    80      1  1.9E-01     81 (0.0E+00) 6.1E-03  7.9322623E-01   200         s
    81      1  1.0E+00     82 (0.0E+00) 5.8E-03  7.9315490E-01   200
    82      1  1.0E+00     83 (0.0E+00) 3.7E-03  7.9256897E-01   200
    83      1  1.0E+00     84 (0.0E+00) 3.7E-03  7.9256687E-01   200
    84      1  1.0E+00     85 (0.0E+00) 2.9E-03  7.9245672E-01   200
    85      1  1.0E+00     86 (0.0E+00) 4.3E-03  7.9239566E-01   200           R
    86      1  1.0E+00     87 (0.0E+00) 5.3E-03  7.9238119E-01   200         s
    87      1  4.5E-01     88 (0.0E+00) 7.4E-03  7.9227948E-01   200
    88      1  1.0E+00     89 (0.0E+00) 3.1E-03  7.9225647E-01   200
    89      1  1.0E+00     90 (0.0E+00) 3.1E-03  7.9223990E-01   200

 Major Minors     Step   nCon Feasible  Optimal  MeritFunction    nS Penalty
    90      1  1.0E+00     91 (0.0E+00) 6.8E-03  7.9214931E-01   200
    91      1  1.0E+00     92 (0.0E+00) 8.1E-03  7.9204917E-01   200           R
    92      1  1.7E-01     93 (0.0E+00) 4.5E-03  7.9201056E-01   200         s
    93      1  1.0E+00     94 (0.0E+00) 4.3E-03  7.9200257E-01   200
    94      1  1.0E+00     95 (0.0E+00) 2.4E-03  7.9191898E-01   200
    95      1  1.0E+00     96 (0.0E+00) 2.4E-03  7.9191791E-01   200
    96      1  1.0E+00     97 (0.0E+00) 3.2E-03  7.9180611E-01   200
    97      1  1.0E+00     98 (0.0E+00) 4.5E-03  7.9173456E-01   200           R
    98      1  1.0E+00     99 (0.0E+00) 4.2E-03  7.9172259E-01   200         s
    99      1  1.8E-01    100 (0.0E+00) 8.9E-03  7.9169753E-01   200

 Major Minors     Step   nCon Feasible  Optimal  MeritFunction    nS Penalty
   100      1  3.0E-01    101 (0.0E+00) 2.2E-03  7.9161075E-01   200
   101      1  1.0E+00    102 (0.0E+00) 2.1E-03  7.9160037E-01   200
   102      1  1.0E+00    103 (0.0E+00) 1.9E-03  7.9124105E-01   200
   103      1  1.0E+00    104 (0.0E+00) 1.2E-03  7.9123417E-01   200           R
   104      1  1.0E+00    105 (0.0E+00) 1.0E-03  7.9123133E-01   200         s
   105      1  6.0E-02    106 (0.0E+00) 1.8E-03  7.9122431E-01   200
   106      1  1.0E+00    107 (0.0E+00) 5.6E-04  7.9122109E-01   200
   107      1  1.0E+00    108 (0.0E+00) 8.5E-04  7.9121794E-01   200
   108      1  1.0E+00    109 (0.0E+00) 6.1E-04  7.9121517E-01   200
   109      1  1.0E+00    110 (0.0E+00) 4.3E-04  7.9120966E-01   200           R

 Major Minors     Step   nCon Feasible  Optimal  MeritFunction    nS Penalty
   110      1  1.0E+00    111 (0.0E+00) 8.4E-04  7.9120922E-01   200         s
   111      1  1.4E-01    112 (0.0E+00) 4.1E-04  7.9120905E-01   200
   112      1  1.0E+00    113 (0.0E+00) 4.4E-04  7.9120905E-01   200
   113      1  1.0E+00    114 (0.0E+00) 2.9E-04  7.9120803E-01   200
   114      1  1.0E+00    115 (0.0E+00) 2.7E-04  7.9120771E-01   200
   115      1  1.0E+00    116 (0.0E+00) 3.9E-04  7.9120549E-01   200           R
   116      1  2.7E-01    117 (0.0E+00) 7.0E-04  7.9120528E-01   200         s
   117      1  1.0E+00    118 (0.0E+00) 3.2E-04  7.9120481E-01   200
   118      1  1.0E+00    119 (0.0E+00) 2.6E-04  7.9120476E-01   200
   119      1  1.0E+00    120 (0.0E+00) 3.8E-04  7.9120445E-01   200

 Major Minors     Step   nCon Feasible  Optimal  MeritFunction    nS Penalty
   120      1  1.0E+00    121 (0.0E+00) 5.6E-04  7.9120412E-01   200
   121      1  1.0E+00    122 (0.0E+00) 6.0E-04  7.9120366E-01   200           R
   122      1  4.9E-01    123 (0.0E+00) 1.8E-04  7.9120356E-01   200         s
   123      1  1.0E+00    124 (0.0E+00) 1.6E-04  7.9120341E-01   200
   124      1  1.0E+00    125 (0.0E+00) 2.1E-04  7.9120314E-01   200
   125      1  1.0E+00    126 (0.0E+00) 2.2E-04  7.9120312E-01   200
   126      1  1.0E+00    127 (0.0E+00) 2.1E-04  7.9120276E-01   200
   127      1  1.0E+00    128 (0.0E+00) 2.5E-04  7.9120260E-01   200           R
   128      1  1.0E+00    129 (0.0E+00) 3.5E-04  7.9120256E-01   200         s
   129      1  1.0E+00    130 (0.0E+00) 3.1E-04  7.9120233E-01   200

 Major Minors     Step   nCon Feasible  Optimal  MeritFunction    nS Penalty
   130      1  1.0E+00    131 (0.0E+00) 2.0E-04  7.9120227E-01   200
   131      1  1.0E+00    132 (0.0E+00) 2.6E-04  7.9120220E-01   200
   132      1  1.0E+00    133 (0.0E+00) 4.2E-04  7.9120195E-01   200
   133      1  1.0E+00    134 (0.0E+00) 5.8E-04  7.9120153E-01   200           R
   134      1  2.1E-01    135 (0.0E+00) 1.8E-04  7.9120143E-01   200         s
   135      1  1.0E+00    136 (0.0E+00) 1.7E-04  7.9120140E-01   200
   136      1  1.0E+00    137 (0.0E+00) 1.6E-04  7.9120119E-01   200
   137      1  1.0E+00    138 (0.0E+00) 1.6E-04  7.9120118E-01   200
   138      1  1.0E+00    139 (0.0E+00) 1.9E-04  7.9120084E-01   200
   139      1  1.0E+00    140 (0.0E+00) 1.9E-04  7.9120067E-01   200           R

 Major Minors     Step   nCon Feasible  Optimal  MeritFunction    nS Penalty
   140      1  1.0E+00    141 (0.0E+00) 2.0E-04  7.9120063E-01   200         s
   141      1  1.3E-01    142 (0.0E+00) 4.6E-04  7.9120051E-01   200
   142      1  1.0E+00    143 (0.0E+00) 1.5E-04  7.9120030E-01   200
   143      1  1.0E+00    144 (0.0E+00) 1.5E-04  7.9120023E-01   200
   144      1  1.0E+00    145 (0.0E+00) 1.2E-04  7.9119966E-01   200
   145      1  1.0E+00    146 (0.0E+00) 1.3E-04  7.9119952E-01   200           R
   146      1  3.7E-01    147 (0.0E+00) 3.3E-04  7.9119949E-01   200         s
   147      1  1.0E+00    148 (0.0E+00) 2.3E-04  7.9119931E-01   200
   148      1  1.0E+00    149 (0.0E+00) 2.1E-04  7.9119908E-01   200
   149      1  1.0E+00    150 (0.0E+00) 2.1E-04  7.9119906E-01   200

 Major Minors     Step   nCon Feasible  Optimal  MeritFunction    nS Penalty
   150      1  1.0E+00    151 (0.0E+00) 1.5E-04  7.9119899E-01   200
   151      1  1.0E+00    152 (0.0E+00) 1.2E-04  7.9119897E-01   200           R
   152      1  1.0E+00    153 (0.0E+00) 1.0E-04  7.9119896E-01   200         s
   153      1  6.2E-02    154 (0.0E+00) 3.2E-04  7.9119892E-01   200
   154      1  1.0E+00    155 (0.0E+00) 1.1E-04  7.9119872E-01   200
   155      1  1.0E+00    156 (0.0E+00) 1.6E-04  7.9119858E-01   200
   156      1  1.0E+00    157 (0.0E+00) 2.4E-04  7.9119822E-01   200
   157      1  1.0E+00    158 (0.0E+00) 2.7E-04  7.9119774E-01   200           R
   158      1  7.7E-02    159 (0.0E+00) 8.7E-05  7.9119772E-01   200         s
   159      1  1.0E+00    160 (0.0E+00) 8.1E-05  7.9119769E-01   200

 Major Minors     Step   nCon Feasible  Optimal  MeritFunction    nS Penalty
   160      1  1.0E+00    161 (0.0E+00) 9.4E-05  7.9119742E-01   200
   161      1  1.0E+00    162 (0.0E+00) 9.0E-05  7.9119741E-01   200
   162      1  1.0E+00    163 (0.0E+00) 4.3E-05  7.9119735E-01   200
   163      1  1.0E+00    164 (0.0E+00) 4.5E-05  7.9119735E-01   200           R
   163      2  1.0E+00    164 (0.0E+00) 4.5E-05  7.9119735E-01   200           R   c
   164      1  1.0E+00    165 (0.0E+00) 4.3E-05  7.9119735E-01   200         s
   165      1  6.7E-02    166 (0.0E+00) 1.0E-04  7.9119735E-01   200
   166      1  1.0E+00    167 (0.0E+00) 1.1E-04  7.9119728E-01   200
   167      1  1.0E+00    168 (0.0E+00) 1.1E-04  7.9119722E-01   200
   168      1  1.0E+00    169 (0.0E+00) 9.8E-05  7.9119710E-01   200
   169      1  1.0E+00    170 (0.0E+00) 3.6E-05  7.9119704E-01   200           R

 Major Minors     Step   nCon Feasible  Optimal  MeritFunction    nS Penalty
   170      1  5.0E-02    171 (0.0E+00) 5.7E-05  7.9119703E-01   200         s
   171      1  1.0E+00    172 (0.0E+00) 5.1E-05  7.9119703E-01   200
   172      1  1.0E+00    173 (0.0E+00) 3.5E-05  7.9119703E-01   200
   172      2  1.0E+00    173 (0.0E+00) 3.5E-05  7.9119703E-01   200               c
   173      1  1.0E+00    174 (0.0E+00) 3.3E-05  7.9119703E-01   200
   174      1  1.0E+00    175 (0.0E+00) 2.9E-05  7.9119702E-01   200
   175      1  1.0E+00    176 (0.0E+00) 3.5E-05  7.9119702E-01   200           R
   175      2  1.0E+00    176 (0.0E+00) 3.4E-05  7.9119702E-01   200           R   c
   176      1  1.0E+00    177 (0.0E+00) 2.0E-05  7.9119702E-01   200         s
   177      1  1.0E+00    178 (0.0E+00) 2.0E-05  7.9119701E-01   200
   178      1  1.0E+00    179 (0.0E+00) 2.3E-05  7.9119701E-01   200
   178      2  1.0E+00    179 (0.0E+00) 2.2E-05  7.9119701E-01   200               c
   179      1  1.0E+00    180 (0.0E+00) 2.3E-05  7.9119701E-01   200

 Major Minors     Step   nCon Feasible  Optimal  MeritFunction    nS Penalty
   180      1  1.0E+00    181 (0.0E+00) 2.7E-05  7.9119701E-01   200
   181      1  1.0E+00    182 (0.0E+00) 2.4E-05  7.9119701E-01   200           R
   182      1  2.8E-01    183 (0.0E+00) 2.4E-05  7.9119701E-01   200         s
   182      2  1.0E+00    183 (0.0E+00) 2.3E-05  7.9119701E-01   200         s     c
   183      1  1.0E+00    184 (0.0E+00) 2.2E-05  7.9119701E-01   200
   184      1  1.0E+00    185 (0.0E+00) 1.0E-05  7.9119701E-01   200
   184      2  1.0E+00    185 (0.0E+00) 1.0E-05  7.9119701E-01   200               c
   185      1  1.0E+00    186 (0.0E+00) 1.0E-05  7.9119701E-01   200
   186      1  1.0E+00    187 (0.0E+00) 2.1E-05  7.9119701E-01   200
   187      1  1.0E+00    188 (0.0E+00) 2.5E-05  7.9119700E-01   200           R
   187      2  1.0E+00    188 (0.0E+00) 2.4E-05  7.9119700E-01   200           R   c
   188      1  1.0E+00    189 (0.0E+00) 1.9E-05  7.9119700E-01   200         s
   189      1  3.1E-01    190 (0.0E+00) 2.6E-05  7.9119700E-01   200

 Major Minors     Step   nCon Feasible  Optimal  MeritFunction    nS Penalty
   190      1  1.0E+00    191 (0.0E+00) 1.5E-05  7.9119700E-01   200

 Major Minors     Step   nCon Feasible  Optimal  MeritFunction    nS Penalty
   190      2  1.0E+00    191 (0.0E+00) 1.4E-05  7.9119700E-01   200               c
   191      1  1.0E+00    192 (0.0E+00) 1.8E-05  7.9119700E-01   200
   192      1  1.0E+00    193 (0.0E+00) 2.6E-05  7.9119700E-01   200
   193      1  1.0E+00    194 (0.0E+00) 2.1E-05  7.9119700E-01   200           R
   194      1  1.8E-01    195 (0.0E+00) 8.8E-06  7.9119700E-01   200         s
   194      2  1.0E+00    195 (0.0E+00) 9.2E-06  7.9119700E-01   200         s     c
   195      1  1.0E+00    196 (0.0E+00) 9.2E-06  7.9119700E-01   200               c
   196      1  1.0E+00    197 (0.0E+00) 1.0E-05  7.9119700E-01   200
   196      1  1.0E+00    197 (0.0E+00) 1.0E-05  7.9119700E-01   200               c
   197      1  1.0E+00    198 (0.0E+00) 1.0E-05  7.9119700E-01   200
   198      1  1.0E+00    199 (0.0E+00) 1.1E-05  7.9119700E-01   200
   198      2  1.0E+00    199 (0.0E+00) 1.0E-05  7.9119700E-01   200               c
   199      1  1.0E+00    200 (0.0E+00) 1.1E-05  7.9119700E-01   200           R
   199      1  1.0E+00    200 (0.0E+00) 1.1E-05  7.9119700E-01   200           R   c

 Major Minors     Step   nCon Feasible  Optimal  MeritFunction    nS Penalty
   200      1  1.0E+00    201 (0.0E+00) 1.1E-05  7.9119700E-01   200         s
   201      1  5.7E-02    202 (0.0E+00) 2.2E-05  7.9119700E-01   200
   202      1  2.4E-01    203 (0.0E+00) 1.0E-05  7.9119700E-01   200
   203      1  1.0E+00    204 (0.0E+00) 1.4E-05  7.9119700E-01   200
   204      1  1.0E+00    205 (0.0E+00) 1.2E-05  7.9119700E-01   200
   205      1  1.0E+00    206 (0.0E+00) 1.9E-05  7.9119699E-01   200           R
   206      1  3.9E-02    207 (0.0E+00) 4.0E-05  7.9119699E-01   200         s
   206      2  1.0E+00    207 (0.0E+00) 4.0E-05  7.9119699E-01   200         s     c
   207      1  1.0E+00    208 (0.0E+00) 3.4E-05  7.9119699E-01   200
   208      1  1.0E+00    209 (0.0E+00) 5.2E-06  7.9119699E-01   200
   208      2  1.0E+00    209 (0.0E+00) 5.9E-06  7.9119699E-01   200               c
   209      1  1.0E+00    210 (0.0E+00) 5.7E-06  7.9119699E-01   200               c

 Major Minors     Step   nCon Feasible  Optimal  MeritFunction    nS Penalty
   210      1  1.0E+00    211 (0.0E+00) 4.7E-06  7.9119699E-01   200               c
   211      1  1.0E+00    212 (0.0E+00) 4.3E-06  7.9119699E-01   200           R   c
   212      1  1.0E+00    213 (0.0E+00) 3.9E-06  7.9119699E-01   200         s     c
   213      1  3.3E-01    214 (0.0E+00) 8.9E-06  7.9119699E-01   200               c
   214      1  2.7E-01    215 (0.0E+00) 4.6E-06  7.9119699E-01   200               c
   215      1  1.0E+00    216 (0.0E+00) 4.3E-06  7.9119699E-01   200               c
   216      1  1.0E+00    217 (0.0E+00) 2.7E-06  7.9119699E-01   200               c
   217      1  1.0E+00    218 (0.0E+00)(1.8E-06) 7.9119699E-01   200           R   c
 
 SNOPTA EXIT   0 -- finished successfully
 SNOPTA INFO   1 -- optimality conditions satisfied

 Problem name
 No. of iterations                 429   Objective value      7.9119698761E-01
 No. of major iterations           217   Linear objective     0.0000000000E+00
 Penalty parameter           0.000E+00   Nonlinear objective  7.9119698761E-01
 No. of calls to funobj         270104   No. of calls to funcon         270104
 Calls with modes 1,2 (known g)    218   Calls with modes 1,2 (known g)    218
 Calls for forward differencing 195390   Calls for forward differencing 195390
 Calls for central differencing  74148   Calls for central differencing  74148
 No. of superbasics                200   No. of basic nonlinears             0
 No. of degenerate steps             0   Percentage                        .00
 Max x       (scaled)      502 1.4E+00   Max pi      (scaled)        1 0.0E+00
 Max x                     502 1.4E+00   Max pi                      1 0.0E+00
 Max Prim inf(scaled)        0 0.0E+00   Max Dual inf(scaled)      527 3.7E-06
 Max Primal infeas           0 0.0E+00   Max Dual infeas           527 3.7E-06
 Nonlinear constraint violn    0.0E+00

 Solution not printed
