
 
 ===>  WARNING - variable     1003 has no Jacobian entries.
 ===>  WARNING - variable     1004 has no Jacobian entries.
 ===>  WARNING - variable     1005 has no Jacobian entries.
 

 Nonlinear constraints       3     Linear constraints       0
 Nonlinear variables      1002     Linear variables         3
 Jacobian  variables      1002     Objective variables   1002
 Total constraints           3     Total variables       1005
 

 
 The user has defined       0   out of    4008   first  derivatives
 XXX  Some first  derivatives are missing --- derivative level reduced to 0
 

 Major Minors     Step   nCon Feasible  Optimal  MeritFunction    nS Penalty
     0     50               1 (0.0E+00) 1.1E+01  1.8955000E+02    50           r
     1      1  1.6E-01      2 (0.0E+00) 1.9E+01  4.5266983E+01    50         n rl
     2      2  9.6E-03      3 (0.0E+00) 1.8E+01  3.9237957E+01    50         s
     3      1  1.0E+00      4 (0.0E+00) 8.0E+00  3.0819002E+01    50
     4      1  1.0E+00      5 (0.0E+00) 7.5E+00  2.1720992E+01    50
     5      1  1.0E+00      6 (0.0E+00) 1.0E+01  9.3097965E+00    50
     6      1  1.0E+00      7 (0.0E+00) 6.5E+00  4.1721815E+00    50
     7      1  1.0E+00      8 (0.0E+00) 2.5E+00  3.0208957E+00    50           R
     8      1  1.0E+00      9 (0.0E+00) 4.1E-01  2.8516498E+00    50         s
     9      1  1.0E+00     10 (0.0E+00) 4.3E-01  2.8184488E+00    50

 Major Minors     Step   nCon Feasible  Optimal  MeritFunction    nS Penalty
    10      1  1.0E+00     11 (0.0E+00) 4.6E-01  2.0951280E+00    50
    11      1  1.0E+00     12 (0.0E+00) 3.9E-01  2.0664050E+00    50
    12      1  1.0E+00     13 (0.0E+00) 6.0E-01  2.0173085E+00    50
    13      1  1.0E+00     14 (0.0E+00) 1.2E+00  1.9154214E+00    50           R
    14      1  1.0E+00     15 (0.0E+00) 3.5E-01  1.8610932E+00    50         s
    15      1  1.0E+00     16 (0.0E+00) 3.7E-01  1.8372401E+00    50
    16      1  1.0E+00     17 (0.0E+00) 7.6E-01  1.5991765E+00    50
    17      1  1.0E+00     18 (0.0E+00) 4.9E-01  1.5727818E+00    50
    18      1  1.0E+00     19 (0.0E+00) 2.7E-01  1.5638777E+00    50
    19      1  1.0E+00     20 (0.0E+00) 3.5E-01  1.5475308E+00    50           R

 Major Minors     Step   nCon Feasible  Optimal  MeritFunction    nS Penalty
    20      1  1.0E+00     21 (0.0E+00) 3.3E-01  1.5382525E+00    50         s
    21      1  1.0E+00     22 (0.0E+00) 4.1E-01  1.5280008E+00    50
    22      1  1.0E+00     23 (0.0E+00) 6.9E-01  1.4582022E+00    50
    23      1  1.0E+00     24 (0.0E+00) 4.8E-01  1.4323616E+00    50
    24      1  1.0E+00     25 (0.0E+00) 2.2E-01  1.4124680E+00    50
    25      1  1.0E+00     26 (0.0E+00) 4.5E-01  1.3983172E+00    50           R
    26      1  1.0E+00     27 (0.0E+00) 1.9E-01  1.3889144E+00    50         s
    27      1  1.0E+00     28 (0.0E+00) 2.7E-01  1.3570513E+00    50
    28      1  1.0E+00     29 (0.0E+00) 2.7E-01  1.3237806E+00    50
    29      1  1.0E+00     30 (0.0E+00) 2.0E-01  1.3167826E+00    50

 Major Minors     Step   nCon Feasible  Optimal  MeritFunction    nS Penalty
    30      1  1.0E+00     31 (0.0E+00) 2.6E-01  1.2950243E+00    50
    31      1  1.0E+00     32 (0.0E+00) 3.6E-01  1.2643170E+00    50           R
    32      1  1.0E+00     33 (0.0E+00) 8.1E-01  1.2623011E+00    50         s
    33      1  1.0E+00     34 (0.0E+00) 3.3E-01  1.2485984E+00    50
    34      1  1.0E+00     35 (0.0E+00) 1.8E-01  1.2423439E+00    50
    35      1  1.0E+00     36 (0.0E+00) 2.9E-01  1.2219673E+00    50
    36      1  1.0E+00     37 (0.0E+00) 3.1E-01  1.2120978E+00    50
    37      1  1.0E+00     38 (0.0E+00) 2.0E-01  1.2075073E+00    50           R
    38      1  1.0E+00     39 (0.0E+00) 1.2E-01  1.2056927E+00    50         s
    39      1  1.0E+00     40 (0.0E+00) 1.7E-01  1.1878346E+00    50

 Major Minors     Step   nCon Feasible  Optimal  MeritFunction    nS Penalty
    40      1  1.0E+00     41 (0.0E+00) 2.0E-01  1.1789654E+00    50
    41      1  1.0E+00     42 (0.0E+00) 2.2E-01  1.1635439E+00    50
    42      1  1.0E+00     43 (0.0E+00) 2.1E-01  1.1306135E+00    50
    43      1  1.0E+00     44 (0.0E+00) 1.9E-01  1.0888260E+00    50           R
    44      1  1.0E+00     45 (0.0E+00) 5.7E-01  1.0804197E+00    50         s
    45      1  1.0E+00     46 (0.0E+00) 1.3E-01  1.0596889E+00    50
    46      1  1.0E+00     47 (0.0E+00) 5.4E-02  1.0578740E+00    50
    47      1  1.0E+00     48 (0.0E+00) 8.2E-02  1.0569924E+00    50
    48      1  1.0E+00     49 (0.0E+00) 1.8E-01  1.0520295E+00    50
    49      1  1.0E+00     50 (0.0E+00) 2.3E-01  1.0460571E+00    50           R

 Major Minors     Step   nCon Feasible  Optimal  MeritFunction    nS Penalty
    50      1  4.7E-01     51 (0.0E+00) 7.4E-02  1.0445530E+00    50         s
    51      1  1.0E+00     52 (0.0E+00) 6.4E-02  1.0433772E+00    50
    52      1  1.0E+00     53 (0.0E+00) 5.6E-02  1.0387985E+00    50
    53      1  1.0E+00     54 (0.0E+00) 5.8E-02  1.0385645E+00    50
    54      1  1.0E+00     55 (0.0E+00) 6.8E-02  1.0345672E+00    50
    55      1  1.0E+00     56 (0.0E+00) 7.0E-02  1.0319016E+00    50           R
    56      1  1.0E+00     57 (0.0E+00) 1.0E-01  1.0312336E+00    50         s
    57      1  4.6E-01     58 (0.0E+00) 1.3E-01  1.0265183E+00    50
    58      1  1.0E+00     59 (0.0E+00) 3.1E-02  1.0252515E+00    50
    59      1  1.0E+00     60 (0.0E+00) 8.3E-02  1.0238684E+00    50

 Major Minors     Step   nCon Feasible  Optimal  MeritFunction    nS Penalty
    60      1  1.0E+00     61 (0.0E+00) 2.0E-01  1.0194546E+00    50
    61      1  1.0E+00     62 (0.0E+00) 2.6E-01  1.0137574E+00    50           R
    62      1  2.0E-01     63 (0.0E+00) 6.8E-02  1.0117410E+00    50         s
    63      1  1.0E+00     64 (0.0E+00) 6.4E-02  1.0113865E+00    50
    64      1  1.0E+00     65 (0.0E+00) 3.9E-02  1.0092164E+00    50
    65      1  1.0E+00     66 (0.0E+00) 3.8E-02  1.0091698E+00    50
    66      1  1.0E+00     67 (0.0E+00) 4.1E-02  1.0082554E+00    50
    67      1  1.0E+00     68 (0.0E+00) 4.5E-02  1.0081549E+00    50           R
    68      1  1.0E+00     69 (0.0E+00) 4.1E-02  1.0080757E+00    50         s
    69      1  9.5E-02     70 (0.0E+00) 9.7E-02  1.0078828E+00    50

 Major Minors     Step   nCon Feasible  Optimal  MeritFunction    nS Penalty
    70      1  1.0E+00     71 (0.0E+00) 8.3E-02  1.0069123E+00    50
    71      1  1.0E+00     72 (0.0E+00) 4.8E-02  1.0059187E+00    50
    72      1  1.0E+00     73 (0.0E+00) 3.4E-02  1.0047393E+00    50
    73      1  1.0E+00     74 (0.0E+00) 5.8E-02  1.0031579E+00    50           R
    74      1  1.1E-01     75 (0.0E+00) 2.6E-02  1.0030822E+00    50         s
    75      1  1.0E+00     76 (0.0E+00) 2.5E-02  1.0030270E+00    50
    76      1  1.0E+00     77 (0.0E+00) 1.8E-02  1.0027899E+00    50
    77      1  1.0E+00     78 (0.0E+00) 1.8E-02  1.0027766E+00    50
    78      1  1.0E+00     79 (0.0E+00) 2.1E-02  1.0023988E+00    50
    79      1  1.0E+00     80 (0.0E+00) 2.8E-02  1.0021456E+00    50           R

 Major Minors     Step   nCon Feasible  Optimal  MeritFunction    nS Penalty
    80      1  1.0E+00     81 (0.0E+00) 3.4E-02  1.0020826E+00    50         s
    81      1  3.2E-01     82 (0.0E+00) 4.9E-02  1.0018601E+00    50
    82      1  1.0E+00     83 (0.0E+00) 1.7E-02  1.0017487E+00    50
    83      1  1.0E+00     84 (0.0E+00) 2.1E-02  1.0016898E+00    50
    84      1  1.0E+00     85 (0.0E+00) 4.8E-02  1.0010908E+00    50
    85      1  1.0E+00     86 (0.0E+00) 5.0E-02  1.0006568E+00    50           R
    86      1  2.1E-01     87 (0.0E+00) 3.2E-02  1.0005590E+00    50         s
    87      1  1.0E+00     88 (0.0E+00) 3.0E-02  1.0005094E+00    50
    88      1  1.0E+00     89 (0.0E+00) 1.8E-02  1.0002837E+00    50
    89      1  1.0E+00     90 (0.0E+00) 1.7E-02  1.0002703E+00    50

 Major Minors     Step   nCon Feasible  Optimal  MeritFunction    nS Penalty
    90      1  1.0E+00     91 (0.0E+00) 1.9E-02  1.0000571E+00    50
    91      1  1.0E+00     92 (0.0E+00) 2.2E-02  1.0000038E+00    50           R
    92      1  1.0E+00     93 (0.0E+00) 1.9E-02  9.9998649E-01    50         s
    93      1  1.4E-01     94 (0.0E+00) 3.6E-02  9.9994453E-01    50
    94      1  1.0E+00     95 (0.0E+00) 2.6E-02  9.9984031E-01    50
    95      1  1.0E+00     96 (0.0E+00) 2.5E-02  9.9978409E-01    50
    96      1  1.0E+00     97 (0.0E+00) 2.1E-02  9.9835348E-01    50
    97      1  1.0E+00     98 (0.0E+00) 1.1E-02  9.9814858E-01    50           R
    98      1  1.0E+00     99 (0.0E+00) 6.0E-02  9.9813747E-01    50         s
    99      1  1.0E+00    100 (0.0E+00) 1.7E-02  9.9788926E-01    50

 Major Minors     Step   nCon Feasible  Optimal  MeritFunction    nS Penalty
   100      1  1.0E+00    101 (0.0E+00) 7.3E-03  9.9783775E-01    50
   101      1  1.0E+00    102 (0.0E+00) 8.5E-03  9.9779376E-01    50
   102      1  1.0E+00    103 (0.0E+00) 5.9E-03  9.9778637E-01    50
   103      1  1.0E+00    104 (0.0E+00) 4.1E-03  9.9778334E-01    50           R
   104      1  1.0E+00    105 (0.0E+00) 5.8E-03  9.9778161E-01    50         s
   105      1  2.5E-01    106 (0.0E+00) 1.1E-02  9.9776700E-01    50
   106      1  1.0E+00    107 (0.0E+00) 4.3E-03  9.9773633E-01    50
   107      1  1.0E+00    108 (0.0E+00) 6.7E-03  9.9769609E-01    50
   108      1  1.0E+00    109 (0.0E+00) 8.7E-03  9.9763671E-01    50
   109      1  1.0E+00    110 (0.0E+00) 9.1E-03  9.9758143E-01    50           R

 Major Minors     Step   nCon Feasible  Optimal  MeritFunction    nS Penalty
   110      1  1.4E-01    111 (0.0E+00) 8.4E-03  9.9757672E-01    50         s
   111      1  1.0E+00    112 (0.0E+00) 8.3E-03  9.9757162E-01    50
   112      1  1.0E+00    113 (0.0E+00) 7.9E-03  9.9755877E-01    50
   113      1  1.0E+00    114 (0.0E+00) 7.5E-03  9.9755695E-01    50
   114      1  1.0E+00    115 (0.0E+00) 3.7E-03  9.9754284E-01    50
   115      1  1.0E+00    116 (0.0E+00) 2.7E-03  9.9753888E-01    50           R
   116      1  1.0E+00    117 (0.0E+00) 3.5E-03  9.9753804E-01    50         s
   117      1  1.0E+00    118 (0.0E+00) 7.0E-03  9.9753478E-01    50
   118      1  1.0E+00    119 (0.0E+00) 2.8E-03  9.9753102E-01    50
   119      1  1.0E+00    120 (0.0E+00) 4.0E-03  9.9752893E-01    50

 Major Minors     Step   nCon Feasible  Optimal  MeritFunction    nS Penalty
   120      1  1.0E+00    121 (0.0E+00) 4.2E-03  9.9752636E-01    50
   121      1  1.0E+00    122 (0.0E+00) 3.3E-03  9.9752447E-01    50           R
   122      1  1.0E+00    123 (0.0E+00) 2.5E-03  9.9752350E-01    50         s
   123      1  3.2E-01    124 (0.0E+00) 2.7E-03  9.9752210E-01    50
   124      1  1.0E+00    125 (0.0E+00) 2.1E-03  9.9752088E-01    50
   125      1  1.0E+00    126 (0.0E+00) 2.4E-03  9.9751957E-01    50
   126      1  1.0E+00    127 (0.0E+00) 2.3E-03  9.9751864E-01    50
   127      1  1.0E+00    128 (0.0E+00) 1.7E-03  9.9751562E-01    50           R
   128      1  1.0E+00    129 (0.0E+00) 2.6E-03  9.9751453E-01    50         s
   129      1  2.1E-01    130 (0.0E+00) 3.0E-03  9.9751375E-01    50

 Major Minors     Step   nCon Feasible  Optimal  MeritFunction    nS Penalty
   130      1  1.0E+00    131 (0.0E+00) 1.7E-03  9.9751292E-01    50
   131      1  1.0E+00    132 (0.0E+00) 1.4E-03  9.9751236E-01    50
   132      1  1.0E+00    133 (0.0E+00) 1.8E-03  9.9751191E-01    50
   133      1  1.0E+00    134 (0.0E+00) 2.6E-03  9.9751017E-01    50           R
   134      1  1.0E+00    135 (0.0E+00) 2.0E-03  9.9750947E-01    50         s
   135      1  1.9E-01    136 (0.0E+00) 1.6E-03  9.9750897E-01    50
   136      1  1.0E+00    137 (0.0E+00) 1.3E-03  9.9750838E-01    50
   137      1  1.0E+00    138 (0.0E+00) 1.4E-03  9.9750804E-01    50
   138      1  1.0E+00    139 (0.0E+00) 1.5E-03  9.9750736E-01    50
   139      1  1.0E+00    140 (0.0E+00) 1.5E-03  9.9750584E-01    50           R

 Major Minors     Step   nCon Feasible  Optimal  MeritFunction    nS Penalty
   140      1  1.0E+00    141 (0.0E+00) 4.0E-03  9.9750564E-01    50         s
   141      1  1.0E+00    142 (0.0E+00) 2.7E-03  9.9750483E-01    50
   142      1  1.0E+00    143 (0.0E+00) 1.7E-03  9.9750443E-01    50
   143      1  1.0E+00    144 (0.0E+00) 9.1E-04  9.9750412E-01    50
   144      1  1.0E+00    145 (0.0E+00) 1.5E-03  9.9750387E-01    50
   145      1  1.0E+00    146 (0.0E+00) 1.6E-03  9.9750367E-01    50           R
   146      1  1.0E+00    147 (0.0E+00) 1.1E-03  9.9750357E-01    50         s
   147      1  1.0E+00    148 (0.0E+00) 1.2E-03  9.9750354E-01    50
   148      1  1.0E+00    149 (0.0E+00) 1.2E-03  9.9750303E-01    50
   149      1  1.0E+00    150 (0.0E+00) 1.3E-03  9.9750279E-01    50

 Major Minors     Step   nCon Feasible  Optimal  MeritFunction    nS Penalty
   150      1  1.0E+00    151 (0.0E+00) 1.3E-03  9.9750203E-01    50
   151      1  1.0E+00    152 (0.0E+00) 1.2E-03  9.9750082E-01    50           R
   152      1  3.5E-01    153 (0.0E+00) 2.3E-03  9.9750049E-01    50         s
   153      1  1.0E+00    154 (0.0E+00) 1.3E-03  9.9750005E-01    50
   154      1  1.0E+00    155 (0.0E+00) 1.0E-03  9.9749982E-01    50
   155      1  1.0E+00    156 (0.0E+00) 1.1E-03  9.9749976E-01    50
   156      1  1.0E+00    157 (0.0E+00) 1.2E-03  9.9749947E-01    50
   157      1  1.0E+00    158 (0.0E+00) 8.4E-04  9.9749933E-01    50           R
   158      1  1.0E+00    159 (0.0E+00) 1.1E-03  9.9749929E-01    50         s
   159      1  1.0E+00    160 (0.0E+00) 1.2E-03  9.9749913E-01    50

 Major Minors     Step   nCon Feasible  Optimal  MeritFunction    nS Penalty
   160      1  1.0E+00    161 (0.0E+00) 1.0E-03  9.9749902E-01    50
   161      1  1.0E+00    162 (0.0E+00) 7.7E-04  9.9749886E-01    50
   162      1  1.0E+00    163 (0.0E+00) 7.6E-04  9.9749863E-01    50
   163      1  1.0E+00    164 (0.0E+00) 1.1E-03  9.9749834E-01    50           R
   164      1  1.0E+00    165 (0.0E+00) 8.7E-04  9.9749818E-01    50         s
   165      1  4.2E-01    166 (0.0E+00) 1.3E-03  9.9749773E-01    50
   166      1  1.0E+00    167 (0.0E+00) 7.7E-04  9.9749761E-01    50
   167      1  1.0E+00    168 (0.0E+00) 1.3E-03  9.9749748E-01    50
   168      1  1.0E+00    169 (0.0E+00) 2.6E-03  9.9749692E-01    50
   169      1  1.0E+00    170 (0.0E+00) 3.5E-03  9.9749609E-01    50           R

 Major Minors     Step   nCon Feasible  Optimal  MeritFunction    nS Penalty
   170      1  2.1E-01    171 (0.0E+00) 9.2E-04  9.9749578E-01    50         s
   171      1  1.0E+00    172 (0.0E+00) 8.5E-04  9.9749569E-01    50
   172      1  1.0E+00    173 (0.0E+00) 5.9E-04  9.9749537E-01    50
   173      1  1.0E+00    174 (0.0E+00) 5.9E-04  9.9749534E-01    50
   174      1  1.0E+00    175 (0.0E+00) 5.2E-04  9.9749518E-01    50
   175      1  1.0E+00    176 (0.0E+00) 4.8E-04  9.9749516E-01    50           R
   176      1  1.0E+00    177 (0.0E+00) 5.0E-04  9.9749515E-01    50         s
   177      1  8.4E-02    178 (0.0E+00) 1.2E-03  9.9749510E-01    50
   178      1  4.8E-01    179 (0.0E+00) 6.1E-04  9.9749487E-01    50
   179      1  1.0E+00    180 (0.0E+00) 1.1E-03  9.9749447E-01    50

 Major Minors     Step   nCon Feasible  Optimal  MeritFunction    nS Penalty
   180      1  1.0E+00    181 (0.0E+00) 5.9E-04  9.9749392E-01    50
   181      1  1.0E+00    182 (0.0E+00) 7.0E-04  9.9749169E-01    50           R
   182      1  2.7E-01    183 (0.0E+00) 8.8E-04  9.9749156E-01    50         s
   183      1  4.4E-01    184 (0.0E+00) 5.3E-04  9.9749149E-01    50
   184      1  1.0E+00    185 (0.0E+00) 4.3E-04  9.9749146E-01    50
   185      1  1.0E+00    186 (0.0E+00) 2.6E-04  9.9749143E-01    50
   186      1  1.0E+00    187 (0.0E+00) 2.4E-04  9.9749142E-01    50
   187      1  1.0E+00    188 (0.0E+00) 2.1E-04  9.9749139E-01    50           R
   188      1  1.0E+00    189 (0.0E+00) 2.7E-04  9.9749138E-01    50         s
   189      1  1.9E-01    190 (0.0E+00) 3.9E-04  9.9749137E-01    50

 Major Minors     Step   nCon Feasible  Optimal  MeritFunction    nS Penalty
   190      1  1.0E+00    191 (0.0E+00) 5.0E-04  9.9749135E-01    50
   191      1  1.0E+00    192 (0.0E+00) 4.0E-04  9.9749133E-01    50
   192      1  1.0E+00    193 (0.0E+00) 3.0E-04  9.9749129E-01    50
   193      1  1.0E+00    194 (0.0E+00) 4.5E-04  9.9749120E-01    50           R
   194      1  2.4E-01    195 (0.0E+00) 3.8E-04  9.9749119E-01    50         s
   195      1  1.0E+00    196 (0.0E+00) 2.1E-04  9.9749117E-01    50
   196      1  1.0E+00    197 (0.0E+00) 2.4E-04  9.9749116E-01    50
   197      1  1.0E+00    198 (0.0E+00) 2.5E-04  9.9749116E-01    50
   198      1  1.0E+00    199 (0.0E+00) 2.1E-04  9.9749115E-01    50
   199      1  1.0E+00    200 (0.0E+00) 1.7E-04  9.9749115E-01    50           R

 Major Minors     Step   nCon Feasible  Optimal  MeritFunction    nS Penalty
   200      1  1.0E+00    201 (0.0E+00) 2.2E-04  9.9749115E-01    50         s
   201      1  2.5E-01    202 (0.0E+00) 3.6E-04  9.9749114E-01    50
   202      1  1.0E+00    203 (0.0E+00) 1.7E-04  9.9749113E-01    50
   203      1  1.0E+00    204 (0.0E+00) 3.1E-04  9.9749111E-01    50
   204      1  1.0E+00    205 (0.0E+00) 6.4E-04  9.9749104E-01    50
   205      1  1.0E+00    206 (0.0E+00) 7.6E-04  9.9749095E-01    50           R
   206      1  1.6E-01    207 (0.0E+00) 2.0E-04  9.9749092E-01    50         s
   207      1  1.0E+00    208 (0.0E+00) 1.9E-04  9.9749091E-01    50
   208      1  1.0E+00    209 (0.0E+00) 2.1E-04  9.9749089E-01    50
   209      1  1.0E+00    210 (0.0E+00) 2.2E-04  9.9749089E-01    50

 Major Minors     Step   nCon Feasible  Optimal  MeritFunction    nS Penalty
   210      1  1.0E+00    211 (0.0E+00) 2.5E-04  9.9749087E-01    50
   211      1  1.0E+00    212 (0.0E+00) 2.2E-04  9.9749087E-01    50           R
   212      1  1.0E+00    213 (0.0E+00) 2.1E-04  9.9749087E-01    50         s
   213      1  3.8E-01    214 (0.0E+00) 4.1E-04  9.9749086E-01    50
   214      1  3.3E-01    215 (0.0E+00) 1.5E-04  9.9749085E-01    50
   215      1  1.0E+00    216 (0.0E+00) 1.7E-04  9.9749085E-01    50
   216      1  1.0E+00    217 (0.0E+00) 1.4E-04  9.9749084E-01    50
   217      1  1.0E+00    218 (0.0E+00) 1.5E-04  9.9749082E-01    50           R
   218      1  1.0E+00    219 (0.0E+00) 1.7E-04  9.9749081E-01    50         s
   219      1  3.9E-01    220 (0.0E+00) 2.4E-04  9.9749081E-01    50

 Major Minors     Step   nCon Feasible  Optimal  MeritFunction    nS Penalty
   220      1  1.0E+00    221 (0.0E+00) 1.6E-04  9.9749080E-01    50
   221      1  1.0E+00    222 (0.0E+00) 1.5E-04  9.9749079E-01    50
   222      1  1.0E+00    223 (0.0E+00) 1.0E-04  9.9749079E-01    50
   223      1  1.0E+00    224 (0.0E+00) 1.5E-04  9.9749078E-01    50           R
   224      1  1.0E+00    225 (0.0E+00) 1.4E-04  9.9749078E-01    50         s
   225      1  1.8E-01    226 (0.0E+00) 1.5E-04  9.9749078E-01    50
   226      1  1.0E+00    227 (0.0E+00) 1.2E-04  9.9749077E-01    50
   227      1  1.0E+00    228 (0.0E+00) 1.6E-04  9.9749077E-01    50
   228      1  1.0E+00    229 (0.0E+00) 1.2E-04  9.9749076E-01    50
   229      1  1.0E+00    230 (0.0E+00) 1.0E-04  9.9749074E-01    50           R

 Major Minors     Step   nCon Feasible  Optimal  MeritFunction    nS Penalty
   230      1  1.0E+00    231 (0.0E+00) 1.4E-04  9.9749073E-01    50         s
   231      1  2.0E-01    232 (0.0E+00) 2.2E-04  9.9749072E-01    50
   232      1  4.2E-01    233 (0.0E+00) 8.8E-05  9.9749072E-01    50
   233      1  1.0E+00    234 (0.0E+00) 8.3E-05  9.9749072E-01    50
   234      1  1.0E+00    235 (0.0E+00) 1.0E-04  9.9749071E-01    50
   235      1  1.0E+00    236 (0.0E+00) 9.4E-05  9.9749071E-01    50           R
   236      1  1.0E+00    237 (0.0E+00) 7.3E-05  9.9749071E-01    50         s
   237      1  1.5E-01    238 (0.0E+00) 1.8E-04  9.9749071E-01    50
   238      1  3.0E-01    239 (0.0E+00) 8.8E-05  9.9749071E-01    50
   239      1  1.0E+00    240 (0.0E+00) 9.1E-05  9.9749070E-01    50

 Major Minors     Step   nCon Feasible  Optimal  MeritFunction    nS Penalty
   240      1  1.0E+00    241 (0.0E+00) 9.2E-05  9.9749070E-01    50
   241      1  1.0E+00    242 (0.0E+00) 9.3E-05  9.9749069E-01    50           R
   242      1  3.9E-01    243 (0.0E+00) 1.6E-04  9.9749069E-01    50         s
   243      1  3.9E-01    244 (0.0E+00) 1.0E-04  9.9749069E-01    50
   244      1  1.0E+00    245 (0.0E+00) 9.4E-05  9.9749069E-01    50
   245      1  1.0E+00    246 (0.0E+00) 5.8E-05  9.9749068E-01    50
   246      1  1.0E+00    247 (0.0E+00) 6.2E-05  9.9749068E-01    50
   247      1  1.0E+00    248 (0.0E+00) 8.5E-05  9.9749068E-01    50           R
   248      1  1.0E+00    249 (0.0E+00) 7.4E-05  9.9749068E-01    50         s
   249      1  1.5E-01    250 (0.0E+00) 1.5E-04  9.9749068E-01    50

 Major Minors     Step   nCon Feasible  Optimal  MeritFunction    nS Penalty
   250      1  1.0E+00    251 (0.0E+00) 8.2E-05  9.9749067E-01    50
   251      1  1.0E+00    252 (0.0E+00) 9.2E-05  9.9749067E-01    50
   252      1  1.0E+00    253 (0.0E+00) 6.4E-05  9.9749067E-01    50
   253      1  1.0E+00    254 (0.0E+00) 1.8E-04  9.9749067E-01    50           R
   254      1  1.3E-01    255 (0.0E+00) 5.6E-05  9.9749067E-01    50         s
   254      2  1.0E+00    255 (0.0E+00) 5.5E-05  9.9749067E-01    50         s     c
   255      1  1.0E+00    256 (0.0E+00) 5.5E-05  9.9749067E-01    50
   256      1  1.0E+00    257 (0.0E+00) 5.5E-05  9.9749066E-01    50
   256      2  1.0E+00    257 (0.0E+00) 6.5E-05  9.9749066E-01    50               c
   257      1  1.0E+00    258 (0.0E+00) 6.4E-05  9.9749066E-01    50
   258      1  1.0E+00    259 (0.0E+00) 6.0E-05  9.9749066E-01    50
   259      1  1.0E+00    260 (0.0E+00) 6.7E-05  9.9749066E-01    50           R
   259      2  1.0E+00    260 (0.0E+00) 5.8E-05  9.9749066E-01    50           R   c

 Major Minors     Step   nCon Feasible  Optimal  MeritFunction    nS Penalty
   260      1  1.0E+00    261 (0.0E+00) 5.2E-05  9.9749066E-01    50         s
   261      1  1.0E+00    262 (0.0E+00) 1.3E-04  9.9749066E-01    50
   262      1  2.1E-01    263 (0.0E+00) 4.8E-05  9.9749066E-01    50
   262      2  1.0E+00    263 (0.0E+00) 5.7E-05  9.9749066E-01    50               c
   263      1  1.0E+00    264 (0.0E+00) 5.7E-05  9.9749066E-01    50
   264      1  1.0E+00    265 (0.0E+00) 4.9E-05  9.9749065E-01    50
   265      1  1.0E+00    266 (0.0E+00) 6.0E-05  9.9749064E-01    50           R
   266      1  1.0E+00    267 (0.0E+00) 2.9E-04  9.9749064E-01    50         s
   267      1  1.0E+00    268 (0.0E+00) 2.1E-04  9.9749064E-01    50
   268      1  1.0E+00    269 (0.0E+00) 5.5E-05  9.9749063E-01    50
   269      1  1.0E+00    270 (0.0E+00) 4.9E-05  9.9749063E-01    50

 Major Minors     Step   nCon Feasible  Optimal  MeritFunction    nS Penalty
   270      1  1.0E+00    271 (0.0E+00) 7.2E-05  9.9749063E-01    50
   271      1  1.0E+00    272 (0.0E+00) 6.0E-05  9.9749063E-01    50           R
   272      1  1.0E+00    273 (0.0E+00) 7.4E-05  9.9749063E-01    50         s
   273      1  1.0E+00    274 (0.0E+00) 4.8E-05  9.9749063E-01    50
   274      1  1.0E+00    275 (0.0E+00) 4.2E-05  9.9749063E-01    50
   275      1  1.0E+00    276 (0.0E+00) 5.9E-05  9.9749063E-01    50
   276      1  1.0E+00    277 (0.0E+00) 6.9E-05  9.9749063E-01    50
   277      1  1.0E+00    278 (0.0E+00) 6.2E-05  9.9749063E-01    50           R
   278      1  1.0E+00    279 (0.0E+00) 8.0E-05  9.9749063E-01    50         s
   279      1  1.0E+00    280 (0.0E+00) 5.7E-05  9.9749063E-01    50

 Major Minors     Step   nCon Feasible  Optimal  MeritFunction    nS Penalty
   280      1  1.0E+00    281 (0.0E+00) 3.2E-05  9.9749063E-01    50
   281      1  1.0E+00    282 (0.0E+00) 2.6E-05  9.9749063E-01    50
   282      1  1.0E+00    283 (0.0E+00) 4.0E-05  9.9749063E-01    50
   283      1  1.0E+00    284 (0.0E+00) 4.3E-05  9.9749063E-01    50           R
   283      2  1.0E+00    284 (0.0E+00) 4.7E-05  9.9749063E-01    50           R   c
   284      1  1.0E+00    285 (0.0E+00) 3.9E-05  9.9749063E-01    50         s
   285      1  4.0E-01    286 (0.0E+00) 5.7E-05  9.9749063E-01    50
   286      1  1.0E+00    287 (0.0E+00) 4.4E-05  9.9749063E-01    50
   286      2  1.0E+00    287 (0.0E+00) 4.1E-05  9.9749063E-01    50               c
   287      1  1.0E+00    288 (0.0E+00) 4.3E-05  9.9749063E-01    50
   288      1  1.0E+00    289 (0.0E+00) 5.8E-05  9.9749062E-01    50
   289      1  1.0E+00    290 (0.0E+00) 5.5E-05  9.9749062E-01    50           R

 Major Minors     Step   nCon Feasible  Optimal  MeritFunction    nS Penalty
   290      1  1.0E+00    291 (0.0E+00) 1.4E-04  9.9749062E-01    50         s
   291      1  1.0E+00    292 (0.0E+00) 1.2E-04  9.9749062E-01    50
   292      1  1.0E+00    293 (0.0E+00) 4.1E-05  9.9749062E-01    50
   292      2  1.0E+00    293 (0.0E+00) 3.2E-05  9.9749062E-01    50               c
   293      1  1.0E+00    294 (0.0E+00) 2.7E-05  9.9749062E-01    50
   294      1  1.0E+00    295 (0.0E+00) 4.0E-05  9.9749062E-01    50
   295      1  1.0E+00    296 (0.0E+00) 3.3E-05  9.9749062E-01    50           R
   295      2  1.0E+00    296 (0.0E+00) 3.8E-05  9.9749062E-01    50           R   c
   296      1  1.0E+00    297 (0.0E+00) 8.4E-05  9.9749062E-01    50         s
   296      1  1.0E+00    297 (0.0E+00) 8.4E-05  9.9749062E-01    50         s     c
   297      1  1.0E+00    298 (0.0E+00) 4.5E-05  9.9749062E-01    50
   298      1  1.0E+00    299 (0.0E+00) 2.9E-05  9.9749062E-01    50
   298      2  1.0E+00    299 (0.0E+00) 2.7E-05  9.9749062E-01    50               c
   299      1  1.0E+00    300 (0.0E+00) 3.2E-05  9.9749062E-01    50

 Major Minors     Step   nCon Feasible  Optimal  MeritFunction    nS Penalty
   300      1  1.0E+00    301 (0.0E+00) 3.6E-05  9.9749062E-01    50

 Major Minors     Step   nCon Feasible  Optimal  MeritFunction    nS Penalty
   300      2  1.0E+00    301 (0.0E+00) 2.8E-05  9.9749062E-01    50               c
   301      1  1.0E+00    302 (0.0E+00) 2.4E-05  9.9749062E-01    50           R
   301      1  1.0E+00    302 (0.0E+00) 2.4E-05  9.9749062E-01    50           R   c
   302      1  1.0E+00    303 (0.0E+00) 2.1E-05  9.9749062E-01    50         s
   303      1  1.8E-01    304 (0.0E+00) 6.0E-05  9.9749062E-01    50
   304      1  4.4E-01    305 (0.0E+00) 2.0E-05  9.9749062E-01    50
   305      1  1.0E+00    306 (0.0E+00) 5.0E-05  9.9749062E-01    50
   306      1  1.0E+00    307 (0.0E+00) 4.1E-05  9.9749062E-01    50
   307      1  1.0E+00    308 (0.0E+00) 3.4E-05  9.9749062E-01    50           R
   308      1  1.0E+00    309 (0.0E+00) 6.0E-05  9.9749062E-01    50         s
   309      1  1.0E+00    310 (0.0E+00) 7.3E-05  9.9749062E-01    50

 Major Minors     Step   nCon Feasible  Optimal  MeritFunction    nS Penalty
   310      1  3.0E-01    311 (0.0E+00) 3.0E-05  9.9749062E-01    50

 Major Minors     Step   nCon Feasible  Optimal  MeritFunction    nS Penalty
   310      2  1.0E+00    311 (0.0E+00) 4.2E-05  9.9749062E-01    50               c
   311      1  1.0E+00    312 (0.0E+00) 2.4E-05  9.9749062E-01    50
   311      1  1.0E+00    312 (0.0E+00) 2.4E-05  9.9749062E-01    50               c
   312      1  1.0E+00    313 (0.0E+00) 2.9E-05  9.9749062E-01    50
   313      1  1.0E+00    314 (0.0E+00) 4.1E-05  9.9749061E-01    50           R
   314      1  3.8E-01    315 (0.0E+00) 3.9E-05  9.9749061E-01    50         s
   314      2  1.0E+00    315 (0.0E+00) 2.9E-05  9.9749061E-01    50         s     c
   315      1  1.0E+00    316 (0.0E+00) 2.3E-05  9.9749061E-01    50
   315      1  1.0E+00    316 (0.0E+00) 2.3E-05  9.9749061E-01    50               c
   316      1  1.0E+00    317 (0.0E+00) 1.9E-05  9.9749061E-01    50
   316      1  1.0E+00    317 (0.0E+00) 1.9E-05  9.9749061E-01    50               c
   317      1  1.0E+00    318 (0.0E+00) 2.4E-05  9.9749061E-01    50
   318      1  1.0E+00    319 (0.0E+00) 2.7E-05  9.9749061E-01    50
   319      1  1.0E+00    320 (0.0E+00) 2.2E-05  9.9749061E-01    50           R
   319      2  1.0E+00    320 (0.0E+00) 3.2E-05  9.9749061E-01    50           R   c

 Major Minors     Step   nCon Feasible  Optimal  MeritFunction    nS Penalty
   320      1  1.0E+00    321 (0.0E+00) 2.9E-05  9.9749061E-01    50         s
   321      1  1.0E+00    322 (0.0E+00) 4.9E-05  9.9749061E-01    50
   321      2  1.0E+00    322 (0.0E+00) 4.0E-05  9.9749061E-01    50               c
   322      1  1.0E+00    323 (0.0E+00) 2.2E-05  9.9749061E-01    50
   322      1  1.0E+00    323 (0.0E+00) 2.2E-05  9.9749061E-01    50               c
   323      1  1.0E+00    324 (0.0E+00) 2.6E-05  9.9749061E-01    50
   324      1  1.0E+00    325 (0.0E+00) 3.2E-05  9.9749061E-01    50
   324      2  1.0E+00    325 (0.0E+00) 2.5E-05  9.9749061E-01    50               c
   325      1  1.0E+00    326 (0.0E+00) 1.9E-05  9.9749061E-01    50           R
   325      1  1.0E+00    326 (0.0E+00) 1.9E-05  9.9749061E-01    50           R   c
   326      1  1.0E+00    327 (0.0E+00) 1.5E-05  9.9749061E-01    50         s
   327      1  4.8E-01    328 (0.0E+00) 4.4E-05  9.9749061E-01    50
   328      1  1.0E+00    329 (0.0E+00) 4.4E-05  9.9749061E-01    50
   329      1  1.0E+00    330 (0.0E+00) 2.1E-05  9.9749061E-01    50

 Major Minors     Step   nCon Feasible  Optimal  MeritFunction    nS Penalty
   330      1  1.0E+00    331 (0.0E+00) 2.2E-05  9.9749061E-01    50
   331      1  1.0E+00    332 (0.0E+00) 2.3E-05  9.9749061E-01    50           R
   332      1  1.0E+00    333 (0.0E+00) 5.4E-05  9.9749061E-01    50         s
   332      2  1.0E+00    333 (0.0E+00) 5.7E-05  9.9749061E-01    50         s     c
   333      1  1.0E+00    334 (0.0E+00) 3.3E-05  9.9749061E-01    50
   333      1  1.0E+00    334 (0.0E+00) 3.3E-05  9.9749061E-01    50               c
   334      1  1.0E+00    335 (0.0E+00) 2.3E-05  9.9749061E-01    50
   334      1  1.0E+00    335 (0.0E+00) 2.3E-05  9.9749061E-01    50               c
   335      1  1.0E+00    336 (0.0E+00) 1.8E-05  9.9749061E-01    50
   336      1  1.0E+00    337 (0.0E+00) 3.2E-05  9.9749061E-01    50
   336      2  1.0E+00    337 (0.0E+00) 2.3E-05  9.9749061E-01    50               c
   337      1  1.0E+00    338 (0.0E+00) 2.1E-05  9.9749061E-01    50           R
   337      1  1.0E+00    338 (0.0E+00) 2.1E-05  9.9749061E-01    50           R   c
   338      1  1.0E+00    339 (0.0E+00) 3.7E-05  9.9749061E-01    50         s
   338      1  1.0E+00    339 (0.0E+00) 3.7E-05  9.9749061E-01    50         s     c
   339      1  1.0E+00    340 (0.0E+00) 1.9E-05  9.9749061E-01    50
   339      1  1.0E+00    340 (0.0E+00) 1.9E-05  9.9749061E-01    50               c

 Major Minors     Step   nCon Feasible  Optimal  MeritFunction    nS Penalty
   340      1  1.0E+00    341 (0.0E+00) 1.6E-05  9.9749061E-01    50

 Major Minors     Step   nCon Feasible  Optimal  MeritFunction    nS Penalty
   340      1  1.0E+00    341 (0.0E+00) 1.6E-05  9.9749061E-01    50               c
   341      1  1.0E+00    342 (0.0E+00) 2.6E-05  9.9749061E-01    50
   341      1  1.0E+00    342 (0.0E+00) 2.6E-05  9.9749061E-01    50               c
   342      1  1.0E+00    343 (0.0E+00) 2.8E-05  9.9749061E-01    50
   343      1  1.0E+00    344 (0.0E+00) 2.9E-05  9.9749061E-01    50           R
   343      2  1.0E+00    344 (0.0E+00) 2.5E-05  9.9749061E-01    50           R   c
   344      1  1.0E+00    345 (0.0E+00) 2.2E-05  9.9749061E-01    50         s
   344      1  1.0E+00    345 (0.0E+00) 2.2E-05  9.9749061E-01    50         s     c
   345      1  1.0E+00    346 (0.0E+00) 2.2E-05  9.9749061E-01    50
   345      1  1.0E+00    346 (0.0E+00) 2.2E-05  9.9749061E-01    50               c
   346      1  1.0E+00    347 (0.0E+00) 1.9E-05  9.9749061E-01    50
   346      1  1.0E+00    347 (0.0E+00) 1.9E-05  9.9749061E-01    50               c
   347      1  1.0E+00    348 (0.0E+00) 1.4E-05  9.9749061E-01    50
   347      1  1.0E+00    348 (0.0E+00) 1.4E-05  9.9749061E-01    50               c
   348      1  1.0E+00    349 (0.0E+00) 1.5E-05  9.9749061E-01    50
   348      1  1.0E+00    349 (0.0E+00) 1.5E-05  9.9749061E-01    50               c
   349      1  1.0E+00    350 (0.0E+00) 1.8E-05  9.9749061E-01    50           R
   349      1  1.0E+00    350 (0.0E+00) 1.8E-05  9.9749061E-01    50           R   c

 Major Minors     Step   nCon Feasible  Optimal  MeritFunction    nS Penalty
   350      1  1.0E+00    351 (0.0E+00) 1.5E-05  9.9749061E-01    50         s
   351      1  2.5E-01    352 (0.0E+00) 3.8E-05  9.9749061E-01    50
   352      1  1.0E+00    353 (0.0E+00) 1.5E-05  9.9749061E-01    50
   352      2  1.0E+00    353 (0.0E+00) 1.9E-05  9.9749061E-01    50               c
   353      1  1.0E+00    354 (0.0E+00) 3.0E-05  9.9749061E-01    50
   354      1  1.0E+00    355 (0.0E+00) 2.9E-05  9.9749061E-01    50
   355      1  1.0E+00    356 (0.0E+00) 1.8E-05  9.9749061E-01    50           R
   356      1  3.2E-01    357 (0.0E+00) 2.9E-05  9.9749061E-01    50         s
   356      2  1.0E+00    357 (0.0E+00) 2.5E-05  9.9749061E-01    50         s     c
   357      1  1.0E+00    358 (0.0E+00) 1.6E-05  9.9749061E-01    50
   357      1  1.0E+00    358 (0.0E+00) 1.6E-05  9.9749061E-01    50               c
   358      1  1.0E+00    359 (0.0E+00) 1.5E-05  9.9749061E-01    50
   359      1  1.0E+00    360 (0.0E+00) 2.4E-05  9.9749061E-01    50
   359      2  1.0E+00    360 (0.0E+00) 1.5E-05  9.9749061E-01    50               c

 Major Minors     Step   nCon Feasible  Optimal  MeritFunction    nS Penalty
   360      1  1.0E+00    361 (0.0E+00) 1.4E-05  9.9749061E-01    50
   361      1  1.0E+00    362 (0.0E+00) 2.8E-05  9.9749061E-01    50           R
   361      2  1.0E+00    362 (0.0E+00) 1.9E-05  9.9749061E-01    50           R   c
   362      1  1.0E+00    363 (0.0E+00) 1.6E-05  9.9749061E-01    50         s
   363      1  1.0E+00    364 (0.0E+00) 6.7E-05  9.9749061E-01    50
   364      1  1.3E-01    365 (0.0E+00) 2.3E-05  9.9749061E-01    50
   365      1  3.0E-01    366 (0.0E+00) 1.2E-05  9.9749061E-01    50
   366      1  4.8E-01    367 (0.0E+00) 1.8E-05  9.9749061E-01    50
   367      1  1.0E+00    368 (0.0E+00) 1.9E-05  9.9749061E-01    50           R
   367      2             368 (0.0E+00) 2.0E-05  9.9749061E-01    50           R   c
   368      1  1.9E-01    369 (0.0E+00) 2.2E-05  9.9749061E-01    50         s
   368      1  1.0E+00    369 (0.0E+00) 2.2E-05  9.9749061E-01    50         s     c
   369      1  1.0E+00    370 (0.0E+00) 1.6E-05  9.9749061E-01    50
   369      1  1.0E+00    370 (0.0E+00) 1.6E-05  9.9749061E-01    50               c

 Major Minors     Step   nCon Feasible  Optimal  MeritFunction    nS Penalty
   370      1  1.0E+00    371 (0.0E+00) 1.1E-05  9.9749061E-01    50               c
   371      1  1.0E+00    372 (0.0E+00) 1.2E-05  9.9749061E-01    50
   371      1  1.0E+00    372 (0.0E+00) 1.2E-05  9.9749061E-01    50               c
   372      1  1.0E+00    373 (0.0E+00) 1.6E-05  9.9749061E-01    50
   372      1  1.0E+00    373 (0.0E+00) 1.6E-05  9.9749061E-01    50               c
   373      1  1.0E+00    374 (0.0E+00) 1.6E-05  9.9749061E-01    50           R
   373      1  1.0E+00    374 (0.0E+00) 1.6E-05  9.9749061E-01    50           R   c
   374      1  1.0E+00    375 (0.0E+00) 1.1E-05  9.9749061E-01    50         s     c
   375      1  1.0E+00    376 (0.0E+00) 1.8E-05  9.9749061E-01    50
   375      1  1.0E+00    376 (0.0E+00) 1.8E-05  9.9749061E-01    50               c
   376      1  1.0E+00    377 (0.0E+00) 1.1E-05  9.9749061E-01    50
   376      1  1.0E+00    377 (0.0E+00) 1.1E-05  9.9749061E-01    50               c
   377      1  1.0E+00    378 (0.0E+00) 1.3E-05  9.9749061E-01    50
   377      1  1.0E+00    378 (0.0E+00) 1.3E-05  9.9749061E-01    50               c
   378      1  1.0E+00    379 (0.0E+00) 1.7E-05  9.9749061E-01    50
   379      1  1.0E+00    380 (0.0E+00) 2.4E-05  9.9749061E-01    50           R
   379      2             380 (0.0E+00) 1.7E-05  9.9749061E-01    50           R   c

 Major Minors     Step   nCon Feasible  Optimal  MeritFunction    nS Penalty
   380      1  3.9E-01    381 (0.0E+00) 1.9E-05  9.9749061E-01    50         s

 Major Minors     Step   nCon Feasible  Optimal  MeritFunction    nS Penalty
   380      1  1.0E+00    381 (0.0E+00) 1.9E-05  9.9749061E-01    50         s     c
   381      1  1.0E+00    382 (0.0E+00) 1.5E-05  9.9749061E-01    50
   381      1  1.0E+00    382 (0.0E+00) 1.5E-05  9.9749061E-01    50               c
   382      1  1.0E+00    383 (0.0E+00) 1.0E-05  9.9749061E-01    50               c
   383      1  1.0E+00    384 (0.0E+00) 1.0E-05  9.9749061E-01    50               c
   384      1  1.0E+00    385 (0.0E+00) 8.7E-06  9.9749061E-01    50               c
   385      1  1.0E+00    386 (0.0E+00) 8.0E-06  9.9749061E-01    50           R   c
   386      1  1.0E+00    387 (0.0E+00) 9.3E-06  9.9749061E-01    50         s     c
   387      1  1.0E+00    388 (0.0E+00) 2.6E-05  9.9749061E-01    50
   387      1  1.0E+00    388 (0.0E+00) 2.6E-05  9.9749061E-01    50               c
   388      1  1.0E+00    389 (0.0E+00) 1.8E-05  9.9749061E-01    50
   388      1  1.0E+00    389 (0.0E+00) 1.8E-05  9.9749061E-01    50               c
   389      1  1.0E+00    390 (0.0E+00) 1.2E-05  9.9749061E-01    50
   389      1  1.0E+00    390 (0.0E+00) 1.2E-05  9.9749061E-01    50               c

 Major Minors     Step   nCon Feasible  Optimal  MeritFunction    nS Penalty
   390      1  1.0E+00    391 (0.0E+00) 8.7E-06  9.9749061E-01    50               c
   391      1  1.0E+00    392 (0.0E+00) 2.4E-05  9.9749061E-01    50           R
   391      1             392 (0.0E+00) 2.4E-05  9.9749061E-01    50           R   c
   392      1  2.5E-01    393 (0.0E+00) 9.4E-06  9.9749061E-01    50         s     c
   393      1  1.0E+00    394 (0.0E+00) 8.7E-06  9.9749061E-01    50               c
   394      1  1.0E+00    395 (0.0E+00) 8.2E-06  9.9749061E-01    50               c
   395      1  1.0E+00    396 (0.0E+00) 8.2E-06  9.9749061E-01    50               c
   396      1  1.0E+00    397 (0.0E+00) 7.0E-06  9.9749061E-01    50               c
   397      1  1.0E+00    398 (0.0E+00) 8.6E-06  9.9749061E-01    50           R   c
   398      1  1.0E+00    399 (0.0E+00) 8.9E-06  9.9749061E-01    50         s     c
   399      1  1.0E+00    400 (0.0E+00) 1.7E-05  9.9749061E-01    50
   399      1             400 (0.0E+00) 1.7E-05  9.9749061E-01    50               c

 Major Minors     Step   nCon Feasible  Optimal  MeritFunction    nS Penalty
   400      1  3.0E-01    401 (0.0E+00) 7.1E-06  9.9749061E-01    50               c
   401      1  1.0E+00    402 (0.0E+00) 7.9E-06  9.9749061E-01    50               c
   402      1  1.0E+00    403 (0.0E+00) 1.4E-05  9.9749061E-01    50
   403      1  1.0E+00    404 (0.0E+00) 2.1E-05  9.9749061E-01    50           R
   403      2  1.0E+00    404 (0.0E+00) 1.4E-05  9.9749061E-01    50           R   c
   404      1  1.0E+00    405 (0.0E+00) 4.2E-05  9.9749061E-01    50         s
   404      1  1.0E+00    405 (0.0E+00) 4.2E-05  9.9749061E-01    50         s     c
   405      1  1.0E+00    406 (0.0E+00) 7.3E-06  9.9749061E-01    50               c
   406      1  1.0E+00    407 (0.0E+00) 6.3E-06  9.9749061E-01    50               c
   407      1  1.0E+00    408 (0.0E+00) 5.6E-06  9.9749061E-01    50               c
   408      1  1.0E+00    409 (0.0E+00) 5.8E-06  9.9749061E-01    50               c
   409      1  1.0E+00    410 (0.0E+00) 6.1E-06  9.9749061E-01    50           R   c

 Major Minors     Step   nCon Feasible  Optimal  MeritFunction    nS Penalty
   410      1  1.0E+00    411 (0.0E+00) 7.5E-06  9.9749061E-01    50         s     c
   411      1  1.7E-01    412 (0.0E+00) 1.4E-05  9.9749061E-01    50
   411      1  1.0E+00    412 (0.0E+00) 1.4E-05  9.9749061E-01    50               c
   412      1  1.0E+00    413 (0.0E+00) 6.9E-06  9.9749061E-01    50               c
   413      1  1.0E+00    414 (0.0E+00) 1.5E-05  9.9749061E-01    50
   413      1  1.0E+00    414 (0.0E+00) 1.5E-05  9.9749061E-01    50               c
   414      1  1.0E+00    415 (0.0E+00) 1.7E-05  9.9749061E-01    50
   415      1  1.0E+00    416 (0.0E+00) 3.0E-05  9.9749061E-01    50           R
   416      1  1.4E-01    417 (0.0E+00) 1.4E-05  9.9749061E-01    50         s
   416      2  1.0E+00    417 (0.0E+00) 1.1E-05  9.9749061E-01    50         s     c
   417      1  1.0E+00    418 (0.0E+00) 8.9E-06  9.9749061E-01    50               c
   418      1  1.0E+00    419 (0.0E+00) 4.1E-06  9.9749061E-01    50               c
   419      1  1.0E+00    420 (0.0E+00) 2.8E-06  9.9749061E-01    50               c

 Major Minors     Step   nCon Feasible  Optimal  MeritFunction    nS Penalty
   420      1  1.0E+00    421 (0.0E+00) 3.1E-06  9.9749061E-01    50               c
   421      1  1.0E+00    422 (0.0E+00) 3.2E-06  9.9749061E-01    50           R   c
   422      1  1.0E+00    423 (0.0E+00) 2.6E-06  9.9749061E-01    50         s     c
   423      1  3.3E-01    424 (0.0E+00) 5.8E-06  9.9749061E-01    50               c
   424      1  1.0E+00    425 (0.0E+00) 5.8E-06  9.9749061E-01    50               c
   425      1  1.0E+00    426 (0.0E+00) 2.9E-06  9.9749061E-01    50               c
   426      1  1.0E+00    427 (0.0E+00) 3.2E-06  9.9749061E-01    50               c
   427      1  1.0E+00    428 (0.0E+00) 3.9E-06  9.9749061E-01    50           R   c
   428      1  2.1E-01    429 (0.0E+00) 2.2E-06  9.9749061E-01    50         s     c
   429      1  1.0E+00    430 (0.0E+00) 2.2E-06  9.9749061E-01    50               c

 Major Minors     Step   nCon Feasible  Optimal  MeritFunction    nS Penalty
   430      1  1.0E+00    431 (0.0E+00)(1.9E-06) 9.9749061E-01    50               c
 
 SNOPTA EXIT   0 -- finished successfully
 SNOPTA INFO   1 -- optimality conditions satisfied

 Problem name
 No. of iterations                 507   Objective value      9.9749060869E-01
 No. of major iterations           430   Linear objective     0.0000000000E+00
 Penalty parameter           0.000E+00   Nonlinear objective  9.9749060869E-01
 No. of calls to funobj         665384   No. of calls to funcon         665384
 Calls with modes 1,2 (known g)    431   Calls with modes 1,2 (known g)    431
 Calls for forward differencing 329658   Calls for forward differencing 329658
 Calls for central differencing 334668   Calls for central differencing 334668
 No. of superbasics                 50   No. of basic nonlinears             0
 No. of degenerate steps             0   Percentage                        .00
 Max x       (scaled)      502 1.1E+00   Max pi      (scaled)        1 0.0E+00
 Max x                     502 1.1E+00   Max pi                      1 0.0E+00
 Max Prim inf(scaled)        0 0.0E+00   Max Dual inf(scaled)       21 3.8E-06
 Max Primal infeas           0 0.0E+00   Max Dual infeas            21 3.8E-06
 Nonlinear constraint violn    0.0E+00

 Solution not printed
