
 
 ===>  WARNING - variable      203 has no Jacobian entries.
 ===>  WARNING - variable      204 has no Jacobian entries.
 ===>  WARNING - variable      205 has no Jacobian entries.
 

 Nonlinear constraints       3     Linear constraints       0
 Nonlinear variables       202     Linear variables         3
 Jacobian  variables       202     Objective variables    202
 Total constraints           3     Total variables        205
 

 
 The user has defined       0   out of     808   first  derivatives
 XXX  Some first  derivatives are missing --- derivative level reduced to 0
 

 Major Minors     Step   nCon Feasible  Optimal  MeritFunction    nS Penalty
     0     99               1 (0.0E+00) 5.4E+00  1.9495000E+02    99           r  T
     1      2  1.1E-01      2 (0.0E+00) 5.3E+00  9.2305573E+01   100         n rl
     2      1  1.1E-01      3 (0.0E+00) 7.4E+00  3.5758204E+01   100         s  l
     3      1  2.0E-01      4 (0.0E+00) 2.9E+00  7.6185342E+00   100
     4      1  1.0E+00      5 (0.0E+00) 7.5E-01  2.9057651E+00   100
     5      1  1.0E+00      6 (0.0E+00) 4.4E-01  2.5584585E+00   100
     6      1  1.0E+00      7 (0.0E+00) 5.9E-01  2.2025303E+00   100
     7      1  1.0E+00      8 (0.0E+00) 6.7E-01  1.8216831E+00   100
     8      1  1.0E+00      9 (0.0E+00) 2.9E-01  1.4531292E+00   100
     9      1  1.0E+00     10 (0.0E+00) 2.9E-01  1.2566407E+00   100

 Major Minors     Step   nCon Feasible  Optimal  MeritFunction    nS Penalty
    10      1  1.0E+00     11 (0.0E+00) 2.2E-01  1.2104169E+00   100
    11      1  1.0E+00     12 (0.0E+00) 8.5E-02  1.1548363E+00   100
    12      1  1.0E+00     13 (0.0E+00) 1.5E-01  1.1237464E+00   100           R
    13      1  1.0E+00     14 (0.0E+00) 2.8E-01  1.1145851E+00   100         s
    14      1  1.0E+00     15 (0.0E+00) 1.0E-01  1.0803751E+00   100
    15      1  1.0E+00     16 (0.0E+00) 8.2E-02  1.0614233E+00   100
    16      1  1.0E+00     17 (0.0E+00) 8.1E-02  1.0408867E+00   100
    17      1  1.0E+00     18 (0.0E+00) 9.7E-02  1.0023476E+00   100
    18      1  1.0E+00     19 (0.0E+00) 1.0E-01  9.7179619E-01   100
    19      1  1.0E+00     20 (0.0E+00) 8.4E-02  9.5200114E-01   100

 Major Minors     Step   nCon Feasible  Optimal  MeritFunction    nS Penalty
    20      1  1.0E+00     21 (0.0E+00) 7.7E-02  9.4213215E-01   100
    21      1  1.0E+00     22 (0.0E+00) 6.0E-02  9.3396718E-01   100
    22      1  1.0E+00     23 (0.0E+00) 6.4E-02  9.2525118E-01   100
    23      1  1.0E+00     24 (0.0E+00) 6.5E-02  9.1303226E-01   100           R
    24      1  1.0E+00     25 (0.0E+00) 8.6E-02  9.0734058E-01   100         s
    25      1  1.7E-01     26 (0.0E+00) 1.0E-01  9.0169787E-01   100
    26      1  1.0E+00     27 (0.0E+00) 4.5E-02  8.9897729E-01   100
    27      1  1.0E+00     28 (0.0E+00) 6.1E-02  8.9559185E-01   100
    28      1  1.0E+00     29 (0.0E+00) 8.9E-02  8.8990967E-01   100
    29      1  1.0E+00     30 (0.0E+00) 7.5E-02  8.8437633E-01   100

 Major Minors     Step   nCon Feasible  Optimal  MeritFunction    nS Penalty
    30      1  1.0E+00     31 (0.0E+00) 5.2E-02  8.8003291E-01   100
    31      1  1.0E+00     32 (0.0E+00) 2.4E-02  8.7708059E-01   100
    32      1  1.0E+00     33 (0.0E+00) 5.2E-02  8.7421596E-01   100
    33      1  1.0E+00     34 (0.0E+00) 7.1E-02  8.7040037E-01   100
    34      1  1.0E+00     35 (0.0E+00) 6.5E-02  8.6552699E-01   100           R
    35      1  2.3E-01     36 (0.0E+00) 2.5E-02  8.6506242E-01   100         s
    36      1  1.0E+00     37 (0.0E+00) 2.4E-02  8.6422321E-01   100
    37      1  1.0E+00     38 (0.0E+00) 1.7E-02  8.6248413E-01   100
    38      1  1.0E+00     39 (0.0E+00) 1.7E-02  8.6244432E-01   100
    39      1  1.0E+00     40 (0.0E+00) 1.6E-02  8.6156420E-01   100

 Major Minors     Step   nCon Feasible  Optimal  MeritFunction    nS Penalty
    40      1  1.0E+00     41 (0.0E+00) 1.9E-02  8.6139950E-01   100
    41      1  1.0E+00     42 (0.0E+00) 2.1E-02  8.6107195E-01   100
    42      1  1.0E+00     43 (0.0E+00) 2.1E-02  8.6070654E-01   100
    43      1  1.0E+00     44 (0.0E+00) 1.8E-02  8.6029571E-01   100
    44      1  1.0E+00     45 (0.0E+00) 1.4E-02  8.6011334E-01   100
    45      1  1.0E+00     46 (0.0E+00) 1.2E-02  8.6005212E-01   100           R
    46      1  1.0E+00     47 (0.0E+00) 1.2E-02  8.6002388E-01   100         s
    47      1  1.0E-01     48 (0.0E+00) 4.0E-02  8.5984787E-01   100
    48      1  7.1E-02     49 (0.0E+00) 1.4E-02  8.5916858E-01   100
    49      1  1.0E+00     50 (0.0E+00) 1.2E-02  8.5880035E-01   100

 Major Minors     Step   nCon Feasible  Optimal  MeritFunction    nS Penalty
    50      1  1.0E+00     51 (0.0E+00) 1.1E-02  8.5846150E-01   100
    51      1  1.0E+00     52 (0.0E+00) 6.2E-03  8.5781019E-01   100
    52      1  1.0E+00     53 (0.0E+00) 5.0E-03  8.5693254E-01   100
    53      1  1.0E+00     54 (0.0E+00) 2.9E-03  8.5682200E-01   100
    54      1  1.0E+00     55 (0.0E+00) 1.9E-03  8.5673319E-01   100
    55      1  1.0E+00     56 (0.0E+00) 2.2E-03  8.5665501E-01   100
    56      1  1.0E+00     57 (0.0E+00) 1.9E-03  8.5659220E-01   100           R
    57      1  4.2E-01     58 (0.0E+00) 3.9E-03  8.5658616E-01   100         s
    58      1  1.1E-01     59 (0.0E+00) 8.6E-04  8.5658395E-01   100
    59      1  1.0E+00     60 (0.0E+00) 7.6E-04  8.5657891E-01   100

 Major Minors     Step   nCon Feasible  Optimal  MeritFunction    nS Penalty
    60      1  1.0E+00     61 (0.0E+00) 9.2E-04  8.5655993E-01   100
    61      1  1.0E+00     62 (0.0E+00) 7.9E-04  8.5655856E-01   100
    62      1  1.0E+00     63 (0.0E+00) 1.0E-03  8.5655448E-01   100
    63      1  1.0E+00     64 (0.0E+00) 1.3E-03  8.5655238E-01   100
    64      1  1.0E+00     65 (0.0E+00) 1.3E-03  8.5655001E-01   100
    65      1  1.0E+00     66 (0.0E+00) 1.2E-03  8.5654777E-01   100
    66      1  1.0E+00     67 (0.0E+00) 8.3E-04  8.5654384E-01   100
    67      1  1.0E+00     68 (0.0E+00) 6.9E-04  8.5653926E-01   100           R
    68      1  1.0E+00     69 (0.0E+00) 5.2E-04  8.5653746E-01   100         s
    69      1  1.0E-01     70 (0.0E+00) 1.6E-03  8.5653721E-01   100

 Major Minors     Step   nCon Feasible  Optimal  MeritFunction    nS Penalty
    70      1  1.0E+00     71 (0.0E+00) 6.6E-04  8.5653525E-01   100
    71      1  1.0E+00     72 (0.0E+00) 4.5E-04  8.5653422E-01   100
    72      1  1.0E+00     73 (0.0E+00) 4.2E-04  8.5653361E-01   100
    73      1  1.0E+00     74 (0.0E+00) 5.1E-04  8.5653302E-01   100
    74      1  1.0E+00     75 (0.0E+00) 4.4E-04  8.5653237E-01   100
    75      1  1.0E+00     76 (0.0E+00) 4.5E-04  8.5653189E-01   100
    76      1  1.0E+00     77 (0.0E+00) 4.4E-04  8.5653142E-01   100
    77      1  1.0E+00     78 (0.0E+00) 4.1E-04  8.5653060E-01   100
    78      1  1.0E+00     79 (0.0E+00) 3.4E-04  8.5652945E-01   100           R
    79      1  1.8E-01     80 (0.0E+00) 1.1E-03  8.5652932E-01   100         s

 Major Minors     Step   nCon Feasible  Optimal  MeritFunction    nS Penalty
    80      1  1.0E+00     81 (0.0E+00) 6.2E-04  8.5652897E-01   100
    81      1  1.0E+00     82 (0.0E+00) 2.5E-04  8.5652881E-01   100
    82      1  1.0E+00     83 (0.0E+00) 3.4E-04  8.5652876E-01   100
    83      1  1.0E+00     84 (0.0E+00) 6.2E-04  8.5652848E-01   100
    84      1  1.0E+00     85 (0.0E+00) 5.6E-04  8.5652831E-01   100
    85      1  1.0E+00     86 (0.0E+00) 3.8E-04  8.5652822E-01   100
    86      1  1.0E+00     87 (0.0E+00) 2.5E-04  8.5652818E-01   100
    87      1  1.0E+00     88 (0.0E+00) 2.9E-04  8.5652814E-01   100
    88      1  1.0E+00     89 (0.0E+00) 4.0E-04  8.5652807E-01   100
    89      1  1.0E+00     90 (0.0E+00) 4.2E-04  8.5652798E-01   100           R

 Major Minors     Step   nCon Feasible  Optimal  MeritFunction    nS Penalty
    90      1  1.0E+00     91 (0.0E+00) 5.5E-04  8.5652797E-01   100         s
    91      1  1.0E+00     92 (0.0E+00) 3.1E-04  8.5652794E-01   100
    92      1  1.0E+00     93 (0.0E+00) 2.6E-04  8.5652791E-01   100
    93      1  1.0E+00     94 (0.0E+00) 2.6E-04  8.5652790E-01   100
    94      1  1.0E+00     95 (0.0E+00) 2.2E-04  8.5652789E-01   100
    95      1  1.0E+00     96 (0.0E+00) 2.6E-04  8.5652788E-01   100
    96      1  1.0E+00     97 (0.0E+00) 4.0E-04  8.5652786E-01   100
    97      1  1.0E+00     98 (0.0E+00) 5.6E-04  8.5652781E-01   100
    98      1  1.0E+00     99 (0.0E+00) 6.6E-04  8.5652773E-01   100
    99      1  1.0E+00    100 (0.0E+00) 5.9E-04  8.5652764E-01   100

 Major Minors     Step   nCon Feasible  Optimal  MeritFunction    nS Penalty
   100      1  1.0E+00    101 (0.0E+00) 3.9E-04  8.5652754E-01   100           R
   101      1  1.0E+00    102 (0.0E+00) 2.4E-04  8.5652749E-01   100         s
   102      1  1.9E-01    103 (0.0E+00) 5.9E-04  8.5652742E-01   100
   103      1  1.0E+00    104 (0.0E+00) 4.1E-04  8.5652733E-01   100
   104      1  1.0E+00    105 (0.0E+00) 3.4E-04  8.5652730E-01   100
   105      1  1.0E+00    106 (0.0E+00) 2.2E-04  8.5652720E-01   100
   106      1  1.0E+00    107 (0.0E+00) 2.3E-04  8.5652719E-01   100
   107      1  1.0E+00    108 (0.0E+00) 2.3E-04  8.5652709E-01   100
   108      1  1.0E+00    109 (0.0E+00) 1.8E-04  8.5652702E-01   100
   109      1  1.0E+00    110 (0.0E+00) 1.3E-04  8.5652693E-01   100

 Major Minors     Step   nCon Feasible  Optimal  MeritFunction    nS Penalty
   110      1  1.0E+00    111 (0.0E+00) 1.6E-04  8.5652686E-01   100
   111      1  1.0E+00    112 (0.0E+00) 1.9E-04  8.5652675E-01   100           R
   112      1  1.0E+00    113 (0.0E+00) 9.0E-05  8.5652668E-01   100         s
   113      1  4.2E-02    114 (0.0E+00) 4.1E-04  8.5652666E-01   100
   114      1  1.0E+00    115 (0.0E+00) 3.7E-04  8.5652664E-01   100
   115      1  1.0E+00    116 (0.0E+00) 1.4E-04  8.5652652E-01   100
   116      1  1.0E+00    117 (0.0E+00) 1.6E-04  8.5652651E-01   100
   117      1  1.0E+00    118 (0.0E+00) 1.5E-04  8.5652648E-01   100
   118      1  1.0E+00    119 (0.0E+00) 1.5E-04  8.5652644E-01   100
   119      1  1.0E+00    120 (0.0E+00) 1.2E-04  8.5652639E-01   100

 Major Minors     Step   nCon Feasible  Optimal  MeritFunction    nS Penalty
   120      1  1.0E+00    121 (0.0E+00) 7.7E-05  8.5652634E-01   100
   121      1  1.0E+00    122 (0.0E+00) 9.4E-05  8.5652627E-01   100
   122      1  1.0E+00    123 (0.0E+00) 7.7E-05  8.5652623E-01   100           R
   123      1  1.5E-01    124 (0.0E+00) 8.3E-05  8.5652623E-01   100         s
   124      1  1.0E+00    125 (0.0E+00) 8.1E-05  8.5652623E-01   100
   125      1  1.0E+00    126 (0.0E+00) 7.2E-05  8.5652622E-01   100
   126      1  1.0E+00    127 (0.0E+00) 6.5E-05  8.5652622E-01   100
   127      1  1.0E+00    128 (0.0E+00) 4.3E-05  8.5652621E-01   100
   128      1  1.0E+00    129 (0.0E+00) 3.3E-05  8.5652620E-01   100
   129      1  1.0E+00    130 (0.0E+00) 3.1E-05  8.5652620E-01   100

 Major Minors     Step   nCon Feasible  Optimal  MeritFunction    nS Penalty
   130      1  1.0E+00    131 (0.0E+00) 3.2E-05  8.5652620E-01   100
   131      1  1.0E+00    132 (0.0E+00) 3.4E-05  8.5652620E-01   100
   132      1  1.0E+00    133 (0.0E+00) 3.4E-05  8.5652620E-01   100
   133      1  1.0E+00    134 (0.0E+00) 2.9E-05  8.5652620E-01   100           R
   133      2  1.0E+00    134 (0.0E+00) 3.2E-05  8.5652620E-01   100           R   c
   134      1  1.0E+00    135 (0.0E+00) 3.3E-05  8.5652620E-01   100         s
   135      1  3.5E-01    136 (0.0E+00) 3.5E-05  8.5652620E-01   100
   136      1  1.0E+00    137 (0.0E+00) 2.0E-05  8.5652620E-01   100
   137      1  1.0E+00    138 (0.0E+00) 2.5E-05  8.5652620E-01   100
   138      1  1.0E+00    139 (0.0E+00) 2.4E-05  8.5652620E-01   100
   139      1  1.0E+00    140 (0.0E+00) 2.2E-05  8.5652620E-01   100

 Major Minors     Step   nCon Feasible  Optimal  MeritFunction    nS Penalty
   140      1  1.0E+00    141 (0.0E+00) 3.0E-05  8.5652619E-01   100
   141      1  1.0E+00    142 (0.0E+00) 3.4E-05  8.5652619E-01   100
   142      1  1.0E+00    143 (0.0E+00) 2.8E-05  8.5652619E-01   100
   143      1  1.0E+00    144 (0.0E+00) 1.8E-05  8.5652619E-01   100
   144      1  1.0E+00    145 (0.0E+00) 2.2E-05  8.5652619E-01   100           R
   145      1  1.0E+00    146 (0.0E+00) 5.4E-05  8.5652619E-01   100         s
   146      1  1.0E+00    147 (0.0E+00) 2.4E-05  8.5652619E-01   100
   147      1  1.0E+00    148 (0.0E+00) 2.2E-05  8.5652619E-01   100
   148      1  1.0E+00    149 (0.0E+00) 2.4E-05  8.5652619E-01   100
   149      1  1.0E+00    150 (0.0E+00) 2.0E-05  8.5652619E-01   100

 Major Minors     Step   nCon Feasible  Optimal  MeritFunction    nS Penalty
   150      1  1.0E+00    151 (0.0E+00) 1.3E-05  8.5652619E-01   100
   151      1  1.0E+00    152 (0.0E+00) 1.9E-05  8.5652619E-01   100
   152      1  1.0E+00    153 (0.0E+00) 2.3E-05  8.5652619E-01   100
   153      1  1.0E+00    154 (0.0E+00) 2.3E-05  8.5652619E-01   100
   154      1  1.0E+00    155 (0.0E+00) 1.9E-05  8.5652619E-01   100
   155      1  1.0E+00    156 (0.0E+00) 1.5E-05  8.5652619E-01   100           R
   155      2  1.0E+00    156 (0.0E+00) 1.8E-05  8.5652619E-01   100           R   c
   156      1  1.0E+00    157 (0.0E+00) 1.7E-05  8.5652619E-01   100         s
   157      1  1.0E+00    158 (0.0E+00) 1.7E-05  8.5652619E-01   100
   158      1  1.5E-01    159 (0.0E+00) 2.4E-05  8.5652619E-01   100
   159      1  1.0E+00    160 (0.0E+00) 1.3E-05  8.5652619E-01   100

 Major Minors     Step   nCon Feasible  Optimal  MeritFunction    nS Penalty
   160      1  1.0E+00    161 (0.0E+00) 1.6E-05  8.5652619E-01   100
   161      1  1.0E+00    162 (0.0E+00) 1.5E-05  8.5652619E-01   100
   162      1  1.0E+00    163 (0.0E+00) 1.5E-05  8.5652619E-01   100
   163      1  1.0E+00    164 (0.0E+00) 1.1E-05  8.5652619E-01   100
   164      1  1.0E+00    165 (0.0E+00) 8.3E-06  8.5652619E-01   100
   165      1  1.0E+00    166 (0.0E+00) 6.8E-06  8.5652619E-01   100
   166      1  1.0E+00    167 (0.0E+00) 4.2E-06  8.5652618E-01   100           R
   167      1  1.0E+00    168 (0.0E+00) 2.5E-05  8.5652618E-01   100         s
   168      1  1.8E-01    169 (0.0E+00) 6.5E-06  8.5652618E-01   100
   169      1  1.0E+00    170 (0.0E+00) 4.5E-06  8.5652618E-01   100

 Major Minors     Step   nCon Feasible  Optimal  MeritFunction    nS Penalty
   170      1  1.0E+00    171 (0.0E+00) 4.3E-06  8.5652618E-01   100
   171      1  1.0E+00    172 (0.0E+00) 4.3E-06  8.5652618E-01   100
   171      2  1.0E+00    172 (0.0E+00) 8.8E-06  8.5652618E-01   100               c
   172      1  1.0E+00    173 (0.0E+00) 7.4E-06  8.5652618E-01   100               c
   173      1  1.0E+00    174 (0.0E+00) 5.5E-06  8.5652618E-01   100               c
   174      1  1.0E+00    175 (0.0E+00) 4.0E-06  8.5652618E-01   100               c
   175      1  1.0E+00    176 (0.0E+00) 3.7E-06  8.5652618E-01   100               c
   176      1  1.0E+00    177 (0.0E+00) 4.0E-06  8.5652618E-01   100               c
   177      1  1.0E+00    178 (0.0E+00) 3.9E-06  8.5652618E-01   100           R   c
   178      1  1.0E+00    179 (0.0E+00) 4.1E-06  8.5652618E-01   100         s     c
   179      1  1.0E+00    180 (0.0E+00) 1.4E-05  8.5652618E-01   100

 Major Minors     Step   nCon Feasible  Optimal  MeritFunction    nS Penalty
   180      1  5.0E-02    181 (0.0E+00) 4.7E-06  8.5652618E-01   100
   181      1  2.5E-01    182 (0.0E+00) 5.8E-06  8.5652618E-01   100
   182      1  1.0E+00    183 (0.0E+00) 6.8E-06  8.5652618E-01   100
   183      1  1.0E+00    184 (0.0E+00) 1.4E-05  8.5652618E-01   100
   184      1  1.0E+00    185 (0.0E+00) 7.9E-06  8.5652618E-01   100
   185      1  1.0E+00    186 (0.0E+00)(2.0E-06) 8.5652618E-01   100
 
 SNOPTA EXIT   0 -- finished successfully
 SNOPTA INFO   1 -- optimality conditions satisfied

 Problem name
 No. of iterations                 288   Objective value      8.5652618397E-01
 No. of major iterations           185   Linear objective     0.0000000000E+00
 Penalty parameter           0.000E+00   Nonlinear objective  8.5652618397E-01
 No. of calls to funobj          41205   No. of calls to funcon          41205
 Calls with modes 1,2 (known g)    186   Calls with modes 1,2 (known g)    186
 Calls for forward differencing  35552   Calls for forward differencing  35552
 Calls for central differencing   5252   Calls for central differencing   5252
 No. of superbasics                100   No. of basic nonlinears             0
 No. of degenerate steps             0   Percentage                        .00
 Max x       (scaled)      102 1.3E+00   Max pi      (scaled)        1 0.0E+00
 Max x                     102 1.3E+00   Max pi                      1 0.0E+00
 Max Prim inf(scaled)        0 0.0E+00   Max Dual inf(scaled)        3 3.9E-06
 Max Primal infeas           0 0.0E+00   Max Dual infeas             3 3.9E-06
 Nonlinear constraint violn    0.0E+00

 Solution not printed
