
 
 ===>  WARNING - variable      403 has no Jacobian entries.
 ===>  WARNING - variable      404 has no Jacobian entries.
 ===>  WARNING - variable      405 has no Jacobian entries.
 

 Nonlinear constraints       3     Linear constraints       0
 Nonlinear variables       402     Linear variables         3
 Jacobian  variables       402     Objective variables    402
 Total constraints           3     Total variables        405
 

 
 The user has defined       0   out of    1608   first  derivatives
 XXX  Some first  derivatives are missing --- derivative level reduced to 0
 

 Major Minors     Step   nCon Feasible  Optimal  MeritFunction    nS Penalty
     0     99               1 (0.0E+00) 5.4E+00  1.9495000E+02    99           r  T
     1      2  1.1E-01      2 (0.0E+00) 5.3E+00  6.2077327E+01   100         n rl
     2      1  4.6E-02      3 (0.0E+00) 6.8E+00  3.6813225E+01   100         s
     3      1  1.0E+00      4 (0.0E+00) 7.7E+00  1.1391376E+01   100
     4      1  1.0E+00      5 (0.0E+00) 2.0E+00  3.4664715E+00   100
     5      1  1.0E+00      6 (0.0E+00) 2.7E-01  2.7147831E+00   100
     6      1  1.0E+00      7 (0.0E+00) 4.6E-01  2.5614355E+00   100
     7      1  1.0E+00      8 (0.0E+00) 6.4E-01  2.1474871E+00   100
     8      1  1.0E+00      9 (0.0E+00) 5.5E-01  1.7370574E+00   100
     9      1  1.0E+00     10 (0.0E+00) 2.4E-01  1.4829232E+00   100

 Major Minors     Step   nCon Feasible  Optimal  MeritFunction    nS Penalty
    10      1  1.0E+00     11 (0.0E+00) 2.8E-01  1.3416632E+00   100
    11      1  1.0E+00     12 (0.0E+00) 3.6E-01  1.2607458E+00   100
    12      1  1.0E+00     13 (0.0E+00) 2.5E-01  1.2087714E+00   100           R
    13      1  2.1E-01     14 (0.0E+00) 1.3E-01  1.2035973E+00   100         s
    14      1  1.0E+00     15 (0.0E+00) 1.2E-01  1.1993318E+00   100
    15      1  1.0E+00     16 (0.0E+00) 8.2E-02  1.1494583E+00   100
    16      1  1.0E+00     17 (0.0E+00) 8.1E-02  1.1453213E+00   100
    17      1  1.0E+00     18 (0.0E+00) 1.5E-01  1.0866905E+00   100
    18      1  1.0E+00     19 (0.0E+00) 1.7E-01  1.0347703E+00   100
    19      1  1.0E+00     20 (0.0E+00) 1.2E-01  9.9661989E-01   100

 Major Minors     Step   nCon Feasible  Optimal  MeritFunction    nS Penalty
    20      1  1.0E+00     21 (0.0E+00) 6.9E-02  9.8684244E-01   100
    21      1  1.0E+00     22 (0.0E+00) 4.9E-02  9.8417956E-01   100
    22      1  1.0E+00     23 (0.0E+00) 5.8E-02  9.8275261E-01   100
    23      1  1.0E+00     24 (0.0E+00) 9.3E-02  9.7790625E-01   100           R
    24      1  1.0E+00     25 (0.0E+00) 4.0E-02  9.7670041E-01   100         s
    25      1  1.0E+00     26 (0.0E+00) 5.2E-02  9.7473394E-01   100
    26      1  1.0E+00     27 (0.0E+00) 1.1E-01  9.6148227E-01   100
    27      1  1.0E+00     28 (0.0E+00) 8.4E-02  9.5771070E-01   100
    28      1  1.0E+00     29 (0.0E+00) 1.2E-01  9.5379290E-01   100
    29      1  1.0E+00     30 (0.0E+00) 1.9E-01  9.4860123E-01   100

 Major Minors     Step   nCon Feasible  Optimal  MeritFunction    nS Penalty
    30      1  1.0E+00     31 (0.0E+00) 2.4E-01  9.3833966E-01   100
    31      1  1.0E+00     32 (0.0E+00) 2.0E-01  9.2750368E-01   100
    32      1  1.0E+00     33 (0.0E+00) 1.0E-01  9.2123658E-01   100
    33      1  1.0E+00     34 (0.0E+00) 3.2E-02  9.1946868E-01   100
    34      1  1.0E+00     35 (0.0E+00) 5.6E-02  9.1874668E-01   100           R
    35      1  1.0E+00     36 (0.0E+00) 3.9E-02  9.1828849E-01   100         s
    36      1  1.0E+00     37 (0.0E+00) 5.6E-02  9.1645633E-01   100
    37      1  1.0E+00     38 (0.0E+00) 1.0E-01  9.0705658E-01   100
    38      1  1.0E+00     39 (0.0E+00) 7.9E-02  9.0463726E-01   100
    39      1  1.0E+00     40 (0.0E+00) 5.5E-02  9.0145791E-01   100

 Major Minors     Step   nCon Feasible  Optimal  MeritFunction    nS Penalty
    40      1  1.0E+00     41 (0.0E+00) 8.8E-02  8.9790181E-01   100
    41      1  1.0E+00     42 (0.0E+00) 8.8E-02  8.9380085E-01   100
    42      1  1.0E+00     43 (0.0E+00) 4.9E-02  8.9150481E-01   100
    43      1  1.0E+00     44 (0.0E+00) 2.2E-02  8.9032661E-01   100
    44      1  1.0E+00     45 (0.0E+00) 5.2E-02  8.8924397E-01   100
    45      1  1.0E+00     46 (0.0E+00) 9.3E-02  8.8727181E-01   100           R
    46      1  4.6E-01     47 (0.0E+00) 2.1E-02  8.8645841E-01   100         s
    47      1  1.0E+00     48 (0.0E+00) 2.0E-02  8.8623517E-01   100
    48      1  1.0E+00     49 (0.0E+00) 4.4E-02  8.8290352E-01   100
    49      1  1.0E+00     50 (0.0E+00) 4.4E-02  8.8271216E-01   100

 Major Minors     Step   nCon Feasible  Optimal  MeritFunction    nS Penalty
    50      1  1.0E+00     51 (0.0E+00) 3.2E-02  8.7817894E-01   100
    51      1  1.0E+00     52 (0.0E+00) 2.0E-02  8.7616827E-01   100
    52      1  1.0E+00     53 (0.0E+00) 2.5E-02  8.7521694E-01   100
    53      1  1.0E+00     54 (0.0E+00) 3.1E-02  8.7493833E-01   100
    54      1  1.0E+00     55 (0.0E+00) 3.5E-02  8.7452659E-01   100
    55      1  1.0E+00     56 (0.0E+00) 3.7E-02  8.7376410E-01   100
    56      1  1.0E+00     57 (0.0E+00) 3.3E-02  8.7259460E-01   100           R
    57      1  1.0E+00     58 (0.0E+00) 2.8E-02  8.7244528E-01   100         s
    58      1  1.5E-01     59 (0.0E+00) 6.0E-02  8.7142698E-01   100
    59      1  1.0E+00     60 (0.0E+00) 2.5E-02  8.6990387E-01   100

 Major Minors     Step   nCon Feasible  Optimal  MeritFunction    nS Penalty
    60      1  1.0E+00     61 (0.0E+00) 4.3E-02  8.6882394E-01   100
    61      1  1.0E+00     62 (0.0E+00) 6.0E-02  8.6576771E-01   100
    62      1  1.0E+00     63 (0.0E+00) 4.0E-02  8.6457741E-01   100
    63      1  1.0E+00     64 (0.0E+00) 9.9E-03  8.6337467E-01   100
    64      1  1.0E+00     65 (0.0E+00) 2.9E-02  8.6205105E-01   100
    65      1  1.0E+00     66 (0.0E+00) 4.5E-02  8.6002628E-01   100
    66      1  1.0E+00     67 (0.0E+00) 3.7E-02  8.5826203E-01   100
    67      1  1.0E+00     68 (0.0E+00) 1.4E-02  8.5748856E-01   100           R
    68      1  1.1E-01     69 (0.0E+00) 8.8E-03  8.5745607E-01   100         s
    69      1  1.0E+00     70 (0.0E+00) 8.4E-03  8.5744551E-01   100

 Major Minors     Step   nCon Feasible  Optimal  MeritFunction    nS Penalty
    70      1  1.0E+00     71 (0.0E+00) 3.1E-03  8.5734189E-01   100
    71      1  1.0E+00     72 (0.0E+00) 3.2E-03  8.5733972E-01   100
    72      1  1.0E+00     73 (0.0E+00) 6.8E-03  8.5720294E-01   100
    73      1  1.0E+00     74 (0.0E+00) 9.4E-03  8.5712871E-01   100
    74      1  1.0E+00     75 (0.0E+00) 1.1E-02  8.5707153E-01   100
    75      1  1.0E+00     76 (0.0E+00) 1.0E-02  8.5704072E-01   100
    76      1  1.0E+00     77 (0.0E+00) 8.9E-03  8.5699164E-01   100
    77      1  1.0E+00     78 (0.0E+00) 6.0E-03  8.5692254E-01   100
    78      1  1.0E+00     79 (0.0E+00) 5.4E-03  8.5685691E-01   100           R
    79      1  1.0E+00     80 (0.0E+00) 4.8E-03  8.5685312E-01   100         s

 Major Minors     Step   nCon Feasible  Optimal  MeritFunction    nS Penalty
    80      1  9.8E-02     81 (0.0E+00) 1.1E-02  8.5683884E-01   100
    81      1  1.0E+00     82 (0.0E+00) 3.2E-03  8.5680702E-01   100
    82      1  1.0E+00     83 (0.0E+00) 3.0E-03  8.5679667E-01   100
    83      1  1.0E+00     84 (0.0E+00) 2.1E-03  8.5671013E-01   100
    84      1  1.0E+00     85 (0.0E+00) 2.1E-03  8.5670010E-01   100
    85      1  1.0E+00     86 (0.0E+00) 1.4E-03  8.5663156E-01   100
    86      1  1.0E+00     87 (0.0E+00) 8.9E-04  8.5660695E-01   100
    87      1  1.0E+00     88 (0.0E+00) 1.3E-03  8.5659480E-01   100
    88      1  1.0E+00     89 (0.0E+00) 1.5E-03  8.5658881E-01   100
    89      1  1.0E+00     90 (0.0E+00) 1.5E-03  8.5657593E-01   100           R

 Major Minors     Step   nCon Feasible  Optimal  MeritFunction    nS Penalty
    90      1  1.0E+00     91 (0.0E+00) 5.5E-03  8.5657465E-01   100         s
    91      1  1.0E+00     92 (0.0E+00) 4.5E-03  8.5656929E-01   100
    92      1  1.0E+00     93 (0.0E+00) 1.8E-03  8.5656324E-01   100
    93      1  1.0E+00     94 (0.0E+00) 1.1E-03  8.5655879E-01   100
    94      1  1.0E+00     95 (0.0E+00) 1.9E-03  8.5655372E-01   100
    95      1  1.0E+00     96 (0.0E+00) 1.4E-03  8.5655159E-01   100
    96      1  1.0E+00     97 (0.0E+00) 6.7E-04  8.5655034E-01   100
    97      1  1.0E+00     98 (0.0E+00) 1.2E-03  8.5654898E-01   100
    98      1  1.0E+00     99 (0.0E+00) 1.9E-03  8.5654664E-01   100
    99      1  1.0E+00    100 (0.0E+00) 2.1E-03  8.5654367E-01   100

 Major Minors     Step   nCon Feasible  Optimal  MeritFunction    nS Penalty
   100      1  1.0E+00    101 (0.0E+00) 1.5E-03  8.5654127E-01   100           R
   101      1  3.7E-01    102 (0.0E+00) 1.2E-03  8.5654104E-01   100         s
   102      1  1.0E+00    103 (0.0E+00) 8.3E-04  8.5654049E-01   100
   103      1  1.0E+00    104 (0.0E+00) 5.0E-04  8.5654018E-01   100
   104      1  1.0E+00    105 (0.0E+00) 4.9E-04  8.5654010E-01   100
   105      1  1.0E+00    106 (0.0E+00) 1.0E-03  8.5653932E-01   100
   106      1  1.0E+00    107 (0.0E+00) 1.4E-03  8.5653844E-01   100
   107      1  1.0E+00    108 (0.0E+00) 1.5E-03  8.5653726E-01   100
   108      1  1.0E+00    109 (0.0E+00) 1.3E-03  8.5653647E-01   100
   109      1  1.0E+00    110 (0.0E+00) 9.4E-04  8.5653589E-01   100

 Major Minors     Step   nCon Feasible  Optimal  MeritFunction    nS Penalty
   110      1  1.0E+00    111 (0.0E+00) 7.1E-04  8.5653535E-01   100
   111      1  1.0E+00    112 (0.0E+00) 4.8E-04  8.5653484E-01   100           R
   112      1  1.0E+00    113 (0.0E+00) 1.4E-03  8.5653476E-01   100         s
   113      1  1.0E+00    114 (0.0E+00) 9.5E-04  8.5653459E-01   100
   114      1  1.0E+00    115 (0.0E+00) 6.8E-04  8.5653424E-01   100
   115      1  1.0E+00    116 (0.0E+00) 7.0E-04  8.5653416E-01   100
   116      1  1.0E+00    117 (0.0E+00) 6.5E-04  8.5653393E-01   100
   117      1  1.0E+00    118 (0.0E+00) 5.5E-04  8.5653359E-01   100
   118      1  1.0E+00    119 (0.0E+00) 6.4E-04  8.5653304E-01   100
   119      1  1.0E+00    120 (0.0E+00) 4.8E-04  8.5653264E-01   100

 Major Minors     Step   nCon Feasible  Optimal  MeritFunction    nS Penalty
   120      1  1.0E+00    121 (0.0E+00) 3.7E-04  8.5653247E-01   100
   121      1  1.0E+00    122 (0.0E+00) 4.2E-04  8.5653241E-01   100
   122      1  1.0E+00    123 (0.0E+00) 5.0E-04  8.5653232E-01   100           R
   123      1  1.0E+00    124 (0.0E+00) 5.3E-04  8.5653228E-01   100         s
   124      1  1.0E+00    125 (0.0E+00) 4.9E-04  8.5653218E-01   100
   125      1  1.0E+00    126 (0.0E+00) 5.7E-04  8.5653189E-01   100
   126      1  1.0E+00    127 (0.0E+00) 6.3E-04  8.5653182E-01   100
   127      1  1.0E+00    128 (0.0E+00) 7.4E-04  8.5653140E-01   100
   128      1  1.0E+00    129 (0.0E+00) 5.5E-04  8.5653119E-01   100
   129      1  1.0E+00    130 (0.0E+00) 3.5E-04  8.5653108E-01   100

 Major Minors     Step   nCon Feasible  Optimal  MeritFunction    nS Penalty
   130      1  1.0E+00    131 (0.0E+00) 5.1E-04  8.5653103E-01   100
   131      1  1.0E+00    132 (0.0E+00) 7.2E-04  8.5653094E-01   100
   132      1  1.0E+00    133 (0.0E+00) 1.0E-03  8.5653074E-01   100
   133      1  1.0E+00    134 (0.0E+00) 1.4E-03  8.5653026E-01   100           R
   134      1  1.0E+00    135 (0.0E+00) 8.0E-04  8.5653016E-01   100         s
   135      1  1.0E+00    136 (0.0E+00) 3.7E-04  8.5652999E-01   100
   136      1  1.0E+00    137 (0.0E+00) 5.8E-04  8.5652977E-01   100
   137      1  1.0E+00    138 (0.0E+00) 4.0E-04  8.5652973E-01   100
   138      1  1.0E+00    139 (0.0E+00) 2.8E-04  8.5652971E-01   100
   139      1  1.0E+00    140 (0.0E+00) 4.5E-04  8.5652969E-01   100

 Major Minors     Step   nCon Feasible  Optimal  MeritFunction    nS Penalty
   140      1  1.0E+00    141 (0.0E+00) 7.2E-04  8.5652963E-01   100
   141      1  1.0E+00    142 (0.0E+00) 1.1E-03  8.5652949E-01   100
   142      1  1.0E+00    143 (0.0E+00) 1.3E-03  8.5652925E-01   100
   143      1  1.0E+00    144 (0.0E+00) 1.2E-03  8.5652897E-01   100
   144      1  1.0E+00    145 (0.0E+00) 7.4E-04  8.5652879E-01   100           R
   145      1  1.0E+00    146 (0.0E+00) 2.9E-04  8.5652875E-01   100         s
   146      1  1.0E+00    147 (0.0E+00) 2.4E-04  8.5652870E-01   100
   147      1  1.0E+00    148 (0.0E+00) 3.4E-04  8.5652839E-01   100
   148      1  1.0E+00    149 (0.0E+00) 1.9E-04  8.5652835E-01   100
   149      1  1.0E+00    150 (0.0E+00) 4.2E-04  8.5652830E-01   100

 Major Minors     Step   nCon Feasible  Optimal  MeritFunction    nS Penalty
   150      1  1.0E+00    151 (0.0E+00) 6.2E-04  8.5652822E-01   100
   151      1  1.0E+00    152 (0.0E+00) 7.3E-04  8.5652810E-01   100
   152      1  1.0E+00    153 (0.0E+00) 5.4E-04  8.5652801E-01   100
   153      1  1.0E+00    154 (0.0E+00) 2.7E-04  8.5652797E-01   100
   154      1  1.0E+00    155 (0.0E+00) 2.9E-04  8.5652795E-01   100
   155      1  1.0E+00    156 (0.0E+00) 3.7E-04  8.5652793E-01   100           R
   156      1  1.0E+00    157 (0.0E+00) 2.5E-04  8.5652792E-01   100         s
   157      1  1.0E+00    158 (0.0E+00) 2.2E-04  8.5652791E-01   100
   158      1  1.0E+00    159 (0.0E+00) 2.0E-04  8.5652784E-01   100
   159      1  1.0E+00    160 (0.0E+00) 2.5E-04  8.5652783E-01   100

 Major Minors     Step   nCon Feasible  Optimal  MeritFunction    nS Penalty
   160      1  1.0E+00    161 (0.0E+00) 4.6E-04  8.5652778E-01   100
   161      1  1.0E+00    162 (0.0E+00) 5.8E-04  8.5652770E-01   100
   162      1  1.0E+00    163 (0.0E+00) 5.7E-04  8.5652758E-01   100
   163      1  1.0E+00    164 (0.0E+00) 3.7E-04  8.5652748E-01   100
   164      1  1.0E+00    165 (0.0E+00) 1.7E-04  8.5652743E-01   100
   165      1  1.0E+00    166 (0.0E+00) 3.2E-04  8.5652741E-01   100
   166      1  1.0E+00    167 (0.0E+00) 4.6E-04  8.5652737E-01   100           R
   167      1  1.0E+00    168 (0.0E+00) 2.0E-04  8.5652736E-01   100         s
   168      1  1.0E+00    169 (0.0E+00) 1.9E-04  8.5652733E-01   100
   169      1  1.0E+00    170 (0.0E+00) 2.5E-04  8.5652723E-01   100

 Major Minors     Step   nCon Feasible  Optimal  MeritFunction    nS Penalty
   170      1  1.0E+00    171 (0.0E+00) 2.0E-04  8.5652722E-01   100
   171      1  1.0E+00    172 (0.0E+00) 3.2E-04  8.5652717E-01   100
   172      1  1.0E+00    173 (0.0E+00) 4.1E-04  8.5652712E-01   100
   173      1  1.0E+00    174 (0.0E+00) 3.5E-04  8.5652707E-01   100
   174      1  1.0E+00    175 (0.0E+00) 2.1E-04  8.5652705E-01   100
   175      1  1.0E+00    176 (0.0E+00) 1.1E-04  8.5652705E-01   100
   176      1  1.0E+00    177 (0.0E+00) 2.0E-04  8.5652704E-01   100
   177      1  1.0E+00    178 (0.0E+00) 3.3E-04  8.5652702E-01   100           R
   178      1  1.0E+00    179 (0.0E+00) 3.1E-04  8.5652701E-01   100         s
   179      1  1.0E+00    180 (0.0E+00) 1.4E-04  8.5652700E-01   100

 Major Minors     Step   nCon Feasible  Optimal  MeritFunction    nS Penalty
   180      1  1.0E+00    181 (0.0E+00) 1.3E-04  8.5652700E-01   100
   181      1  1.0E+00    182 (0.0E+00) 2.6E-04  8.5652699E-01   100
   182      1  1.0E+00    183 (0.0E+00) 3.0E-04  8.5652697E-01   100
   183      1  1.0E+00    184 (0.0E+00) 2.6E-04  8.5652697E-01   100
   184      1  1.0E+00    185 (0.0E+00) 1.7E-04  8.5652696E-01   100
   185      1  1.0E+00    186 (0.0E+00) 2.5E-04  8.5652695E-01   100
   186      1  1.0E+00    187 (0.0E+00) 4.1E-04  8.5652692E-01   100
   187      1  1.0E+00    188 (0.0E+00) 5.6E-04  8.5652688E-01   100
   188      1  1.0E+00    189 (0.0E+00) 5.7E-04  8.5652682E-01   100           R
   189      1  1.0E+00    190 (0.0E+00) 1.3E-04  8.5652679E-01   100         s
   189      2  1.0E+00    190 (0.0E+00) 1.3E-04  8.5652679E-01   100         s     c

 Major Minors     Step   nCon Feasible  Optimal  MeritFunction    nS Penalty
   190      1  1.0E+00    191 (0.0E+00) 1.3E-04  8.5652678E-01   100
   191      1  1.0E+00    192 (0.0E+00) 2.8E-04  8.5652676E-01   100
   192      1  1.0E+00    193 (0.0E+00) 3.3E-04  8.5652674E-01   100
   193      1  1.0E+00    194 (0.0E+00) 2.6E-04  8.5652672E-01   100
   194      1  1.0E+00    195 (0.0E+00) 1.5E-04  8.5652671E-01   100
   195      1  1.0E+00    196 (0.0E+00) 1.6E-04  8.5652671E-01   100
   196      1  1.0E+00    197 (0.0E+00) 2.6E-04  8.5652670E-01   100
   197      1  1.0E+00    198 (0.0E+00) 3.6E-04  8.5652669E-01   100
   198      1  1.0E+00    199 (0.0E+00) 3.7E-04  8.5652667E-01   100
   199      1  1.0E+00    200 (0.0E+00) 3.0E-04  8.5652665E-01   100           R
   199      2  1.0E+00    200 (0.0E+00) 3.0E-04  8.5652665E-01   100           R   c

 Major Minors     Step   nCon Feasible  Optimal  MeritFunction    nS Penalty
   200      1  1.0E+00    201 (0.0E+00) 1.2E-04  8.5652665E-01   100         s

 Major Minors     Step   nCon Feasible  Optimal  MeritFunction    nS Penalty
   200      1  1.0E+00    201 (0.0E+00) 1.2E-04  8.5652665E-01   100         s     c
   201      1  1.0E+00    202 (0.0E+00) 1.0E-04  8.5652664E-01   100
   202      1  1.0E+00    203 (0.0E+00) 1.6E-04  8.5652663E-01   100
   203      1  1.0E+00    204 (0.0E+00) 1.2E-04  8.5652663E-01   100
   204      1  1.0E+00    205 (0.0E+00) 8.1E-05  8.5652662E-01   100
   205      1  1.0E+00    206 (0.0E+00) 1.5E-04  8.5652662E-01   100
   206      1  1.0E+00    207 (0.0E+00) 2.3E-04  8.5652660E-01   100
   207      1  1.0E+00    208 (0.0E+00) 2.9E-04  8.5652658E-01   100
   208      1  1.0E+00    209 (0.0E+00) 2.4E-04  8.5652655E-01   100
   209      1  1.0E+00    210 (0.0E+00) 1.3E-04  8.5652654E-01   100

 Major Minors     Step   nCon Feasible  Optimal  MeritFunction    nS Penalty
   210      1  1.0E+00    211 (0.0E+00) 1.3E-04  8.5652653E-01   100           R

 Major Minors     Step   nCon Feasible  Optimal  MeritFunction    nS Penalty
   210      2  1.0E+00    211 (0.0E+00) 1.2E-04  8.5652653E-01   100           R   c
   211      1  1.0E+00    212 (0.0E+00) 1.1E-04  8.5652653E-01   100         s
   212      1  7.9E-02    213 (0.0E+00) 3.4E-04  8.5652651E-01   100
   213      1  1.0E+00    214 (0.0E+00) 1.3E-04  8.5652646E-01   100
   214      1  1.0E+00    215 (0.0E+00) 1.2E-04  8.5652644E-01   100
   215      1  1.0E+00    216 (0.0E+00) 6.1E-05  8.5652642E-01   100
   216      1  1.0E+00    217 (0.0E+00) 1.3E-04  8.5652639E-01   100
   217      1  1.0E+00    218 (0.0E+00) 1.9E-04  8.5652633E-01   100
   218      1  1.0E+00    219 (0.0E+00) 1.7E-04  8.5652626E-01   100
   219      1  1.0E+00    220 (0.0E+00) 7.4E-05  8.5652623E-01   100

 Major Minors     Step   nCon Feasible  Optimal  MeritFunction    nS Penalty
   220      1  1.0E+00    221 (0.0E+00) 3.2E-05  8.5652622E-01   100
   221      1  1.0E+00    222 (0.0E+00) 5.2E-05  8.5652622E-01   100           R
   222      1  2.0E-01    223 (0.0E+00) 4.6E-05  8.5652622E-01   100         s
   222      2  1.0E+00    223 (0.0E+00) 4.8E-05  8.5652622E-01   100         s     c
   223      1  1.0E+00    224 (0.0E+00) 4.7E-05  8.5652622E-01   100
   224      1  1.0E+00    225 (0.0E+00) 3.2E-05  8.5652621E-01   100
   224      2  1.0E+00    225 (0.0E+00) 3.4E-05  8.5652621E-01   100               c
   225      1  1.0E+00    226 (0.0E+00) 3.1E-05  8.5652621E-01   100
   226      1  1.0E+00    227 (0.0E+00) 3.5E-05  8.5652621E-01   100
   227      1  1.0E+00    228 (0.0E+00) 4.4E-05  8.5652621E-01   100
   228      1  1.0E+00    229 (0.0E+00) 4.6E-05  8.5652620E-01   100
   229      1  1.0E+00    230 (0.0E+00) 4.0E-05  8.5652620E-01   100

 Major Minors     Step   nCon Feasible  Optimal  MeritFunction    nS Penalty
   230      1  1.0E+00    231 (0.0E+00) 2.7E-05  8.5652620E-01   100
   231      1  1.0E+00    232 (0.0E+00) 2.0E-05  8.5652620E-01   100
   232      1  1.0E+00    233 (0.0E+00) 3.0E-05  8.5652620E-01   100           R
   233      1  1.0E+00    234 (0.0E+00) 5.8E-05  8.5652620E-01   100         s
   234      1  1.0E+00    235 (0.0E+00) 3.0E-05  8.5652619E-01   100
   234      2  1.0E+00    235 (0.0E+00) 2.8E-05  8.5652619E-01   100               c
   235      1  1.0E+00    236 (0.0E+00) 2.2E-05  8.5652619E-01   100
   235      1  1.0E+00    236 (0.0E+00) 2.2E-05  8.5652619E-01   100               c
   236      1  1.0E+00    237 (0.0E+00) 2.7E-05  8.5652619E-01   100
   237      1  1.0E+00    238 (0.0E+00) 2.4E-05  8.5652619E-01   100
   238      1  1.0E+00    239 (0.0E+00) 1.7E-05  8.5652619E-01   100
   239      1  1.0E+00    240 (0.0E+00) 1.5E-05  8.5652619E-01   100

 Major Minors     Step   nCon Feasible  Optimal  MeritFunction    nS Penalty
   240      1  1.0E+00    241 (0.0E+00) 2.1E-05  8.5652619E-01   100
   241      1  1.0E+00    242 (0.0E+00) 1.7E-05  8.5652619E-01   100
   242      1  1.0E+00    243 (0.0E+00) 2.6E-05  8.5652619E-01   100
   243      1  1.0E+00    244 (0.0E+00) 3.4E-05  8.5652619E-01   100           R
   243      2  1.0E+00    244 (0.0E+00) 3.9E-05  8.5652619E-01   100           R   c
   244      1  1.0E+00    245 (0.0E+00) 3.1E-05  8.5652619E-01   100         s
   245      1  1.0E+00    246 (0.0E+00) 1.9E-05  8.5652619E-01   100
   245      2  1.0E+00    246 (0.0E+00) 2.2E-05  8.5652619E-01   100               c
   246      1  1.0E+00    247 (0.0E+00) 1.8E-05  8.5652619E-01   100
   247      1  1.0E+00    248 (0.0E+00) 1.2E-05  8.5652619E-01   100
   247      2  1.0E+00    248 (0.0E+00) 1.7E-05  8.5652619E-01   100               c
   248      1  1.0E+00    249 (0.0E+00) 1.7E-05  8.5652619E-01   100
   249      1  1.0E+00    250 (0.0E+00) 1.5E-05  8.5652619E-01   100
   249      2  1.0E+00    250 (0.0E+00) 1.4E-05  8.5652619E-01   100               c

 Major Minors     Step   nCon Feasible  Optimal  MeritFunction    nS Penalty
   250      1  1.0E+00    251 (0.0E+00) 1.4E-05  8.5652619E-01   100
   251      1  1.0E+00    252 (0.0E+00) 1.2E-05  8.5652619E-01   100
   252      1  1.0E+00    253 (0.0E+00) 1.2E-05  8.5652619E-01   100
   252      2  1.0E+00    253 (0.0E+00) 1.7E-05  8.5652619E-01   100               c
   253      1  1.0E+00    254 (0.0E+00) 1.5E-05  8.5652619E-01   100
   254      1  1.0E+00    255 (0.0E+00) 1.3E-05  8.5652619E-01   100           R
   254      2  1.0E+00    255 (0.0E+00) 1.0E-05  8.5652619E-01   100           R   c
   255      1  1.0E+00    256 (0.0E+00) 1.4E-05  8.5652619E-01   100         s
   256      1  1.6E-01    257 (0.0E+00) 2.4E-05  8.5652619E-01   100
   257      1  1.0E+00    258 (0.0E+00) 1.5E-05  8.5652619E-01   100
   258      1  1.0E+00    259 (0.0E+00) 1.0E-05  8.5652619E-01   100
   259      1  1.0E+00    260 (0.0E+00) 1.5E-05  8.5652619E-01   100

 Major Minors     Step   nCon Feasible  Optimal  MeritFunction    nS Penalty
   260      1  1.0E+00    261 (0.0E+00) 1.4E-05  8.5652619E-01   100
   261      1  1.0E+00    262 (0.0E+00) 1.1E-05  8.5652619E-01   100
   262      1  1.0E+00    263 (0.0E+00) 1.4E-05  8.5652619E-01   100
   263      1  1.0E+00    264 (0.0E+00) 1.8E-05  8.5652619E-01   100
   264      1  1.0E+00    265 (0.0E+00) 1.4E-05  8.5652618E-01   100
   265      1  1.0E+00    266 (0.0E+00) 7.2E-06  8.5652618E-01   100           R
   265      2             266 (0.0E+00) 9.0E-06  8.5652618E-01   100           R   c
   266      1  1.8E-01    267 (0.0E+00) 1.3E-05  8.5652618E-01   100         s
   266      1  1.0E+00    267 (0.0E+00) 1.3E-05  8.5652618E-01   100         s     c
   267      1  1.0E+00    268 (0.0E+00) 1.1E-05  8.5652618E-01   100
   268      1  1.0E+00    269 (0.0E+00) 7.9E-06  8.5652618E-01   100
   268      2  1.0E+00    269 (0.0E+00) 7.4E-06  8.5652618E-01   100               c
   269      1  1.0E+00    270 (0.0E+00) 7.9E-06  8.5652618E-01   100               c

 Major Minors     Step   nCon Feasible  Optimal  MeritFunction    nS Penalty
   270      1  1.0E+00    271 (0.0E+00) 7.3E-06  8.5652618E-01   100               c
   271      1  1.0E+00    272 (0.0E+00) 4.2E-06  8.5652618E-01   100               c
   272      1  1.0E+00    273 (0.0E+00) 3.3E-06  8.5652618E-01   100               c
   273      1  1.0E+00    274 (0.0E+00) 3.7E-06  8.5652618E-01   100               c
   274      1  1.0E+00    275 (0.0E+00) 4.3E-06  8.5652618E-01   100               c
   275      1  1.0E+00    276 (0.0E+00) 4.3E-06  8.5652618E-01   100               c
   276      1  1.0E+00    277 (0.0E+00) 3.5E-06  8.5652618E-01   100           R   c
   277      1  1.0E+00    278 (0.0E+00) 2.8E-06  8.5652618E-01   100         s     c
   278      1  1.6E-01    279 (0.0E+00) 6.2E-06  8.5652618E-01   100               c
   279      1  1.0E+00    280 (0.0E+00) 2.9E-06  8.5652618E-01   100               c

 Major Minors     Step   nCon Feasible  Optimal  MeritFunction    nS Penalty
   280      1  1.0E+00    281 (0.0E+00) 4.1E-06  8.5652618E-01   100               c
   281      1  1.0E+00    282 (0.0E+00) 9.4E-06  8.5652618E-01   100               c
   282      1  1.0E+00    283 (0.0E+00) 7.9E-06  8.5652618E-01   100               c
   283      1  1.0E+00    284 (0.0E+00) 3.7E-06  8.5652618E-01   100               c
   284      1  1.0E+00    285 (0.0E+00) 2.6E-06  8.5652618E-01   100               c
   285      1  1.0E+00    286 (0.0E+00) 6.0E-06  8.5652618E-01   100               c
   286      1  1.0E+00    287 (0.0E+00) 8.5E-06  8.5652618E-01   100               c
   287      1  1.0E+00    288 (0.0E+00) 7.4E-06  8.5652618E-01   100           R   c
   288      1  1.1E-01    289 (0.0E+00)(1.8E-06) 8.5652618E-01   100         s     c
 
 SNOPTA EXIT   0 -- finished successfully
 SNOPTA INFO   1 -- optimality conditions satisfied

 Problem name
 No. of iterations                 402   Objective value      8.5652618363E-01
 No. of major iterations           288   Linear objective     0.0000000000E+00
 Penalty parameter           0.000E+00   Nonlinear objective  8.5652618363E-01
 No. of calls to funobj         144975   No. of calls to funcon         144975
 Calls with modes 1,2 (known g)    289   Calls with modes 1,2 (known g)    289
 Calls for forward differencing 101706   Calls for forward differencing 101706
 Calls for central differencing  42612   Calls for central differencing  42612
 No. of superbasics                100   No. of basic nonlinears             0
 No. of degenerate steps             0   Percentage                        .00
 Max x       (scaled)      202 1.3E+00   Max pi      (scaled)        1 0.0E+00
 Max x                     202 1.3E+00   Max pi                      1 0.0E+00
 Max Prim inf(scaled)        0 0.0E+00   Max Dual inf(scaled)      218 3.5E-06
 Max Primal infeas           0 0.0E+00   Max Dual infeas           218 3.5E-06
 Nonlinear constraint violn    0.0E+00

 Solution not printed
