 

 Nonlinear constraints      15     Linear constraints       0
 Nonlinear variables        56     Linear variables         0
 Jacobian  variables        56     Objective variables     56
 Total constraints          15     Total variables         56
 

 
 The user has defined       0   out of     896   first  derivatives
 XXX  Some first  derivatives are missing --- derivative level reduced to 0
 

 Major Minors     Step   nCon Feasible  Optimal  MeritFunction    nS Penalty
     0     27               1  2.3E+00  1.0E+00  5.4938194E+06    21           r i
     1     21  2.0E-01      2  1.7E+00  4.9E+02  4.4705610E+06    37         n rl
     2      1  2.6E-01      4  1.0E+00  5.1E+00  3.1936701E+06    37         sM l
     3      1  1.0E+00      5  3.2E-01  2.2E+00  2.5087589E+04    37
     4      1  1.0E+00      6  8.2E-02  1.3E+00  5.4851712E+03    37
     5      1  1.0E+00      7  2.5E-03  6.0E-01  7.9502950E+01    37
     6      1  1.0E+00      9  2.3E-05  8.4E-01  5.9454598E+01    37         n
     7      2  1.0E+00     10 (8.2E-07) 6.3E-01  5.9221984E+01    37
     8      2  1.0E+00     12  5.4E-02  4.1E+00 -9.2973064E+01    37          m
     9      2  1.0E+00     13  1.1E-02  5.7E-01  3.1373790E+01    37 9.6E+02

 Major Minors     Step   nCon Feasible  Optimal  MeritFunction    nS Penalty
    10      2  4.1E-01     14  6.6E-03  8.9E-01  4.2946062E+01    37 2.8E+03
    11      2  1.0E+00     15  9.2E-05  5.1E-01  3.6701712E+01    37 2.8E+03
    12      2  1.0E+00     16  1.3E-03  1.7E+00  2.9011688E+01    37 6.8E+01
    13      2  1.0E+00     17  1.2E-02  4.2E+00  1.7625974E+01    37 1.6E+01
    14      2  1.0E+00     18  3.3E-04  1.7E+00  1.6307580E+01    37 5.2E+01
    15      2  1.0E+00     19  4.2E-04  7.0E-01  1.5865089E+01    37 2.0E+01
    16      2  1.0E+00     20  6.8E-05  8.3E-01  1.5812740E+01    37 2.0E+01
    17      2  1.0E+00     21 (4.2E-07) 9.8E-01  1.5809180E+01    37 2.0E+01
    18      2  1.0E+00     22  1.4E-05  9.9E-01  1.5773521E+01    37 2.0E+01
    19      2  1.0E+00     23  2.7E-05  1.4E+00  1.5698009E+01    37 2.0E+01

 Major Minors     Step   nCon Feasible  Optimal  MeritFunction    nS Penalty
    20      2  1.0E+00     24  1.2E-04  1.7E+00  1.5508544E+01    37 2.0E+01
    21      2  1.0E+00     25  4.9E-04  1.8E+00  1.5035043E+01    37 2.0E+01
    22      2  1.0E+00     26  1.2E-03  2.9E+00  1.3945456E+01    37 2.0E+01
    23      2  1.0E+00     27  1.1E-03  1.5E+00  1.1620097E+01    37 2.0E+01
    24      2  1.0E+00     28  2.3E-03  1.2E+00  1.0648296E+01    37 2.0E+01
    25      2  1.0E+00     29  1.1E-04  3.7E+00  9.8871944E+00    37 2.0E+01
    26      2  1.0E+00     30  1.2E-03  3.1E+00  8.1715764E+00    37 2.0E+01
    27      2  1.0E+00     31  8.8E-03  4.1E+00  7.7053755E+00    37 2.0E+01
    28      2  1.0E+00     32  7.4E-04  5.8E-01  7.3764230E+00    37 2.0E+01
    29      2  1.0E+00     33  1.8E-06  6.6E-01  7.3638086E+00    37 2.0E+01

 Major Minors     Step   nCon Feasible  Optimal  MeritFunction    nS Penalty
    30      2  1.0E+00     34  2.2E-05  6.8E-01  7.3588352E+00    37 2.0E+01
    31      2  1.0E+00     35  1.1E-05  6.8E-01  7.3562129E+00    37 2.0E+01
    32      2  1.0E+00     36  5.1E-06  6.7E-01  7.3530521E+00    37 2.0E+01
    33      2  1.0E+00     37  1.9E-05  6.6E-01  7.3428641E+00    37 2.0E+01
    34      2  1.0E+00     38  3.3E-05  6.5E-01  7.3203565E+00    37 2.0E+01
    35      2  1.0E+00     39  8.5E-05  6.6E-01  7.2613561E+00    37 2.0E+01
    36      2  1.0E+00     40  2.0E-04  6.7E-01  7.1193116E+00    37 2.0E+01
    37      2  1.0E+00     41  4.8E-04  1.0E+00  6.7933195E+00    37 2.0E+01
    38      2  1.0E+00     42  1.8E-03  1.2E+00  6.2156585E+00    37 2.0E+01
    39      2  1.0E+00     43  1.6E-03  1.0E+00  5.7484404E+00    37 2.0E+01

 Major Minors     Step   nCon Feasible  Optimal  MeritFunction    nS Penalty
    40      2  1.0E+00     44  2.2E-03  9.1E-01  5.0326930E+00    37 2.0E+01
    41      2  1.0E+00     45  4.4E-03  8.0E-01  4.3592195E+00    37 2.0E+01
    42      2  1.0E+00     46  4.3E-04  9.0E-01  4.2455892E+00    37 2.0E+01
    43      2  1.0E+00     47  5.9E-05  9.6E-01  4.2200866E+00    37 2.0E+01
    44      2  1.0E+00     48  8.2E-05  1.0E+00  4.2088419E+00    37 2.0E+01
    45      2  1.0E+00     49  6.3E-06  1.0E+00  4.2065276E+00    37 2.0E+01
    46      2  1.0E+00     50  1.5E-06  1.0E+00  4.2052284E+00    37 2.0E+01
    47      2  1.0E+00     51 (6.5E-07) 1.1E+00  4.2040409E+00    37 2.0E+01
    48      2  1.0E+00     52  2.2E-06  1.1E+00  4.2009110E+00    37 2.0E+01
    49      2  1.0E+00     53  5.4E-06  1.1E+00  4.1935024E+00    37 2.0E+01

 Major Minors     Step   nCon Feasible  Optimal  MeritFunction    nS Penalty
    50      2  1.0E+00     54  1.7E-05  1.1E+00  4.1739143E+00    37 2.0E+01
    51      2  1.0E+00     55  4.6E-05  1.1E+00  4.1248690E+00    37 2.0E+01
    52      2  1.0E+00     56  1.1E-04  1.0E+00  4.0063334E+00    37 2.0E+01
    53      2  1.0E+00     57  4.7E-04  9.0E-01  3.7556269E+00    37 2.0E+01
    54      2  1.0E+00     58  1.1E-03  7.4E-01  3.3658093E+00    37 2.0E+01
    55      2  1.0E+00     59  1.0E-03  6.0E-01  2.9454522E+00    37 2.0E+01
    56      2  1.0E+00     60  5.0E-04  4.6E-01  2.7332025E+00    37 2.0E+01
    57      2  1.0E+00     61  9.1E-06  4.3E-01  2.7231621E+00    37 2.0E+01
    58      2  1.0E+00     62 (3.8E-07) 4.1E-01  2.7227954E+00    37 2.0E+01
    59      2  1.0E+00     63  1.7E-06  4.2E-01  2.7222136E+00    37 2.0E+01

 Major Minors     Step   nCon Feasible  Optimal  MeritFunction    nS Penalty
    60      2  1.0E+00     64  2.7E-06  4.2E-01  2.7213802E+00    37 2.0E+01
    61      2  1.0E+00     65  7.6E-06  4.2E-01  2.7195574E+00    37 2.0E+01
    62      2  1.0E+00     66  1.3E-05  4.2E-01  2.7160410E+00    37 2.0E+01
    63      2  1.0E+00     67  2.3E-05  4.2E-01  2.7083697E+00    37 2.0E+01
    64      2  1.0E+00     68  3.4E-05  4.2E-01  2.6913584E+00    37 2.0E+01
    65      2  1.0E+00     69  9.9E-05  4.2E-01  2.6523861E+00    37 2.0E+01
    66      2  1.0E+00     70  2.8E-04  4.0E-01  2.5655639E+00    37 2.0E+01
    67      2  1.0E+00     71  7.0E-04  5.2E-01  2.3874723E+00    37 2.0E+01
    68      2  1.0E+00     72  1.4E-03  5.7E-01  2.0848591E+00    37 2.0E+01
    69      2  1.0E+00     73  1.9E-03  7.8E-01  1.7993569E+00    37 2.0E+01

 Major Minors     Step   nCon Feasible  Optimal  MeritFunction    nS Penalty
    70      2  1.0E+00     74  3.9E-04  5.3E-01  1.7014798E+00    37 2.0E+01
    71      2  1.0E+00     75  6.9E-05  5.7E-01  1.6928040E+00    37 2.0E+01
    72      2  1.0E+00     76  1.1E-05  5.8E-01  1.6919247E+00    37 2.0E+01
    73      2  1.0E+00     77 (2.6E-07) 5.8E-01  1.6918384E+00    37 2.0E+01
    74      2  1.0E+00     78 (1.4E-07) 5.8E-01  1.6917864E+00    37 2.0E+01
    75      2  1.0E+00     79 (1.5E-07) 5.7E-01  1.6917248E+00    37 2.0E+01
    76      2  1.0E+00     80 (1.5E-07) 5.7E-01  1.6916076E+00    37 2.0E+01
    77      2  1.0E+00     81 (3.1E-07) 5.8E-01  1.6913227E+00    37 2.0E+01
    78      2  1.0E+00     82 (6.6E-07) 5.8E-01  1.6905966E+00    37 2.0E+01
    79      2  1.0E+00     83  1.2E-06  5.8E-01  1.6887352E+00    37 2.0E+01

 Major Minors     Step   nCon Feasible  Optimal  MeritFunction    nS Penalty
    80      2  1.0E+00     84  3.0E-06  5.9E-01  1.6840852E+00    37 2.0E+01
    81      2  1.0E+00     85  1.6E-05  6.0E-01  1.6732307E+00    37 2.0E+01
    82      2  1.0E+00     86  8.6E-05  6.0E-01  1.6517686E+00    37 2.0E+01
    83      2  1.0E+00     87  2.1E-04  5.7E-01  1.6224417E+00    37 2.0E+01
    84      2  1.0E+00     88  1.5E-04  5.7E-01  1.6025024E+00    37 2.0E+01
    85      2  1.0E+00     89  2.3E-05  5.7E-01  1.5971781E+00    37 2.0E+01
    86      2  1.0E+00     90  1.3E-06  5.7E-01  1.5967284E+00    37 2.0E+01
    87      2  1.0E+00     91 (2.2E-07) 5.7E-01  1.5967082E+00    37 2.0E+01
    88      2  1.0E+00     92 (2.5E-08) 5.7E-01  1.5967022E+00    37 2.0E+01
    89      2  1.0E+00     93 (8.4E-08) 5.7E-01  1.5966853E+00    37 2.0E+01

 Major Minors     Step   nCon Feasible  Optimal  MeritFunction    nS Penalty
    90      2  1.0E+00     94 (1.6E-07) 5.7E-01  1.5966473E+00    37 2.0E+01
    91      2  1.0E+00     95 (4.3E-07) 5.7E-01  1.5965442E+00    37 2.0E+01
    92      2  1.0E+00     96  1.0E-06  5.7E-01  1.5962820E+00    37 2.0E+01
    93      2  1.0E+00     97  2.2E-06  5.7E-01  1.5956096E+00    37 2.0E+01
    94      2  1.0E+00     98  4.5E-06  5.7E-01  1.5939768E+00    37 2.0E+01
    95      2  1.0E+00     99  1.0E-05  5.6E-01  1.5904226E+00    37 2.0E+01
    96      2  1.0E+00    100  1.9E-05  5.5E-01  1.5845033E+00    37 2.0E+01
    97      2  1.0E+00    101  3.8E-05  5.4E-01  1.5787760E+00    37 2.0E+01
    98      2  1.0E+00    102  3.0E-05  5.3E-01  1.5764084E+00    37 2.0E+01
    99      2  1.0E+00    103  3.9E-06  5.2E-01  1.5760455E+00    37 2.0E+01

 Major Minors     Step   nCon Feasible  Optimal  MeritFunction    nS Penalty
   100      1  1.0E+00    104 (1.8E-07) 5.2E-01  1.5760276E+00    37 2.0E+01
   101      1  1.0E+00    105 (3.6E-09) 5.2E-01  1.5760257E+00    37 2.0E+01
   102      1  1.0E+00    106 (1.9E-08) 5.2E-01  1.5760187E+00    37 2.0E+01
   103      2  1.0E+00    107 (3.6E-08) 5.2E-01  1.5760032E+00    37 2.0E+01
   104      2  1.0E+00    108 (1.1E-07) 5.2E-01  1.5759599E+00    37 2.0E+01
   105      2  1.0E+00    109 (2.8E-07) 5.3E-01  1.5758499E+00    37 2.0E+01
   106      2  1.0E+00    110 (7.4E-07) 5.3E-01  1.5755632E+00    37 2.0E+01
   107      2  1.0E+00    111  1.8E-06  5.3E-01  1.5748432E+00    37 2.0E+01
   108      2  1.0E+00    112  4.0E-06  5.4E-01  1.5731283E+00    37 2.0E+01
   109      2  1.0E+00    113  8.6E-06  5.4E-01  1.5695869E+00    37 2.0E+01

 Major Minors     Step   nCon Feasible  Optimal  MeritFunction    nS Penalty
   110      2  1.0E+00    114  1.5E-05  5.4E-01  1.5642324E+00    37 2.0E+01
   111      2  1.0E+00    115  2.8E-05  5.4E-01  1.5598359E+00    37 2.0E+01
   112      2  1.0E+00    116  7.7E-06  5.3E-01  1.5584423E+00    37 2.0E+01
   113      2  1.0E+00    117  1.3E-06  5.3E-01  1.5582876E+00    37 2.0E+01
   114      1  1.0E+00    118 (3.9E-08) 5.3E-01  1.5582809E+00    37 2.0E+01
   115      1  1.0E+00    119 (1.7E-09) 5.2E-01  1.5582791E+00    37 2.0E+01
   116      1  1.0E+00    120 (2.2E-08) 5.2E-01  1.5582693E+00    37 2.0E+01
   117      1  1.0E+00    121 (3.9E-08) 5.2E-01  1.5582491E+00    37 2.0E+01
   118      1  1.0E+00    122 (1.4E-07) 5.2E-01  1.5581909E+00    37 2.0E+01
   119      1  1.0E+00    123 (3.8E-07) 5.2E-01  1.5580442E+00    37 2.0E+01

 Major Minors     Step   nCon Feasible  Optimal  MeritFunction    nS Penalty
   120      1  1.0E+00    124  1.2E-06  5.2E-01  1.5576567E+00    37 2.0E+01
   121      2  1.0E+00    125  4.0E-06  5.2E-01  1.5566612E+00    37 2.0E+01
   122      2  1.0E+00    126  1.3E-05  5.2E-01  1.5541425E+00    37 2.0E+01
   123      2  1.0E+00    127  3.6E-05  5.1E-01  1.5481387E+00    37 2.0E+01
   124      2  1.0E+00    128  9.5E-05  4.9E-01  1.5356724E+00    37 2.0E+01
   125      2  1.0E+00    129  1.4E-04  4.7E-01  1.5168823E+00    37 2.0E+01
   126      2  1.0E+00    130  1.6E-04  4.7E-01  1.5022632E+00    37 2.0E+01
   127      1  1.0E+00    131  1.7E-05  4.7E-01  1.4978022E+00    37 2.0E+01
   128      1  1.0E+00    132  8.2E-06  4.7E-01  1.4972691E+00    37 2.0E+01
   129      1  1.0E+00    133 (4.7E-07) 4.7E-01  1.4972425E+00    37 2.0E+01

 Major Minors     Step   nCon Feasible  Optimal  MeritFunction    nS Penalty
   130      1  1.0E+00    134 (5.2E-08) 4.6E-01  1.4972307E+00    37 2.0E+01
   131      1  1.0E+00    135 (3.2E-07) 4.6E-01  1.4971842E+00    37 2.0E+01
   132      1  1.0E+00    136 (5.9E-07) 4.6E-01  1.4970818E+00    37 2.0E+01
   133      1  1.0E+00    137  1.8E-06  4.6E-01  1.4967960E+00    37 2.0E+01
   134      1  1.0E+00    138  4.6E-06  4.6E-01  1.4960677E+00    37 2.0E+01
   135      1  1.0E+00    139  1.3E-05  4.6E-01  1.4941559E+00    37 2.0E+01
   136      1  1.0E+00    140  3.5E-05  4.5E-01  1.4892619E+00    37 2.0E+01
   137      1  1.0E+00    141  9.5E-05  4.4E-01  1.4770626E+00    37 2.0E+01
   138      2  1.0E+00    142  2.3E-04  4.0E-01  1.4490497E+00    37 2.0E+01
   139      2  1.0E+00    143  4.2E-04  3.4E-01  1.3960171E+00    37 2.0E+01

 Major Minors     Step   nCon Feasible  Optimal  MeritFunction    nS Penalty
   140      2  1.0E+00    144  3.6E-04  2.7E-01  1.3307267E+00    37 2.0E+01
   141      2  1.0E+00    145  2.6E-04  2.6E-01  1.2933644E+00    37 2.0E+01
   142      1  1.0E+00    146  1.3E-04  2.7E-01  1.2843201E+00    37 2.0E+01
   143      1  1.0E+00    147  2.0E-05  2.8E-01  1.2835126E+00    37 2.0E+01
   144      1  1.0E+00    148 (4.7E-07) 2.8E-01  1.2834694E+00    37 2.0E+01
   145      1  1.0E+00    149 (1.7E-07) 2.8E-01  1.2834440E+00    37 2.0E+01
   146      1  1.0E+00    150 (3.3E-07) 2.8E-01  1.2833894E+00    37 2.0E+01
   147      1  1.0E+00    151 (6.1E-07) 2.8E-01  1.2832661E+00    37 2.0E+01
   148      1  1.0E+00    152  1.5E-06  2.8E-01  1.2829404E+00    37 2.0E+01
   149      1  1.0E+00    153  3.7E-06  2.8E-01  1.2821032E+00    37 2.0E+01

 Major Minors     Step   nCon Feasible  Optimal  MeritFunction    nS Penalty
   150      1  1.0E+00    154  8.8E-06  2.8E-01  1.2799240E+00    37 2.0E+01
   151      1  1.0E+00    155  2.3E-05  2.7E-01  1.2743643E+00    37 2.0E+01
   152      1  1.0E+00    156  6.2E-05  2.5E-01  1.2606885E+00    37 2.0E+01
   153      2  1.0E+00    157  1.5E-04  2.0E-01  1.2302300E+00    37 2.0E+01
   154      2  1.0E+00    158  2.6E-04  1.4E-01  1.1766859E+00    37 2.0E+01
   155      1  1.0E+00    159  2.6E-04  9.2E-02  1.1196230E+00    37 2.0E+01
   156      1  1.0E+00    160  4.2E-04  1.1E-01  1.0915950E+00    37 2.0E+01
   157      1  1.0E+00    161  1.3E-04  5.1E-02  1.0848761E+00    37 2.0E+01
   158      1  1.0E+00    162  7.5E-06  1.8E-02  1.0841630E+00    37 2.0E+01
   159      1  1.0E+00    163 (2.9E-07) 1.6E-02  1.0841411E+00    37 2.0E+01

 Major Minors     Step   nCon Feasible  Optimal  MeritFunction    nS Penalty
   160      1  1.0E+00    164 (2.2E-08) 1.6E-02  1.0841374E+00    37 2.0E+01
   161      1  1.0E+00    165 (8.7E-09) 1.6E-02  1.0841343E+00    37 2.0E+01
   162      1  1.0E+00    166 (2.0E-08) 1.6E-02  1.0841274E+00    37 2.0E+01
   163      1  1.0E+00    167 (5.3E-08) 1.7E-02  1.0841102E+00    37 2.0E+01
   164      1  1.0E+00    168 (1.4E-07) 1.7E-02  1.0840655E+00    37 2.0E+01
   165      1  1.0E+00    169 (3.8E-07) 1.8E-02  1.0839500E+00    37 2.0E+01
   166      1  1.0E+00    170  1.0E-06  1.9E-02  1.0836556E+00    37 2.0E+01
   167      1  1.0E+00    171  3.0E-06  2.3E-02  1.0829358E+00    37 2.0E+01
   168      1  1.0E+00    172  9.0E-06  2.8E-02  1.0813483E+00    37 2.0E+01
   169      1  1.0E+00    173  2.3E-05  2.9E-02  1.0785986E+00    37 2.0E+01

 Major Minors     Step   nCon Feasible  Optimal  MeritFunction    nS Penalty
   170      1  1.0E+00    174  3.2E-05  2.3E-02  1.0756751E+00    37 2.0E+01
   171      1  1.0E+00    175  1.4E-05  1.3E-02  1.0742794E+00    37 2.0E+01
   172      1  1.0E+00    176  2.3E-06  5.2E-03  1.0740473E+00    37 2.0E+01
   173      1  1.0E+00    177 (2.1E-07) 4.9E-03  1.0740355E+00    37 2.0E+01
   174      1  1.0E+00    178 (3.8E-09) 4.9E-03  1.0740352E+00    37 2.0E+01
   175      1  1.0E+00    179 (3.0E-10) 4.9E-03  1.0740351E+00    37 2.0E+01
   176      1  1.0E+00    180 (3.6E-09) 4.9E-03  1.0740345E+00    37 2.0E+01
   177      1  1.0E+00    181 (5.7E-09) 4.9E-03  1.0740333E+00    37 2.0E+01
   178      1  1.0E+00    182 (1.8E-08) 4.9E-03  1.0740298E+00    37 2.0E+01
   179      1  1.0E+00    183 (4.4E-08) 5.0E-03  1.0740211E+00    37 2.0E+01

 Major Minors     Step   nCon Feasible  Optimal  MeritFunction    nS Penalty
   180      1  1.0E+00    184 (1.1E-07) 4.9E-03  1.0739989E+00    37 2.0E+01
   181      1  1.0E+00    185 (2.1E-07) 5.9E-03  1.0739471E+00    37 2.0E+01
   182      1  1.0E+00    186 (4.3E-07) 9.3E-03  1.0738424E+00    37 2.0E+01
   183      1  1.0E+00    187 (8.4E-07) 1.1E-02  1.0736933E+00    37 2.0E+01
   184      1  1.0E+00    188 (6.7E-07) 7.4E-03  1.0735810E+00    37 2.0E+01
   185      1  1.0E+00    189 (3.8E-07) 2.4E-03  1.0735482E+00    37 2.0E+01
   186      1  1.0E+00    190 (4.4E-08) 1.2E-03  1.0735451E+00    37 2.0E+01
   187      1  1.0E+00    191 (1.1E-09) 1.2E-03  1.0735450E+00    37 2.0E+01
   188      1  1.0E+00    192 (1.5E-11) 1.2E-03  1.0735450E+00    37 2.0E+01
   189      1  1.0E+00    193 (1.4E-10) 1.2E-03  1.0735449E+00    37 2.0E+01

 Major Minors     Step   nCon Feasible  Optimal  MeritFunction    nS Penalty
   190      1  1.0E+00    194 (2.5E-10) 1.2E-03  1.0735449E+00    37 2.0E+01
   191      1  1.0E+00    195 (8.2E-10) 1.2E-03  1.0735446E+00    37 2.0E+01
   192      1  1.0E+00    196 (2.2E-09) 1.1E-03  1.0735440E+00    37 2.0E+01
   193      1  1.0E+00    197 (6.7E-09) 1.1E-03  1.0735425E+00    37 2.0E+01
   194      1  1.0E+00    198 (2.0E-08) 1.3E-03  1.0735388E+00    37 2.0E+01
   195      1  1.0E+00    199 (5.3E-08) 1.7E-03  1.0735311E+00    37 2.0E+01
   196      1  1.0E+00    200 (9.4E-08) 1.8E-03  1.0735194E+00    37 2.0E+01
   197      1  1.0E+00    201 (6.9E-08) 1.2E-03  1.0735092E+00    37 2.0E+01
   198      1  1.0E+00    202 (2.3E-08) 4.3E-04  1.0735057E+00    37 2.0E+01
   199      1  1.0E+00    203 (5.8E-09) 2.3E-04  1.0735053E+00    37 2.0E+01

 Major Minors     Step   nCon Feasible  Optimal  MeritFunction    nS Penalty
   200      1  1.0E+00    204 (2.9E-10) 2.5E-04  1.0735053E+00    37 2.0E+01
   201      1  1.0E+00    205 (2.1E-12) 2.5E-04  1.0735053E+00    37 2.0E+01
   202      1  1.0E+00    206 (1.5E-12) 2.5E-04  1.0735053E+00    37 2.0E+01
   203      1  1.0E+00    207 (6.1E-12) 2.6E-04  1.0735052E+00    37 2.0E+01
   204      1  1.0E+00    208 (1.4E-11) 2.6E-04  1.0735052E+00    37 2.0E+01
   205      1  1.0E+00    209 (3.5E-11) 2.6E-04  1.0735052E+00    37 2.0E+01
   206      1  1.0E+00    210 (7.5E-11) 2.7E-04  1.0735052E+00    37 2.0E+01
   207      1  1.0E+00    211 (2.4E-10) 2.7E-04  1.0735051E+00    37 2.0E+01
   208      1  1.0E+00    212 (9.5E-10) 2.6E-04  1.0735050E+00    37 2.0E+01
   209      1  1.0E+00    213 (2.3E-09) 2.4E-04  1.0735046E+00    37 2.0E+01

 Major Minors     Step   nCon Feasible  Optimal  MeritFunction    nS Penalty
   210      1  1.0E+00    214 (1.8E-09) 1.7E-04  1.0735040E+00    37 2.0E+01
   211      1  1.0E+00    215 (4.9E-09) 8.8E-05  1.0735036E+00    37 2.0E+01
   212      1  1.0E+00    216 (2.0E-09) 6.7E-05  1.0735034E+00    37 2.0E+01
   213      1  1.0E+00    217 (2.0E-10) 5.6E-05  1.0735034E+00    37 2.0E+01
   214      1  1.0E+00    218 (7.9E-12) 5.3E-05  1.0735034E+00    37 2.0E+01
   214      2  1.0E+00    218 (7.9E-12) 5.2E-05  1.0735034E+00    37 2.0E+01       c
   215      1  1.0E+00    219 (6.3E-13) 5.3E-05  1.0735034E+00    37 2.0E+01
   215      2  1.0E+00    219 (6.3E-13) 5.3E-05  1.0735034E+00    37 2.0E+01       c
   216      1  1.0E+00    220 (1.5E-14) 5.2E-05  1.0735034E+00    37 2.0E+01
   217      1  1.0E+00    221 (2.1E-13) 5.2E-05  1.0735034E+00    37 2.0E+01
   217      2  1.0E+00    221 (2.1E-13) 5.2E-05  1.0735034E+00    37 2.0E+01       c
   218      1  1.0E+00    222 (1.9E-13) 5.1E-05  1.0735034E+00    37 2.0E+01
   219      1  1.0E+00    223 (3.1E-12) 5.0E-05  1.0735034E+00    37 2.0E+01

 Major Minors     Step   nCon Feasible  Optimal  MeritFunction    nS Penalty
   220      1  1.0E+00    224 (6.6E-13) 5.0E-05  1.0735034E+00    37 2.0E+01
   221      1  1.0E+00    225 (2.9E-11) 7.6E-05  1.0735034E+00    37 2.0E+01
   222      1  1.0E+00    226 (1.7E-11) 1.0E-04  1.0735034E+00    37 2.0E+01
   223      1  1.0E+00    227 (7.0E-11) 1.3E-04  1.0735034E+00    37 2.0E+01
   224      1  1.0E+00    228 (2.6E-10) 1.1E-04  1.0735034E+00    37 2.0E+01
   225      1  1.0E+00    229 (2.8E-10) 4.4E-05  1.0735033E+00    37 2.0E+01
   226      1  1.0E+00    230 (3.3E-11) 1.6E-05  1.0735033E+00    37 2.0E+01
   227      1  1.0E+00    231 (4.1E-12) 1.3E-05  1.0735033E+00    37 2.0E+01
   227      2  1.0E+00    231 (4.1E-12) 1.4E-05  1.0735033E+00    37 2.0E+01       c
   228      1  1.0E+00    232 (4.6E-13) 1.3E-05  1.0735033E+00    37 2.0E+01
   228      2  1.0E+00    232 (4.6E-13) 1.3E-05  1.0735033E+00    37 2.0E+01       c
   229      1  1.0E+00    233 (1.8E-14) 1.3E-05  1.0735033E+00    37 2.0E+01
   229      2  1.0E+00    233 (1.8E-14) 1.3E-05  1.0735033E+00    37 2.0E+01       c

 Major Minors     Step   nCon Feasible  Optimal  MeritFunction    nS Penalty
   230      1  1.0E+00    234 (1.8E-14) 1.3E-05  1.0735033E+00    37 2.0E+01

 Major Minors     Step   nCon Feasible  Optimal  MeritFunction    nS Penalty
   230      2  1.0E+00    234 (1.8E-14) 1.3E-05  1.0735033E+00    37 2.0E+01       c
   231      1  1.0E+00    235 (2.9E-14) 1.3E-05  1.0735033E+00    37 2.0E+01
   231      2  1.0E+00    235 (2.9E-14) 1.3E-05  1.0735033E+00    37 2.0E+01       c
   232      1  1.0E+00    236 (5.8E-14) 1.3E-05  1.0735033E+00    37 2.0E+01
   232      2  1.0E+00    236 (5.8E-14) 1.3E-05  1.0735033E+00    37 2.0E+01       c
   233      1  1.0E+00    237 (7.3E-14) 1.3E-05  1.0735033E+00    37 2.0E+01
   233      2  1.0E+00    237 (7.3E-14) 1.3E-05  1.0735033E+00    37 2.0E+01       c
   234      1  1.0E+00    238 (1.5E-13) 1.2E-05  1.0735033E+00    37 2.0E+01
   235      1  1.0E+00    239 (4.0E-13) 1.2E-05  1.0735033E+00    37 2.0E+01
   236      1  1.0E+00    240 (2.7E-12) 1.1E-05  1.0735033E+00    37 2.0E+01
   237      1  1.0E+00    241 (2.8E-12) 1.3E-05  1.0735033E+00    37 2.0E+01
   238      1  1.0E+00    242 (2.2E-11) 9.4E-06  1.0735033E+00    37 2.0E+01
   239      1  1.0E+00    243 (5.3E-12) 5.4E-06  1.0735033E+00    37 2.0E+01

 Major Minors     Step   nCon Feasible  Optimal  MeritFunction    nS Penalty
   240      1  1.0E+00    244 (1.5E-12) 2.2E-06  1.0735033E+00    37 2.0E+01

 Major Minors     Step   nCon Feasible  Optimal  MeritFunction    nS Penalty
   240      2             244 (1.5E-12) 3.2E-06  1.0735033E+00    37 2.0E+01       c
   241      1  1.0E+00    245 (1.4E-13)(1.6E-06) 1.0735033E+00    37 2.0E+01       c
 
 SNOPTA EXIT   0 -- finished successfully
 SNOPTA INFO   1 -- optimality conditions satisfied

 Problem name
 No. of iterations                 415   Objective value      1.0735033236E+00
 No. of major iterations           241   Linear objective     0.0000000000E+00
 Penalty parameter           1.967E+01   Nonlinear objective  1.0735033236E+00
 No. of calls to funobj          16080   No. of calls to funcon          16080
 Calls with modes 1,2 (known g)    245   Calls with modes 1,2 (known g)    245
 Calls for forward differencing  13104   Calls for forward differencing  13104
 Calls for central differencing   2464   Calls for central differencing   2464
 No. of superbasics                 37   No. of basic nonlinears            15
 No. of degenerate steps             2   Percentage                        .48
 Max x                      10 1.0E+01   Max pi                      2 1.8E+00
 Max Primal infeas           0 0.0E+00   Max Dual infeas            51 4.5E-06
 Nonlinear constraint violn    1.3E-12

 Solution not printed
