 

 Nonlinear constraints     609     Linear constraints       0
 Nonlinear variables      1005     Linear variables         0
 Jacobian  variables      1005     Objective variables   1005
 Total constraints         609     Total variables       1005
 

 
 The user has defined  613050   out of  613050   first  derivatives
 

        Minor  RedCost   nInf   SumInf   rgNorm    LPobjective
          100 -3.6E+00      2  6.5E+00

 Major Minors     Step   nCon Feasible  Optimal  MeritFunction    nS Penalty
     0    161               1  1.3E-01  1.0E+00  1.1629048E+05    37           r i

        Minor   QPmult   nInf   SumInf   rgNorm  Elastic QPobj    nS cgItns
          100 -5.0E+01      1  8.6E-01  2.5E-12  4.0853537E+04   132

 Major Minors     Step   nCon Feasible  Optimal  MeritFunction    nS Penalty
     1    104  3.9E-02      2  1.3E-01  4.9E-01  1.1243193E+05   136         n rliT

        Minor   QPmult   nInf   SumInf   rgNorm  Elastic QPobj    nS cgItns
          100 -1.6E+01      1  2.8E-01  3.1E-12  3.3632504E+04   235

 Major Minors     Step   nCon Feasible  Optimal  MeritFunction    nS Penalty
     2    100  5.2E-02      4  1.2E-01  5.0E-01  1.0727231E+05   235         sM liT

        Minor   QPmult   nInf   SumInf   rgNorm  Elastic QPobj    nS cgItns
          100 -8.6E+00                  1.1E-12  6.6107558E+03   332

 Major Minors     Step   nCon Feasible  Optimal  MeritFunction    nS Penalty
     3    102  1.0E+00      6  1.1E-01  2.3E+00 -4.3466800E+04   334          M   T
     4     58  4.7E-01      8  7.2E-02  1.5E+00  1.1648727E+04   391 5.0E+02
     5      6  1.0E+00      9  4.6E-02  5.1E-02  4.5684802E+03   396 5.0E+02
     6      2  1.0E+00     11  3.8E-03  2.2E-01 -3.1693533E+01   396 6.8E+01 sM
     7      2  2.3E-03     14  3.8E-03  3.3E-01 -2.4658981E+01   396 1.3E+02   R
     8      1  1.0E+00     15  3.1E-03  5.9E-01  1.2410073E+01   396 6.8E+02 s
     9      1  1.0E+00     16  1.4E-03  6.0E-01  8.9962954E+00   396 1.4E+02

 Major Minors     Step   nCon Feasible  Optimal  MeritFunction    nS Penalty
    10      1  1.0E+00     17  2.3E-04  6.4E-01  8.3242768E+00   396 1.3E+02
    11      1  1.0E+00     18  1.2E-03  6.9E-01  7.4584393E+00   396 1.3E+02
    12      1  1.0E+00     19  9.3E-04  7.1E-01  6.7022411E+00   396 1.3E+02
    13      1  1.0E+00     20  1.7E-03  6.9E-01  6.2275595E+00   396 1.3E+02   R
    14      1  1.0E+00     21  7.2E-05  6.7E-01  5.3750321E+00   396 1.3E+02 s
    15      1  5.2E-01     23  7.0E-04  6.0E-01  4.8063277E+00   396 1.3E+02
    16      1  4.7E-01     25  7.1E-04  6.1E-01  4.3844453E+00   396 1.3E+02
    17      1  5.3E-01     27  9.6E-04  5.7E-01  3.9533316E+00   396 1.3E+02
    18      1  4.8E-01     29  1.2E-03  4.2E-01  3.5076309E+00   396 1.3E+02
    19      1  2.3E-01     31  1.7E-03  3.9E-01  3.2298665E+00   396 1.3E+02   R

 Major Minors     Step   nCon Feasible  Optimal  MeritFunction    nS Penalty
    20      1  1.0E+00     32  9.8E-04  4.6E-01  2.5623078E+00   396 1.3E+02 s
    21      1  1.0E+00     33  3.0E-04  4.5E-01  2.1595918E+00   396 1.3E+02
    22      1  1.0E+00     34  1.2E-03  4.8E-01  2.0597551E+00   396 1.3E+02
    23      1  1.0E+00     35  2.9E-04  4.4E-01  1.8727157E+00   396 1.3E+02
    24      1  1.0E+00     36  7.9E-04  4.1E-01  1.6954729E+00   396 1.3E+02
    25      1  1.0E+00     37  1.2E-03  2.4E-01  1.5297110E+00   396 1.3E+02   R
    26      1  6.0E-01     39  8.4E-04  3.2E-01  1.3696808E+00   396 1.3E+02 s
    27      1  1.0E+00     40  6.1E-05  2.8E-01  1.2968411E+00   396 1.3E+02
    28      1  1.0E+00     41  9.5E-05  2.6E-01  1.2251724E+00   396 1.3E+02
    29      1  1.0E+00     42  4.7E-05  2.5E-01  1.1867525E+00   396 1.3E+02

 Major Minors     Step   nCon Feasible  Optimal  MeritFunction    nS Penalty
    30      1  1.0E+00     43  3.1E-05  2.1E-01  1.1516241E+00   396 1.3E+02
    31      1  1.0E+00     44  6.7E-05  1.6E-01  1.1018068E+00   396 1.3E+02   R
    32      1  1.0E+00     45  1.4E-05  1.6E-01  1.0713874E+00   396 1.3E+02 s
    33      1  1.0E+00     46  3.4E-04  1.8E-01  1.0203726E+00   396 1.3E+02
    34      1  5.0E-01     48  3.9E-04  1.4E-01  9.8292383E-01   396 1.3E+02
    35      1  1.0E+00     49  5.5E-05  1.4E-01  9.4768329E-01   396 1.3E+02
    36      1  1.0E+00     50  1.3E-04  1.1E-01  9.0089362E-01   396 1.3E+02
    37      1  1.0E+00     51  4.1E-04  3.0E-02  8.3564393E-01   396 1.3E+02   R
    38      2  3.5E-01     53  2.6E-04  4.4E-02  8.0431502E-01   396 1.3E+02 s
    39      1  1.0E+00     54  1.1E-05  4.4E-02  7.9177538E-01   396 1.3E+02

 Major Minors     Step   nCon Feasible  Optimal  MeritFunction    nS Penalty
    40      1  1.0E+00     55  1.8E-05  4.4E-02  7.8126700E-01   396 1.3E+02
    41      1  1.0E+00     56  2.5E-06  3.8E-02  7.7803551E-01   396 1.3E+02
    42      1  1.0E+00     57  9.2E-06  3.5E-02  7.7380441E-01   396 1.3E+02
    43      1  1.0E+00     58  1.2E-05  3.1E-02  7.6881288E-01   396 1.3E+02   R
    44      1  1.0E+00     59  3.8E-06  3.1E-02  7.6562682E-01   396 1.3E+02 s
    45      1  1.0E+00     60  3.3E-05  3.3E-02  7.5982432E-01   396 1.3E+02
    46      1  1.0E+00     61  2.9E-05  2.2E-02  7.5794245E-01   396 1.3E+02
    47      1  1.0E+00     62  8.7E-06  2.6E-02  7.5215480E-01   396 1.3E+02
    48      1  1.0E+00     63  4.1E-05  1.6E-02  7.4748509E-01   396 1.3E+02
    49      1  1.0E+00     64  3.3E-05  1.6E-02  7.3874684E-01   396 1.3E+02   R

 Major Minors     Step   nCon Feasible  Optimal  MeritFunction    nS Penalty
    50      1  3.2E-01     66  2.8E-05  9.0E-03  7.3645553E-01   396 1.3E+02 s
    51      1  1.0E+00     67 (2.8E-07) 1.1E-02  7.3595348E-01   396 1.3E+02
    52      1  1.0E+00     68 (7.9E-07) 9.9E-03  7.3530286E-01   396 1.3E+02
    53      1  1.0E+00     69 (3.3E-07) 8.9E-03  7.3486188E-01   396 1.3E+02
    54      1  1.0E+00     70  1.1E-06  7.9E-03  7.3407596E-01   396 1.3E+02
    55      1  1.0E+00     71  1.2E-06  6.8E-03  7.3320389E-01   396 1.3E+02   R
    56      1  1.0E+00     72 (2.2E-07) 5.3E-03  7.3269054E-01   396 1.3E+02 s
    57      1  1.0E+00     73  3.8E-06  7.5E-03  7.3242721E-01   396 1.3E+02
    58      1  1.0E+00     74  6.0E-06  4.1E-03  7.3187139E-01   396 1.3E+02
    59      1  1.0E+00     75  3.0E-06  6.1E-03  7.3151378E-01   396 1.3E+02

 Major Minors     Step   nCon Feasible  Optimal  MeritFunction    nS Penalty
    60      1  1.0E+00     76  2.7E-06  4.5E-03  7.3099029E-01   396 1.3E+02
    61      1  1.0E+00     77  1.1E-06  4.0E-03  7.3067066E-01   396 1.3E+02   R
    62      1  3.4E-01     79  1.1E-06  3.9E-03  7.3041356E-01   396 1.3E+02 s
    63      1  1.0E+00     80 (4.6E-08) 4.3E-03  7.3033556E-01   396 1.3E+02
    64      1  1.0E+00     81 (1.5E-07) 3.4E-03  7.3018679E-01   396 1.3E+02
    65      1  1.0E+00     82 (4.9E-07) 3.1E-03  7.2996642E-01   396 1.3E+02
    66      1  1.0E+00     83 (4.2E-07) 2.1E-03  7.2973697E-01   396 1.3E+02
    67      1  1.0E+00     84 (5.9E-07) 1.4E-03  7.2947353E-01   396 1.3E+02   R
    68      1  1.0E+00     85 (3.4E-08) 1.1E-03  7.2935750E-01   396 1.3E+02 s
    69      1  4.6E-01     87 (1.3E-07) 1.5E-03  7.2927530E-01   396 1.3E+02

 Major Minors     Step   nCon Feasible  Optimal  MeritFunction    nS Penalty
    70      1  1.0E+00     88 (1.8E-07) 9.7E-04  7.2924953E-01   396 1.3E+02
    71      1  1.0E+00     89 (1.5E-07) 1.3E-03  7.2922759E-01   396 1.3E+02
    72      1  1.0E+00     90 (4.0E-08) 8.9E-04  7.2921004E-01   396 1.3E+02
    73      1  1.0E+00     91 (7.4E-08) 9.7E-04  7.2919319E-01   396 1.3E+02   R
    74      1  3.5E-01     93 (7.4E-08) 7.6E-04  7.2918457E-01   396 1.3E+02 s
    75      1  1.0E+00     94 (2.6E-09) 1.0E-03  7.2918082E-01   396 1.3E+02
    76      1  1.0E+00     95 (2.4E-08) 8.0E-04  7.2916658E-01   396 1.3E+02
    77      1  1.0E+00     96 (1.4E-07) 6.3E-04  7.2914204E-01   396 1.3E+02
    78      1  1.0E+00     97 (1.8E-07) 6.0E-04  7.2912180E-01   396 1.3E+02
    79      1  1.0E+00     98 (4.2E-08) 6.0E-04  7.2911389E-01   396 1.3E+02   R

 Major Minors     Step   nCon Feasible  Optimal  MeritFunction    nS Penalty
    80      1  1.0E+00     99 (3.0E-09) 5.9E-04  7.2911279E-01   396 1.3E+02 s
    81      1  1.0E+00    100 (3.6E-10) 6.0E-04  7.2911236E-01   396 1.3E+02
    82      1  1.0E+00    101 (2.0E-09) 5.9E-04  7.2911174E-01   396 1.3E+02
    83      1  1.0E+00    102 (2.7E-09) 5.7E-04  7.2911127E-01   396 1.3E+02
    84      1  1.0E+00    103 (3.2E-09) 5.3E-04  7.2911084E-01   396 1.3E+02
    85      1  1.0E+00    104 (3.6E-09) 4.9E-04  7.2911034E-01   396 1.3E+02   R
    86      1  1.0E+00    105 (1.6E-10) 4.4E-04  7.2911007E-01   396 1.3E+02 s
    87      1  1.0E+00    106 (1.7E-08) 4.1E-04  7.2910973E-01   396 1.3E+02
    88      1  1.0E+00    107 (6.4E-09) 4.2E-04  7.2910963E-01   396 1.3E+02
    89      1  4.6E-01    109 (3.8E-09) 4.0E-04  7.2910902E-01   396 1.3E+02

 Major Minors     Step   nCon Feasible  Optimal  MeritFunction    nS Penalty
    90      1  1.0E+00    110 (1.3E-09) 3.4E-04  7.2910859E-01   396 1.3E+02
    91      1  1.0E+00    111 (1.9E-09) 3.0E-04  7.2910838E-01   396 1.3E+02   R
    92      1  2.1E-01    113 (1.5E-09) 3.0E-04  7.2910808E-01   396 1.3E+02 s
    93      1  1.0E+00    114 (4.3E-11) 2.9E-04  7.2910800E-01   396 1.3E+02
    94      1  1.0E+00    115 (1.9E-10) 2.9E-04  7.2910792E-01   396 1.3E+02
    95      1  1.0E+00    116 (1.9E-10) 2.8E-04  7.2910785E-01   396 1.3E+02
    96      1  1.0E+00    117 (1.1E-09) 2.5E-04  7.2910767E-01   396 1.3E+02
    97      1  1.0E+00    118 (1.8E-09) 2.0E-04  7.2910741E-01   396 1.3E+02   R
    98      1  1.0E+00    119 (8.2E-11) 1.7E-04  7.2910725E-01   396 1.3E+02 s
    99      1  1.0E+00    120 (1.6E-09) 1.5E-04  7.2910716E-01   396 1.3E+02

 Major Minors     Step   nCon Feasible  Optimal  MeritFunction    nS Penalty
   100      1  1.0E+00    121 (3.1E-10) 1.6E-04  7.2910707E-01   396 1.3E+02
   101      1  1.0E+00    122 (4.9E-11) 1.5E-04  7.2910704E-01   396 1.3E+02
   102      1  1.0E+00    123 (6.2E-10) 1.2E-04  7.2910692E-01   396 1.3E+02
   103      1  1.0E+00    124 (2.0E-09) 9.1E-05  7.2910672E-01   396 1.3E+02   R
   104      1  1.0E+00    125 (3.7E-10) 7.9E-05  7.2910670E-01   396 1.3E+02 s
   105      1  1.0E+00    126 (1.1E-10) 6.5E-05  7.2910663E-01   396 1.3E+02
   106      1  1.0E+00    127 (1.1E-11) 5.8E-05  7.2910662E-01   396 1.3E+02
   107      1  1.0E+00    128 (2.2E-11) 5.4E-05  7.2910661E-01   396 1.3E+02
   108      1  1.0E+00    129 (4.3E-11) 5.1E-05  7.2910661E-01   396 1.3E+02
   109      1  1.0E+00    130 (2.1E-10) 3.9E-05  7.2910659E-01   396 1.3E+02   R

 Major Minors     Step   nCon Feasible  Optimal  MeritFunction    nS Penalty
   110      1  1.0E+00    131 (1.4E-11) 4.2E-05  7.2910659E-01   396 1.3E+02 s
   111      1  1.0E+00    132 (1.3E-10) 4.2E-05  7.2910658E-01   396 1.3E+02
   112      1  1.0E+00    133 (3.3E-11) 4.1E-05  7.2910657E-01   396 1.3E+02
   113      1  1.0E+00    134 (2.9E-11) 3.8E-05  7.2910657E-01   396 1.3E+02
   114      1  1.0E+00    135 (1.7E-11) 2.9E-05  7.2910656E-01   396 1.3E+02
   115      1  1.0E+00    136 (2.9E-10) 1.5E-05  7.2910654E-01   396 1.3E+02   R
   116      1  4.5E-01    138 (1.6E-10) 1.6E-05  7.2910653E-01   396 1.3E+02 s
   117      1  1.0E+00    139 (4.8E-12) 1.4E-05  7.2910653E-01   396 1.3E+02
   118      1  1.0E+00    140 (2.4E-12) 1.3E-05  7.2910653E-01   396 1.3E+02
   119      1  1.0E+00    141 (3.9E-12) 1.1E-05  7.2910653E-01   396 1.3E+02

 Major Minors     Step   nCon Feasible  Optimal  MeritFunction    nS Penalty
   120      1  1.0E+00    142 (2.7E-12) 1.0E-05  7.2910653E-01   396 1.3E+02
   121      1  1.0E+00    143 (4.0E-12) 8.4E-06  7.2910652E-01   396 1.3E+02   R
   122      1  1.0E+00    144 (3.4E-13) 8.4E-06  7.2910652E-01   396 1.3E+02 s
   123      1  1.0E+00    145 (1.8E-11) 8.4E-06  7.2910652E-01   396 1.3E+02
   124      1  1.0E+00    146 (1.2E-11) 8.1E-06  7.2910652E-01   396 1.3E+02
   125      1  1.0E+00    147 (2.2E-12) 6.4E-06  7.2910652E-01   396 1.3E+02
   126      1  4.9E-01    149 (6.6E-12) 5.6E-06  7.2910652E-01   396 1.3E+02
   127      1  1.0E+00    150 (1.7E-11) 2.8E-06  7.2910652E-01   396 1.3E+02   R
   128      1  2.4E-01    152 (1.3E-11) 2.7E-06  7.2910652E-01   396 1.3E+02 s
   129      1  1.0E+00    153 (6.2E-14) 2.6E-06  7.2910652E-01   396 1.3E+02

 Major Minors     Step   nCon Feasible  Optimal  MeritFunction    nS Penalty
   130      1  1.0E+00    154 (5.1E-13) 2.6E-06  7.2910652E-01   396 1.3E+02
   131      1  1.0E+00    155 (1.5E-13) 2.5E-06  7.2910652E-01   396 1.3E+02
   132      1  1.0E+00    156 (4.2E-13) 2.3E-06  7.2910652E-01   396 1.3E+02
   133      1  1.0E+00    157 (3.2E-13) 2.1E-06  7.2910652E-01   396 1.3E+02   R
   134      1  1.0E+00    158 (8.5E-14)(1.9E-06) 7.2910652E-01   396 1.3E+02 s
 
 SNOPTA EXIT   0 -- finished successfully
 SNOPTA INFO   1 -- optimality conditions satisfied

 Problem name
 No. of iterations                 663   Objective value      7.2910652137E-01
 No. of major iterations           134   Linear objective     0.0000000000E+00
 Penalty parameter           1.320E+02   Nonlinear objective  7.2910652137E-01
 No. of calls to funobj            158   No. of calls to funcon            158
 No. of superbasics                396   No. of basic nonlinears           609
 No. of degenerate steps           107   Percentage                      16.14
 Max x                     202 6.0E+00   Max pi                    605 1.2E+00
 Max Primal infeas           0 0.0E+00   Max Dual infeas           578 4.2E-06
 Nonlinear constraint violn    5.0E-12

 Solution not printed
