 

 Nonlinear constraints      15     Linear constraints       0
 Nonlinear variables        96     Linear variables         0
 Jacobian  variables        96     Objective variables     96
 Total constraints          15     Total variables         96
 

 
 The user has defined       0   out of    1536   first  derivatives
 XXX  Some first  derivatives are missing --- derivative level reduced to 0
 

 Major Minors     Step   nCon Feasible  Optimal  MeritFunction    nS Penalty
     0     47               1  2.9E+00  1.0E+00  4.4652706E+06    41           r i
     1     41  1.6E-01      2  2.0E+00  3.3E+02  3.7989597E+06    77         n rl
     2      1  2.0E-01      4  1.3E+00  2.5E+00  2.9734691E+06    77         sM l
     3      2  1.0E+00      5  3.6E-01  2.4E+00  7.1108132E+04    77
     4      2  1.0E+00      6  1.2E-01  1.1E+00  1.1213466E+04    77
     5      1  1.0E+00      8  5.2E-03  4.2E+00  5.1051320E+01    77          M
     6      1  1.0E+00      9  2.1E-05  9.8E-01  1.0283594E+02    77 3.3E+04
     7      2  1.0E+00     10 (9.7E-07) 4.1E+00  1.0236692E+02    77 2.0E+02
     8      2  1.0E+00     11  8.3E-02  1.0E+00  4.1395475E-01    77 2.5E+01
     9      1  1.0E+00     13  3.2E-02  9.2E-01 -8.9177661E+01    77 5.1E+02  m

 Major Minors     Step   nCon Feasible  Optimal  MeritFunction    nS Penalty
    10      2  1.0E+00     14  4.3E-04  6.6E-01  4.3494357E+01    77 3.1E+03
    11      2  1.0E+00     15  1.1E-05  2.6E+00  4.2165197E+01    77 1.4E+02
    12      1  1.0E+00     16  8.9E-03  2.7E-01  2.4172586E+01    77 5.2E+01   R
    13      1  1.0E+00     18  6.5E-05  5.4E-01  1.9661870E+01    77 7.1E+03 sM
    14      2  2.4E-03     19  5.0E-03  1.6E+00  1.7290671E+01    77 4.1E+02
    15      2  7.4E-02     20  5.3E-03  1.3E+00  1.7215522E+01    77 1.6E+02
    16      2  5.1E-01     22  5.3E-02  1.5E+00 -7.4232415E+01    77 1.6E+02  m
    17      1  4.1E-03     24  5.3E-02  1.5E+00  2.2454161E+00    77 6.2E+02 n
    18      1  4.3E-03     26  5.3E-02  2.2E-01  2.4276055E+00    77 6.2E+02 n R
    19      1  1.0E+00     27  2.8E-03  4.4E-01  6.1673061E+00    77 6.6E+02 s

 Major Minors     Step   nCon Feasible  Optimal  MeritFunction    nS Penalty
    20      1  1.0E+00     28  3.9E-03  1.0E+00  4.5111502E+00    77 3.3E+02
    21      1  1.0E+00     29  7.4E-03  1.2E+00  4.3209627E+00    77 3.3E+02
    22      1  1.0E+00     30  2.3E-03  5.3E-01  3.0484360E+00    77 3.3E+02
    23      1  1.0E+00     31  2.9E-03  1.8E-01  2.5665369E+00    77 3.3E+02
    24      1  1.0E+00     32  1.3E-03  3.8E-01  2.2272958E+00    77 3.3E+02
    25      1  1.0E+00     33  1.3E-03  4.5E-01  1.9656225E+00    77 3.3E+02
    26      1  1.0E+00     34  6.6E-04  3.0E-01  1.7407597E+00    77 3.3E+02
    27      1  1.0E+00     35  7.1E-04  1.6E-01  1.5789032E+00    77 3.3E+02
    28      1  1.0E+00     36  5.4E-04  1.5E-01  1.4905454E+00    77 3.3E+02
    29      1  1.0E+00     37  2.9E-04  1.4E-01  1.4336067E+00    77 3.3E+02   R

 Major Minors     Step   nCon Feasible  Optimal  MeritFunction    nS Penalty
    30      1  1.0E+00     38  1.8E-05  2.5E-01  1.4055614E+00    77 3.3E+02 s
    31      1  4.1E-01     39  3.9E-04  1.3E-01  1.3353983E+00    77 3.3E+02
    32      1  1.0E+00     40  5.6E-04  2.0E-01  1.2956984E+00    77 3.3E+02
    33      1  1.0E+00     41  4.5E-04  1.5E-01  1.2634745E+00    77 3.3E+02
    34      1  1.0E+00     42  1.2E-04  9.3E-02  1.1987290E+00    77 3.3E+02
    35      1  1.0E+00     43  1.7E-04  8.0E-02  1.1440235E+00    77 3.3E+02
    36      1  1.0E+00     44  1.5E-04  7.3E-02  1.0970786E+00    77 3.3E+02
    37      1  1.0E+00     45  6.5E-05  8.0E-02  1.0718512E+00    77 3.3E+02
    38      1  1.0E+00     46  9.4E-05  8.2E-02  1.0548008E+00    77 3.3E+02
    39      1  1.0E+00     47  9.4E-05  7.9E-02  1.0404606E+00    77 3.3E+02

 Major Minors     Step   nCon Feasible  Optimal  MeritFunction    nS Penalty
    40      1  1.0E+00     48  9.6E-05  7.0E-02  1.0240099E+00    77 3.3E+02   R
    41      1  1.0E+00     49  1.7E-05  6.9E-02  1.0165897E+00    77 3.3E+02 s
    42      1  1.0E+00     50  7.7E-05  7.0E-02  1.0021715E+00    77 3.3E+02
    43      1  1.0E+00     51  6.7E-05  6.2E-02  9.8911365E-01    77 3.3E+02
    44      1  1.0E+00     52  6.0E-05  6.1E-02  9.7886728E-01    77 3.3E+02
    45      1  1.0E+00     53  3.7E-05  5.5E-02  9.6616743E-01    77 3.3E+02
    46      1  1.0E+00     54  7.8E-05  3.6E-02  9.5388643E-01    77 3.3E+02
    47      1  1.0E+00     55  3.7E-05  3.7E-02  9.4724874E-01    77 3.3E+02
    48      1  1.0E+00     56  6.7E-05  3.6E-02  9.3770502E-01    77 3.3E+02
    49      1  1.0E+00     57  5.5E-05  3.2E-02  9.2690803E-01    77 3.3E+02

 Major Minors     Step   nCon Feasible  Optimal  MeritFunction    nS Penalty
    50      1  1.0E+00     58  5.8E-05  2.6E-02  9.1521666E-01    77 3.3E+02
    51      1  1.0E+00     59  4.4E-05  1.9E-02  9.0640149E-01    77 3.3E+02   R
    52      1  1.0E+00     60  1.2E-06  1.6E-02  9.0332926E-01    77 3.3E+02 s
    53      1  3.5E-01     61  6.2E-06  2.1E-02  9.0077306E-01    77 3.3E+02
    54      1  4.6E-01     62  9.3E-06  1.2E-02  8.9798862E-01    77 3.3E+02
    55      1  1.0E+00     63  3.6E-05  2.2E-02  8.9775297E-01    77 3.3E+02
    56      1  1.0E+00     64  9.4E-06  1.2E-02  8.9618736E-01    77 3.3E+02
    57      1  1.0E+00     65  2.1E-05  1.1E-02  8.9567069E-01    77 3.3E+02
    58      1  1.0E+00     66  1.3E-05  2.9E-02  8.9497932E-01    77 3.3E+02
    59      1  1.0E+00     67  2.3E-05  3.9E-02  8.9393971E-01    77 3.3E+02

 Major Minors     Step   nCon Feasible  Optimal  MeritFunction    nS Penalty
    60      1  1.0E+00     68  9.9E-06  1.0E-02  8.9333017E-01    77 3.3E+02
    61      1  1.0E+00     69  5.4E-06  1.7E-02  8.9210748E-01    77 3.3E+02
    62      1  1.0E+00     70  8.1E-06  5.6E-03  8.9159808E-01    77 3.3E+02   R
    63      1  1.0E+00     71  4.1E-06  5.1E-03  8.9141959E-01    77 3.3E+02 s
    64      1  1.0E+00     72  1.0E-06  5.0E-03  8.9130272E-01    77 3.3E+02
    65      1  1.0E+00     73 (7.9E-07) 7.6E-03  8.9114454E-01    77 3.3E+02
    66      1  1.0E+00     74 (5.7E-07) 7.5E-03  8.9096354E-01    77 3.3E+02
    67      1  1.0E+00     75 (5.7E-07) 3.8E-03  8.9083343E-01    77 3.3E+02
    68      1  1.0E+00     76 (5.8E-07) 3.4E-03  8.9076276E-01    77 3.3E+02
    69      1  1.0E+00     77 (1.8E-07) 5.4E-03  8.9070830E-01    77 3.3E+02

 Major Minors     Step   nCon Feasible  Optimal  MeritFunction    nS Penalty
    70      1  1.0E+00     78 (4.3E-07) 3.5E-03  8.9062253E-01    77 3.3E+02
    71      1  1.0E+00     79 (2.5E-07) 1.8E-03  8.9057551E-01    77 3.3E+02
    72      1  1.0E+00     80 (1.4E-07) 2.0E-03  8.9054719E-01    77 3.3E+02
    73      1  1.0E+00     81 (1.2E-07) 1.2E-03  8.9051914E-01    77 3.3E+02   R
    74      1  1.0E+00     82 (1.1E-07) 1.4E-03  8.9050659E-01    77 3.3E+02 s
    75      1  1.0E+00     83 (1.8E-07) 1.4E-03  8.9049006E-01    77 3.3E+02
    76      1  1.0E+00     84 (1.9E-07) 1.7E-03  8.9047963E-01    77 3.3E+02
    77      1  1.0E+00     85 (1.5E-07) 1.7E-03  8.9047160E-01    77 3.3E+02
    78      1  1.0E+00     86 (8.1E-08) 1.3E-03  8.9046301E-01    77 3.3E+02
    79      1  1.0E+00     87 (3.5E-08) 1.4E-03  8.9045557E-01    77 3.3E+02

 Major Minors     Step   nCon Feasible  Optimal  MeritFunction    nS Penalty
    80      1  1.0E+00     88 (9.3E-08) 9.5E-04  8.9044879E-01    77 3.3E+02
    81      1  1.0E+00     89 (2.3E-08) 7.2E-04  8.9044614E-01    77 3.3E+02
    82      1  1.0E+00     90 (1.2E-08) 1.3E-03  8.9044266E-01    77 3.3E+02
    83      1  1.0E+00     91 (1.7E-08) 3.9E-04  8.9043884E-01    77 3.3E+02
    84      1  1.0E+00     92 (2.8E-09) 3.5E-04  8.9043738E-01    77 3.3E+02   R
    85      1  1.0E+00     93 (2.3E-09) 5.2E-04  8.9043650E-01    77 3.3E+02 s
    86      1  1.0E+00     94 (3.5E-08) 7.3E-04  8.9043589E-01    77 3.3E+02
    87      1  1.0E+00     95 (9.9E-09) 4.0E-04  8.9043492E-01    77 3.3E+02
    88      1  4.9E-01     96 (7.8E-09) 3.6E-04  8.9043432E-01    77 3.3E+02
    89      1  1.0E+00     97 (6.4E-09) 2.2E-04  8.9043400E-01    77 3.3E+02

 Major Minors     Step   nCon Feasible  Optimal  MeritFunction    nS Penalty
    90      1  1.0E+00     98 (1.0E-09) 1.7E-04  8.9043362E-01    77 3.3E+02
    91      1  1.0E+00     99 (3.6E-09) 3.4E-04  8.9043351E-01    77 3.3E+02
    92      1  1.0E+00    100 (4.4E-09) 2.0E-04  8.9043337E-01    77 3.3E+02
    93      1  1.0E+00    101 (1.1E-09) 1.2E-04  8.9043329E-01    77 3.3E+02
    94      1  1.0E+00    102 (1.6E-10) 1.0E-04  8.9043323E-01    77 3.3E+02
    95      1  1.0E+00    103 (4.6E-10) 8.6E-05  8.9043317E-01    77 3.3E+02   R
    96      1  1.0E+00    104 (1.1E-09) 1.1E-04  8.9043316E-01    77 3.3E+02 s
    97      1  1.0E+00    105 (3.6E-10) 5.0E-05  8.9043313E-01    77 3.3E+02
    98      1  1.0E+00    106 (7.8E-11) 5.4E-05  8.9043311E-01    77 3.3E+02
    99      1  1.0E+00    107 (2.6E-10) 5.4E-05  8.9043309E-01    77 3.3E+02

 Major Minors     Step   nCon Feasible  Optimal  MeritFunction    nS Penalty
   100      1  1.0E+00    108 (1.2E-10) 3.9E-05  8.9043308E-01    77 3.3E+02
   101      1  1.0E+00    109 (2.5E-11) 1.3E-05  8.9043308E-01    77 3.3E+02
   102      1  1.0E+00    110 (2.3E-12) 2.0E-05  8.9043308E-01    77 3.3E+02
   103      1  1.0E+00    111 (3.7E-12) 8.7E-06  8.9043308E-01    77 3.3E+02
   104      1  1.0E+00    112 (2.1E-12) 3.4E-06  8.9043308E-01    77 3.3E+02
   105      1  1.0E+00    113 (1.1E-12) 7.4E-06  8.9043308E-01    77 3.3E+02
   106      1  1.0E+00    114 (5.3E-13) 2.0E-06  8.9043308E-01    77 3.3E+02   R
   107      1  1.0E+00    115 (4.3E-13) 2.2E-06  8.9043308E-01    77 3.3E+02 s
   108      1  1.0E+00    116 (2.0E-13) 2.2E-06  8.9043308E-01    77 3.3E+02
   109      1  1.0E+00    117 (1.7E-13)(1.6E-06) 8.9043308E-01    77 3.3E+02
 
 SNOPTA EXIT   0 -- finished successfully
 SNOPTA INFO   1 -- optimality conditions satisfied

 Problem name
 No. of iterations                 205   Objective value      8.9043307565E-01
 No. of major iterations           109   Linear objective     0.0000000000E+00
 Penalty parameter           3.341E+02   Nonlinear objective  8.9043307565E-01
 No. of calls to funobj          11494   No. of calls to funcon          11494
 Calls with modes 1,2 (known g)    117   Calls with modes 1,2 (known g)    117
 Calls for forward differencing  11232   Calls for forward differencing  11232
 Calls for central differencing      0   Calls for central differencing      0
 No. of superbasics                 77   No. of basic nonlinears            15
 No. of degenerate steps             2   Percentage                        .98
 Max x                      10 1.0E+01   Max pi                      2 1.5E+00
 Max Primal infeas           0 0.0E+00   Max Dual infeas             4 4.1E-06
 Nonlinear constraint violn    1.6E-12

 Solution not printed
