 

 Nonlinear constraints     606     Linear constraints       0
 Nonlinear variables      1005     Linear variables         0
 Jacobian  variables      1005     Objective variables   1005
 Total constraints         606     Total variables       1005
 

 
 The user has defined       0   out of  610035   first  derivatives
 

        Minor   QPmult   nInf   SumInf   rgNorm    QPobjective       cgItns
          100  8.8E+00                           2.1833333E+00
          200                           1.1E-15  1.6533293E+00    63

 Major Minors     Step   nCon Feasible  Optimal  MeritFunction    nS Penalty
     0    239               1 (3.5E-09) 2.8E-03  2.1833333E+00    99           r  T

        Minor   QPmult   nInf   SumInf   rgNorm    QPobjective    nS cgItns
          100 -3.4E-03                  2.4E-16  1.1258426E+00   196

 Major Minors     Step   nCon Feasible  Optimal  MeritFunction    nS Penalty
     1    101  1.5E-01      2  3.6E-06  3.2E-03  1.9871713E+00   197         n rl T

        Minor   QPmult   nInf   SumInf   rgNorm    QPobjective    nS cgItns
          100 -9.3E-04                  5.5E-14  8.6635264E-01   295

 Major Minors     Step   nCon Feasible  Optimal  MeritFunction    nS Penalty
     2    101  1.0E-01      3  2.4E-05  1.6E-02  1.8236331E+00   296         s  l T
     3     79  3.1E-01      4  3.5E-04  3.0E-02  1.5255965E+00   374
     4     14  3.7E-01      5  8.5E-04  5.1E-03  1.1210392E+00   387
     5     10  2.2E-01      6  6.6E-04  2.1E-03  1.0729773E+00   396
     6      2  2.3E-01      7  5.0E-04  1.3E-03  1.0620877E+00   397
     7      3  3.9E-01      8  3.0E-04  8.6E-04  1.0564546E+00   399           R
     8      1  2.3E-01      9  2.3E-04  4.6E-04  1.0524532E+00   399         s
     9      1  1.0E+00     10  6.1E-06  5.7E-04  1.0499878E+00   399

 Major Minors     Step   nCon Feasible  Optimal  MeritFunction    nS Penalty
    10      1  1.0E+00     11  1.6E-05  1.1E-03  1.0439800E+00   399
    11      1  1.0E+00     12  1.9E-05  7.2E-04  1.0391517E+00   399
    12      1  1.0E+00     13  3.8E-06  3.7E-04  1.0375022E+00   399
    13      1  1.0E+00     14  5.0E-06  1.5E-04  1.0365479E+00   399           R
    14      1  1.0E+00     15 (5.3E-07) 1.4E-04  1.0361776E+00   399         s
    15      1  1.0E+00     16  1.3E-05  3.9E-04  1.0347824E+00   399
    16      1  4.7E-01     17  5.1E-06  2.2E-04  1.0343983E+00   399
    17      1  1.0E+00     18  1.9E-06  2.3E-04  1.0341544E+00   399
    18      1  1.0E+00     19 (6.5E-07) 2.6E-04  1.0337885E+00   399
    19      1  1.0E+00     20  2.1E-06  2.8E-04  1.0336211E+00   399           R

 Major Minors     Step   nCon Feasible  Optimal  MeritFunction    nS Penalty
    20      1  3.2E-01     21  1.3E-06  1.2E-04  1.0333161E+00   399         s
    21      1  1.0E+00     22 (4.1E-08) 9.9E-05  1.0332341E+00   399
    22      1  1.0E+00     23 (9.9E-08) 8.6E-05  1.0331363E+00   399
    23      1  1.0E+00     24 (1.4E-07) 9.8E-05  1.0330747E+00   399
    24      1  1.0E+00     25 (5.5E-07) 9.9E-05  1.0329987E+00   399
    25      1  1.0E+00     26 (2.3E-07) 9.9E-05  1.0329546E+00   399           R
    26      1  1.0E+00     27 (1.8E-08) 8.1E-05  1.0329287E+00   399         s
    27      1  2.4E-01     28 (3.2E-07) 2.1E-04  1.0328723E+00   399
    28      1  1.0E+00     29 (4.8E-07) 3.1E-04  1.0328497E+00   399
    29      1  3.9E-01     30 (2.1E-07) 2.0E-04  1.0327642E+00   399

 Major Minors     Step   nCon Feasible  Optimal  MeritFunction    nS Penalty
    30      1  4.0E-01     31 (3.6E-07) 1.9E-04  1.0326951E+00   399
    31      1  3.1E-01     32 (3.0E-07) 1.7E-04  1.0326464E+00   399           R
    32      1  2.6E-01     33 (9.1E-08) 5.4E-05  1.0326099E+00   399         s
    33      1  1.0E+00     34 (7.1E-08) 3.3E-05  1.0325977E+00   399
    34      1  1.0E+00     35 (4.1E-09) 5.4E-05  1.0325853E+00   399
    35      1  1.0E+00     36 (8.7E-08) 8.1E-05  1.0325558E+00   399
    36      1  1.0E+00     37 (2.1E-08) 5.2E-05  1.0325352E+00   399
    37      1  1.0E+00     38 (1.2E-07) 4.3E-05  1.0324994E+00   399           R
    38      1  1.0E+00     39 (1.3E-08) 3.7E-05  1.0324796E+00   399         s
    39      1  1.0E+00     40 (1.0E-07) 5.2E-05  1.0324570E+00   399

 Major Minors     Step   nCon Feasible  Optimal  MeritFunction    nS Penalty
    40      1  1.0E+00     41 (7.4E-08) 3.2E-05  1.0324487E+00   399
    41      1  1.0E+00     42 (1.4E-08) 3.9E-05  1.0324434E+00   399
    42      1  1.0E+00     43 (5.4E-08) 3.9E-05  1.0324357E+00   399
    43      1  1.0E+00     44 (1.3E-07) 4.3E-05  1.0324174E+00   399           R
    44      1  5.0E-01     45 (5.7E-08) 2.7E-05  1.0324107E+00   399         s
    45      1  1.0E+00     46 (8.8E-09) 1.9E-05  1.0324078E+00   399
    46      1  1.0E+00     47 (7.8E-09) 1.8E-05  1.0324048E+00   399
    47      1  1.0E+00     48 (1.1E-08) 3.4E-05  1.0323995E+00   399
    48      1  1.0E+00     49 (5.2E-08) 5.6E-05  1.0323931E+00   399
    49      1  1.0E+00     50 (2.0E-07) 7.7E-05  1.0323817E+00   399           R

 Major Minors     Step   nCon Feasible  Optimal  MeritFunction    nS Penalty
    50      1  1.0E+00     51 (2.1E-09) 5.5E-05  1.0323745E+00   399         s
    51      1  4.4E-01     52 (1.5E-08) 4.3E-05  1.0323682E+00   399
    52      1  1.0E+00     53 (3.4E-09) 6.2E-05  1.0323661E+00   399
    53      1  1.0E+00     54 (3.0E-09) 4.2E-05  1.0323638E+00   399
    54      1  1.0E+00     55 (1.8E-08) 5.4E-05  1.0323607E+00   399
    55      1  1.0E+00     56 (6.5E-09) 6.7E-05  1.0323572E+00   399           R
    56      1  3.7E-01     57 (7.8E-09) 1.4E-05  1.0323545E+00   399         s
    57      1  1.0E+00     58 (3.5E-10) 1.3E-05  1.0323538E+00   399
    58      1  1.0E+00     59 (3.9E-09) 4.7E-05  1.0323517E+00   399
    59      1  1.0E+00     60 (1.1E-08) 8.6E-05  1.0323479E+00   399

 Major Minors     Step   nCon Feasible  Optimal  MeritFunction    nS Penalty
    60      1  1.0E+00     61 (1.3E-08) 1.2E-04  1.0323404E+00   399
    61      1  1.0E+00     62 (9.2E-09) 1.0E-04  1.0323302E+00   399           R
    62      1  1.0E+00     63 (1.0E-09) 3.7E-05  1.0323243E+00   399         s
    63      1  1.0E+00     64 (3.0E-09) 3.3E-05  1.0323216E+00   399
    64      1  1.0E+00     65 (4.3E-10) 2.3E-05  1.0323207E+00   399
    65      1  1.0E+00     66 (2.2E-09) 8.9E-06  1.0323202E+00   399
    66      1  1.0E+00     67 (6.5E-10) 1.7E-05  1.0323198E+00   399
    67      1  1.0E+00     68 (7.4E-09) 3.8E-05  1.0323185E+00   399           R
    68      1  1.0E+00     69 (1.2E-09) 9.7E-06  1.0323178E+00   399         s
    69      1  1.0E+00     70 (3.7E-09) 2.7E-05  1.0323174E+00   399

 Major Minors     Step   nCon Feasible  Optimal  MeritFunction    nS Penalty
    70      1  1.0E+00     71 (3.1E-09) 2.1E-05  1.0323167E+00   399
    71      1  1.0E+00     72 (1.1E-08) 3.6E-05  1.0323157E+00   399
    72      1  1.0E+00     73 (7.5E-08) 4.0E-05  1.0323134E+00   399
    73      1  1.0E+00     74 (4.9E-08) 3.9E-05  1.0323108E+00   399           R
    74      1  1.0E+00     75 (3.3E-09) 4.8E-05  1.0323099E+00   399         s
    75      1  1.0E+00     76 (7.4E-10) 1.8E-05  1.0323087E+00   399
    76      1  1.0E+00     77 (1.5E-09) 1.4E-05  1.0323081E+00   399
    77      1  1.0E+00     78 (2.9E-09) 1.0E-05  1.0323076E+00   399
    78      1  1.0E+00     79 (2.4E-09) 6.3E-06  1.0323073E+00   399
    79      1  1.0E+00     80 (1.1E-09) 6.9E-06  1.0323070E+00   399           R

 Major Minors     Step   nCon Feasible  Optimal  MeritFunction    nS Penalty
    80      1  1.0E+00     81 (2.7E-10) 4.5E-06  1.0323068E+00   399         s
    81      1  1.0E+00     82 (4.3E-09) 1.8E-05  1.0323063E+00   399
    82      1  1.0E+00     83 (1.1E-08) 1.2E-05  1.0323061E+00   399
    83      1  1.0E+00     84 (8.3E-09) 2.3E-05  1.0323055E+00   399
    84      1  1.0E+00     85 (3.4E-08) 3.2E-05  1.0323045E+00   399
    85      1  1.0E+00     86 (9.0E-08) 3.0E-05  1.0323036E+00   399           R
    86      1  3.1E-01     87 (6.2E-08) 1.4E-05  1.0323026E+00   399         s
    87      1  1.0E+00     88 (2.5E-10) 7.2E-06  1.0323023E+00   399
    88      1  1.0E+00     89 (7.7E-10) 9.1E-06  1.0323020E+00   399
    89      1  1.0E+00     90 (1.8E-10) 8.2E-06  1.0323019E+00   399

 Major Minors     Step   nCon Feasible  Optimal  MeritFunction    nS Penalty
    90      1  1.0E+00     91 (1.1E-09) 5.0E-06  1.0323018E+00   399
    91      1  1.0E+00     92 (5.5E-10) 5.5E-06  1.0323017E+00   399           R
    92      1  1.0E+00     93 (6.4E-11) 3.3E-06  1.0323017E+00   399         s
    93      1  1.0E+00     94 (5.2E-10) 1.0E-05  1.0323016E+00   399
    94      1  1.0E+00     95 (1.6E-09) 1.4E-05  1.0323016E+00   399
    95      1  1.0E+00     96 (3.1E-10) 6.0E-06  1.0323014E+00   399
    96      1  1.0E+00     97 (7.0E-10) 9.8E-06  1.0323013E+00   399
    97      1  1.0E+00     98 (2.6E-09) 1.8E-05  1.0323009E+00   399           R
    98      1  3.8E-01     99 (1.7E-09) 4.9E-06  1.0323007E+00   399         s
    99      1  1.0E+00    100 (4.9E-11) 3.1E-06  1.0323006E+00   399

 Major Minors     Step   nCon Feasible  Optimal  MeritFunction    nS Penalty
   100      1  1.0E+00    101 (8.9E-11) 4.3E-06  1.0323006E+00   399
   101      1  1.0E+00    102 (7.2E-10) 3.8E-06  1.0323005E+00   399
   102      1  1.0E+00    103 (1.1E-09) 5.4E-06  1.0323004E+00   399
   103      1  1.0E+00    104 (6.1E-09) 8.5E-06  1.0323002E+00   399           R
   104      1  1.0E+00    105 (1.1E-10) 5.7E-06  1.0323001E+00   399         s
   105      1  1.0E+00    106 (1.1E-09) 1.6E-05  1.0323000E+00   399
   106      1  1.0E+00    107 (8.5E-10) 1.6E-05  1.0322999E+00   399
   107      1  1.0E+00    108 (3.9E-10) 2.2E-05  1.0322998E+00   399
   108      1  1.0E+00    109 (4.6E-10) 9.7E-06  1.0322996E+00   399
   109      1  1.0E+00    110 (1.9E-09) 1.1E-05  1.0322994E+00   399           R

 Major Minors     Step   nCon Feasible  Optimal  MeritFunction    nS Penalty
   110      1  3.7E-01    111 (1.1E-09) 3.4E-06  1.0322993E+00   399         s
   111      1  1.0E+00    112 (3.0E-11) 3.2E-06  1.0322993E+00   399
   112      1  1.0E+00    113 (6.8E-11) 7.4E-06  1.0322992E+00   399
   113      1  1.0E+00    114 (8.3E-10) 1.9E-05  1.0322989E+00   399
   114      1  1.0E+00    115 (5.5E-09) 3.1E-05  1.0322984E+00   399
   115      1  1.0E+00    116 (2.3E-08) 3.8E-05  1.0322974E+00   399           R
   116      1  1.0E+00    117 (2.3E-10) 1.5E-05  1.0322967E+00   399         s
   117      1  1.0E+00    118 (3.7E-10) 6.6E-06  1.0322963E+00   399
   118      1  1.0E+00    119 (3.5E-10) 9.3E-06  1.0322962E+00   399
   119      1  1.0E+00    120 (6.8E-10) 5.6E-06  1.0322960E+00   399

 Major Minors     Step   nCon Feasible  Optimal  MeritFunction    nS Penalty
   120      1  1.0E+00    121 (7.7E-10) 4.8E-06  1.0322959E+00   399
   121      1  1.0E+00    122 (1.8E-09) 1.0E-05  1.0322957E+00   399           R
   122      1  1.0E+00    123 (1.0E-10) 3.6E-06  1.0322956E+00   399         s
   123      1  1.0E+00    124 (4.0E-09) 1.5E-05  1.0322955E+00   399
   124      1  1.0E+00    125 (4.8E-10) 8.4E-06  1.0322953E+00   399
   125      1  1.0E+00    126 (1.3E-09) 1.3E-05  1.0322951E+00   399
   126      1  1.0E+00    127 (5.6E-10) 8.9E-06  1.0322947E+00   399
   127      1  1.0E+00    128 (7.7E-09) 2.0E-05  1.0322943E+00   399           R
   128      1  3.3E-01    129 (5.0E-09) 4.2E-06  1.0322939E+00   399         s
   129      1  1.0E+00    130 (3.3E-11) 2.4E-06  1.0322938E+00   399

 Major Minors     Step   nCon Feasible  Optimal  MeritFunction    nS Penalty
   130      1  1.0E+00    131 (2.0E-10) 5.2E-06  1.0322937E+00   399
   131      1  1.0E+00    132 (1.1E-10) 3.6E-06  1.0322936E+00   399
   132      1  1.0E+00    133 (5.2E-10) 5.4E-06  1.0322935E+00   399
   133      1  1.0E+00    134 (1.6E-09) 5.5E-06  1.0322933E+00   399           R
   134      1  1.0E+00    135 (4.2E-11) 3.5E-06  1.0322932E+00   399         s
   135      1  1.0E+00    136 (1.4E-10) 1.2E-05  1.0322931E+00   399
   136      1  1.0E+00    137 (2.2E-10) 1.9E-05  1.0322931E+00   399
   137      1  1.0E+00    138 (1.3E-10) 1.1E-05  1.0322929E+00   399
   138      1  1.0E+00    139 (6.6E-10) 8.8E-06  1.0322928E+00   399
   139      1  1.0E+00    140 (6.3E-10) 1.2E-05  1.0322927E+00   399           R

 Major Minors     Step   nCon Feasible  Optimal  MeritFunction    nS Penalty
   140      1  4.2E-01    141 (4.1E-10) 3.6E-06  1.0322926E+00   399         s
   141      1  1.0E+00    142 (2.1E-11) 2.2E-06  1.0322926E+00   399
   142      1  1.0E+00    143 (1.1E-11) 3.9E-06  1.0322926E+00   399
   143      1  1.0E+00    144 (8.8E-10) 6.1E-06  1.0322925E+00   399
   144      1  1.0E+00    145 (5.6E-10) 3.2E-06  1.0322925E+00   399
   145      1  1.0E+00    146 (2.6E-10)(1.3E-06) 1.0322924E+00   399           R
 
 SNOPTA EXIT   0 -- finished successfully
 SNOPTA INFO   1 -- optimality conditions satisfied

 Problem name
 No. of iterations                 687   Objective value      1.0322924488E+00
 No. of major iterations           145   Linear objective     0.0000000000E+00
 Penalty parameter           0.000E+00   Nonlinear objective  1.0322924488E+00
 No. of calls to funobj         147046   No. of calls to funcon         147046
 Calls with modes 1,2 (known g)    146   Calls with modes 1,2 (known g)    146
 Calls for forward differencing 146730   Calls for forward differencing 146730
 Calls for central differencing      0   Calls for central differencing      0
 No. of superbasics                399   No. of basic nonlinears           606
 No. of degenerate steps            99   Percentage                      14.41
 Max x                     202 6.0E+00   Max pi                    605 1.9E+00
 Max Primal infeas           0 0.0E+00   Max Dual infeas           717 3.9E-06
 Nonlinear constraint violn    1.4E-08

 Solution not printed
