
 
 ===>  WARNING - variable       53 has no Jacobian entries.
 ===>  WARNING - variable       54 has no Jacobian entries.
 ===>  WARNING - variable       55 has no Jacobian entries.
 

 Nonlinear constraints       3     Linear constraints       0
 Nonlinear variables        52     Linear variables         3
 Jacobian  variables        52     Objective variables     52
 Total constraints           3     Total variables         55
 

 
 The user has defined       0   out of     208   first  derivatives
 

 Major Minors     Step   nCon Feasible  Optimal  MeritFunction    nS Penalty
     0     50               1 (0.0E+00) 2.2E+01  3.9135000E+02    50           r
     1      1  1.6E-01      2 (0.0E+00) 2.1E+01  1.7963249E+02    50         n rl
     2      1  1.7E-01      3 (0.0E+00) 3.5E+01  7.2760336E+01    50         s  l
     3      1  2.3E-01      4 (0.0E+00) 5.7E+00  1.0894656E+01    50
     4      1  1.0E+00      5 (0.0E+00) 1.3E+00  5.1478492E+00    50
     5      1  1.0E+00      6 (0.0E+00) 1.1E+00  4.6854441E+00    50
     6      1  1.0E+00      7 (0.0E+00) 1.1E+00  3.7981679E+00    50
     7      1  1.0E+00      8 (0.0E+00) 8.7E-01  3.4320502E+00    50
     8      1  1.0E+00      9 (0.0E+00) 7.8E-01  2.6599744E+00    50
     9      1  1.0E+00     10 (0.0E+00) 8.4E-01  2.5192889E+00    50

 Major Minors     Step   nCon Feasible  Optimal  MeritFunction    nS Penalty
    10      1  1.0E+00     11 (0.0E+00) 2.9E-01  2.4281534E+00    50
    11      1  1.0E+00     12 (0.0E+00) 2.7E-01  2.3771020E+00    50
    12      1  1.0E+00     13 (0.0E+00) 8.1E-01  2.2925837E+00    50
    13      1  1.0E+00     14 (0.0E+00) 8.1E-01  2.1791155E+00    50
    14      1  1.0E+00     15 (0.0E+00) 8.1E-01  2.0803126E+00    50
    15      1  1.0E+00     16 (0.0E+00) 1.4E-01  2.0421098E+00    50
    16      1  1.0E+00     17 (0.0E+00) 1.7E-01  2.0286000E+00    50
    17      1  1.0E+00     18 (0.0E+00) 2.5E-01  2.0089556E+00    50
    18      1  1.0E+00     19 (0.0E+00) 2.9E-01  1.9825712E+00    50
    19      1  1.0E+00     20 (0.0E+00) 2.2E-01  1.9633097E+00    50

 Major Minors     Step   nCon Feasible  Optimal  MeritFunction    nS Penalty
    20      1  1.0E+00     21 (0.0E+00) 5.1E-02  1.9566054E+00    50
    21      1  1.0E+00     22 (0.0E+00) 5.4E-02  1.9545603E+00    50
    22      1  1.0E+00     23 (0.0E+00) 9.4E-02  1.9518174E+00    50
    23      1  1.0E+00     24 (0.0E+00) 1.6E-01  1.9451807E+00    50
    24      1  1.0E+00     25 (0.0E+00) 2.4E-01  1.9319157E+00    50
    25      1  1.0E+00     26 (0.0E+00) 2.5E-01  1.9124606E+00    50
    26      1  1.0E+00     27 (0.0E+00) 1.6E-01  1.8976835E+00    50
    27      1  1.0E+00     28 (0.0E+00) 4.5E-02  1.8926161E+00    50
    28      1  1.0E+00     29 (0.0E+00) 2.6E-02  1.8917222E+00    50
    29      1  1.0E+00     30 (0.0E+00) 3.3E-02  1.8913952E+00    50

 Major Minors     Step   nCon Feasible  Optimal  MeritFunction    nS Penalty
    30      1  1.0E+00     31 (0.0E+00) 4.9E-02  1.8905410E+00    50
    31      1  1.0E+00     32 (0.0E+00) 5.7E-02  1.8891492E+00    50
    32      1  1.0E+00     33 (0.0E+00) 4.6E-02  1.8873671E+00    50
    33      1  1.0E+00     34 (0.0E+00) 2.8E-02  1.8861872E+00    50
    34      1  1.0E+00     35 (0.0E+00) 2.9E-02  1.8856188E+00    50
    35      1  1.0E+00     36 (0.0E+00) 2.9E-02  1.8851105E+00    50
    36      1  1.0E+00     37 (0.0E+00) 4.9E-02  1.8840505E+00    50
    37      1  1.0E+00     38 (0.0E+00) 6.9E-02  1.8818928E+00    50
    38      1  1.0E+00     39 (0.0E+00) 7.5E-02  1.8784325E+00    50
    39      1  1.0E+00     40 (0.0E+00) 5.2E-02  1.8752216E+00    50

 Major Minors     Step   nCon Feasible  Optimal  MeritFunction    nS Penalty
    40      1  1.0E+00     41 (0.0E+00) 2.2E-02  1.8739030E+00    50
    41      1  1.0E+00     42 (0.0E+00) 1.3E-02  1.8736655E+00    50
    42      1  1.0E+00     43 (0.0E+00) 1.9E-02  1.8735800E+00    50
    43      1  1.0E+00     44 (0.0E+00) 2.5E-02  1.8733822E+00    50
    44      1  1.0E+00     45 (0.0E+00) 3.1E-02  1.8730068E+00    50
    45      1  1.0E+00     46 (0.0E+00) 2.8E-02  1.8724347E+00    50
    46      1  1.0E+00     47 (0.0E+00) 1.6E-02  1.8719616E+00    50
    47      1  1.0E+00     48 (0.0E+00) 9.1E-03  1.8717719E+00    50
    48      1  1.0E+00     49 (0.0E+00) 7.9E-03  1.8717101E+00    50
    49      1  1.0E+00     50 (0.0E+00) 1.1E-02  1.8716403E+00    50

 Major Minors     Step   nCon Feasible  Optimal  MeritFunction    nS Penalty
    50      1  1.0E+00     51 (0.0E+00) 1.4E-02  1.8714799E+00    50
    51      1  1.0E+00     52 (0.0E+00) 1.5E-02  1.8711923E+00    50
    52      1  1.0E+00     53 (0.0E+00) 1.5E-02  1.8708358E+00    50
    53      1  1.0E+00     54 (0.0E+00) 8.6E-03  1.8706195E+00    50
    54      1  1.0E+00     55 (0.0E+00) 6.4E-03  1.8705610E+00    50
    55      1  1.0E+00     56 (0.0E+00) 6.1E-03  1.8705437E+00    50
    56      1  1.0E+00     57 (0.0E+00) 6.9E-03  1.8705162E+00    50
    57      1  1.0E+00     58 (0.0E+00) 8.2E-03  1.8704517E+00    50
    58      1  1.0E+00     59 (0.0E+00) 8.4E-03  1.8703259E+00    50
    59      1  1.0E+00     60 (0.0E+00) 7.4E-03  1.8701496E+00    50

 Major Minors     Step   nCon Feasible  Optimal  MeritFunction    nS Penalty
    60      1  1.0E+00     61 (0.0E+00) 6.4E-03  1.8700154E+00    50
    61      1  1.0E+00     62 (0.0E+00) 5.7E-03  1.8699658E+00    50
    62      1  1.0E+00     63 (0.0E+00) 7.2E-03  1.8699482E+00    50
    63      1  1.0E+00     64 (0.0E+00) 8.0E-03  1.8699254E+00    50
    64      1  1.0E+00     65 (0.0E+00) 8.2E-03  1.8698785E+00    50
    65      1  1.0E+00     66 (0.0E+00) 6.5E-03  1.8698102E+00    50
    66      1  1.0E+00     67 (0.0E+00) 3.1E-03  1.8697538E+00    50
    67      1  1.0E+00     68 (0.0E+00) 1.9E-03  1.8697346E+00    50
    68      1  1.0E+00     69 (0.0E+00) 1.4E-03  1.8697316E+00    50
    69      1  1.0E+00     70 (0.0E+00) 1.3E-03  1.8697304E+00    50

 Major Minors     Step   nCon Feasible  Optimal  MeritFunction    nS Penalty
    70      1  1.0E+00     71 (0.0E+00) 1.3E-03  1.8697273E+00    50
    71      1  1.0E+00     72 (0.0E+00) 1.5E-03  1.8697213E+00    50
    72      1  1.0E+00     73 (0.0E+00) 2.1E-03  1.8697112E+00    50
    73      1  1.0E+00     74 (0.0E+00) 2.3E-03  1.8697015E+00    50
    74      1  1.0E+00     75 (0.0E+00) 2.1E-03  1.8696964E+00    50
    75      1  1.0E+00     76 (0.0E+00) 2.0E-03  1.8696941E+00    50
    76      1  1.0E+00     77 (0.0E+00) 2.2E-03  1.8696916E+00    50
    77      1  1.0E+00     78 (0.0E+00) 2.2E-03  1.8696857E+00    50
    78      1  1.0E+00     79 (0.0E+00) 2.0E-03  1.8696746E+00    50
    79      1  1.0E+00     80 (0.0E+00) 1.8E-03  1.8696592E+00    50

 Major Minors     Step   nCon Feasible  Optimal  MeritFunction    nS Penalty
    80      1  1.0E+00     81 (0.0E+00) 1.3E-03  1.8696482E+00    50
    81      1  1.0E+00     82 (0.0E+00) 5.3E-04  1.8696452E+00    50
    82      1  1.0E+00     83 (0.0E+00) 4.5E-04  1.8696448E+00    50
    83      1  1.0E+00     84 (0.0E+00) 4.8E-04  1.8696447E+00    50
    84      1  1.0E+00     85 (0.0E+00) 4.9E-04  1.8696444E+00    50
    85      1  1.0E+00     86 (0.0E+00) 4.6E-04  1.8696439E+00    50
    86      1  1.0E+00     87 (0.0E+00) 5.5E-04  1.8696429E+00    50
    87      1  1.0E+00     88 (0.0E+00) 7.7E-04  1.8696418E+00    50
    88      1  1.0E+00     89 (0.0E+00) 7.3E-04  1.8696412E+00    50
    89      1  1.0E+00     90 (0.0E+00) 6.0E-04  1.8696410E+00    50

 Major Minors     Step   nCon Feasible  Optimal  MeritFunction    nS Penalty
    90      1  1.0E+00     91 (0.0E+00) 5.7E-04  1.8696408E+00    50
    91      1  1.0E+00     92 (0.0E+00) 5.8E-04  1.8696405E+00    50
    92      1  1.0E+00     93 (0.0E+00) 5.3E-04  1.8696398E+00    50
    93      1  1.0E+00     94 (0.0E+00) 3.7E-04  1.8696388E+00    50
    94      1  1.0E+00     95 (0.0E+00) 3.6E-04  1.8696379E+00    50
    95      1  1.0E+00     96 (0.0E+00) 2.3E-04  1.8696376E+00    50
    96      1  1.0E+00     97 (0.0E+00) 1.5E-04  1.8696376E+00    50
    97      1  1.0E+00     98 (0.0E+00) 1.3E-04  1.8696376E+00    50
    98      1  1.0E+00     99 (0.0E+00) 1.2E-04  1.8696376E+00    50
    99      1  1.0E+00    100 (0.0E+00) 1.6E-04  1.8696376E+00    50

 Major Minors     Step   nCon Feasible  Optimal  MeritFunction    nS Penalty
   100      1  1.0E+00    101 (0.0E+00) 2.1E-04  1.8696375E+00    50
   101      1  1.0E+00    102 (0.0E+00) 2.4E-04  1.8696373E+00    50
   102      1  1.0E+00    103 (0.0E+00) 2.0E-04  1.8696372E+00    50
   103      1  1.0E+00    104 (0.0E+00) 1.5E-04  1.8696372E+00    50
   104      1  1.0E+00    105 (0.0E+00) 1.4E-04  1.8696371E+00    50
   105      1  1.0E+00    106 (0.0E+00) 1.3E-04  1.8696371E+00    50
   106      1  1.0E+00    107 (0.0E+00) 1.4E-04  1.8696371E+00    50
   107      1  1.0E+00    108 (0.0E+00) 1.5E-04  1.8696370E+00    50
   108      1  1.0E+00    109 (0.0E+00) 1.0E-04  1.8696370E+00    50
   109      1  1.0E+00    110 (0.0E+00) 4.1E-05  1.8696370E+00    50

 Major Minors     Step   nCon Feasible  Optimal  MeritFunction    nS Penalty
   110      1  1.0E+00    111 (0.0E+00) 3.4E-05  1.8696370E+00    50
   111      1  1.0E+00    112 (0.0E+00) 2.9E-05  1.8696370E+00    50
   112      1  1.0E+00    113 (0.0E+00) 2.6E-05  1.8696370E+00    50
   113      1  1.0E+00    114 (0.0E+00) 2.9E-05  1.8696370E+00    50
   114      1  1.0E+00    115 (0.0E+00) 3.4E-05  1.8696370E+00    50
   115      1  1.0E+00    116 (0.0E+00) 4.1E-05  1.8696369E+00    50
   116      1  1.0E+00    117 (0.0E+00) 4.1E-05  1.8696369E+00    50
   117      1  1.0E+00    118 (0.0E+00) 4.5E-05  1.8696369E+00    50
   118      1  1.0E+00    119 (0.0E+00) 4.4E-05  1.8696369E+00    50
   119      1  1.0E+00    120 (0.0E+00) 4.0E-05  1.8696369E+00    50

 Major Minors     Step   nCon Feasible  Optimal  MeritFunction    nS Penalty
   120      1  1.0E+00    121 (0.0E+00) 3.6E-05  1.8696369E+00    50
   121      1  1.0E+00    122 (0.0E+00) 2.6E-05  1.8696369E+00    50
   122      1  1.0E+00    123 (0.0E+00) 2.1E-05  1.8696369E+00    50
   123      1  1.0E+00    124 (0.0E+00) 1.2E-05  1.8696369E+00    50
   124      1  1.0E+00    125 (0.0E+00) 6.7E-06  1.8696369E+00    50
   125      1  1.0E+00    126 (0.0E+00) 5.1E-06  1.8696369E+00    50
   125      2  1.0E+00    126 (0.0E+00) 3.0E-05  1.8696369E+00    50               c
   126      1  1.0E+00    127 (0.0E+00) 1.3E-05  1.8696369E+00    50               c
   127      1  1.0E+00    128 (0.0E+00) 4.7E-06  1.8696369E+00    50               c
   128      1  1.0E+00    129 (0.0E+00) 4.6E-06  1.8696369E+00    50               c
   129      1  1.0E+00    130 (0.0E+00) 7.8E-06  1.8696369E+00    50               c

 Major Minors     Step   nCon Feasible  Optimal  MeritFunction    nS Penalty
   130      1  1.0E+00    131 (0.0E+00) 1.1E-05  1.8696369E+00    50               c
   131      1  1.0E+00    132 (0.0E+00) 1.3E-05  1.8696369E+00    50               c
   132      1  1.0E+00    133 (0.0E+00) 1.1E-05  1.8696369E+00    50               c
   133      1  1.0E+00    134 (0.0E+00) 7.9E-06  1.8696369E+00    50               c
   134      1  1.0E+00    135 (0.0E+00) 8.4E-06  1.8696369E+00    50               c
   135      1  1.0E+00    136 (0.0E+00) 9.7E-06  1.8696369E+00    50               c
   136      1  1.0E+00    137 (0.0E+00) 1.1E-05  1.8696369E+00    50               c
   137      1  1.0E+00    138 (0.0E+00) 1.4E-05  1.8696369E+00    50               c
   138      1  1.0E+00    139 (0.0E+00) 1.1E-05  1.8696369E+00    50               c
   139      1  1.0E+00    140 (0.0E+00) 4.7E-06  1.8696369E+00    50               c

 Major Minors     Step   nCon Feasible  Optimal  MeritFunction    nS Penalty
   140      1  1.0E+00    141 (0.0E+00)(9.7E-07) 1.8696369E+00    50               c
 
 SNOPTA EXIT   0 -- finished successfully
 SNOPTA INFO   1 -- optimality conditions satisfied

 Problem name
 No. of iterations                 191   Objective value      1.8696369088E+00
 No. of major iterations           140   Linear objective     0.0000000000E+00
 Penalty parameter           0.000E+00   Nonlinear objective  1.8696369088E+00
 No. of calls to funobj           8500   No. of calls to funcon           8500
 Calls with modes 1,2 (known g)    141   Calls with modes 1,2 (known g)    141
 Calls for forward differencing   6552   Calls for forward differencing   6552
 Calls for central differencing   1664   Calls for central differencing   1664
 No. of superbasics                 50   No. of basic nonlinears             0
 No. of degenerate steps             0   Percentage                        .00
 Max x       (scaled)       28 1.1E+00   Max pi      (scaled)        1 0.0E+00
 Max x                      28 1.1E+00   Max pi                      1 0.0E+00
 Max Prim inf(scaled)        0 0.0E+00   Max Dual inf(scaled)        1 1.9E-06
 Max Primal infeas           0 0.0E+00   Max Dual infeas             1 1.9E-06
 Nonlinear constraint violn    0.0E+00

 Solution not printed
