
 
 ===>  WARNING - variable      103 has no Jacobian entries.
 ===>  WARNING - variable      104 has no Jacobian entries.
 ===>  WARNING - variable      105 has no Jacobian entries.
 

 Nonlinear constraints       3     Linear constraints       0
 Nonlinear variables       102     Linear variables         3
 Jacobian  variables       102     Objective variables    102
 Total constraints           3     Total variables        105
 

 
 The user has defined       0   out of     408   first  derivatives
 

        Minor   QPmult   nInf   SumInf   rgNorm    QPobjective    nS
          100 -4.0E-02                          -2.0079010E+02    26

 Major Minors     Step   nCon Feasible  Optimal  MeritFunction    nS Penalty
     0    100               1 (0.0E+00) 6.5E+00  3.8590000E+02    26           r
     1      5  2.0E-01      2 (0.0E+00) 5.2E+00  2.4326355E+02    22         n rl
     2     42  2.4E-01      3 (0.0E+00) 3.9E+00  1.3625028E+02    63         s  l
     3     69  3.3E-01      4 (0.0E+00) 5.5E+00  8.4713489E+01    41
     4     97  1.0E+00      5 (0.0E+00) 2.3E+01  3.8032485E+01    91
     5      3  1.0E+00      6 (0.0E+00) 5.2E+00  6.1831276E+00    93
     6      3  1.0E+00      7 (0.0E+00) 6.1E-02  3.3353706E+00    91
     7      3  1.0E+00      8 (0.0E+00) 2.4E-01  3.2383798E+00    89
     8     10  1.0E+00      9 (0.0E+00) 2.9E-01  3.1430554E+00    80
     9      5  1.0E+00     10 (0.0E+00) 2.0E-01  3.0459512E+00    78

 Major Minors     Step   nCon Feasible  Optimal  MeritFunction    nS Penalty
    10      4  1.0E+00     11 (0.0E+00) 7.1E-02  2.9979941E+00    75
    11      3  1.0E+00     12 (0.0E+00) 1.7E-02  2.9704507E+00    73
    12      2  1.0E+00     13 (0.0E+00) 1.6E-02  2.9534375E+00    72           R
    13     10  1.0E+00     14 (0.0E+00) 1.9E-01  2.9509060E+00    81         s
    14      5  1.0E+00     15 (0.0E+00) 9.7E-02  2.9405715E+00    79
    15      6  1.0E+00     16 (0.0E+00) 6.6E-02  2.9335933E+00    74
    16      1  1.0E+00     17 (0.0E+00) 4.1E-02  2.9096911E+00    74
    17      3  1.0E+00     18 (0.0E+00) 5.7E-02  2.8928218E+00    72
    18      5  1.0E+00     19 (0.0E+00) 5.5E-02  2.8801042E+00    72
    19      1  1.0E+00     20 (0.0E+00) 3.4E-02  2.8730201E+00    72

 Major Minors     Step   nCon Feasible  Optimal  MeritFunction    nS Penalty
    20      2  1.0E+00     21 (0.0E+00) 1.6E-02  2.8658139E+00    71
    21      2  1.0E+00     22 (0.0E+00) 1.8E-02  2.8641655E+00    70
    22      4  1.0E+00     23 (0.0E+00) 3.0E-02  2.8599218E+00    69
    23      1  1.0E+00     24 (0.0E+00) 3.4E-02  2.8568919E+00    69           R
    24      4  1.0E+00     25 (0.0E+00) 2.1E-02  2.8560255E+00    72         s
    25      2  1.0E+00     26 (0.0E+00) 3.1E-02  2.8531898E+00    71
    26      2  1.0E+00     27 (0.0E+00) 2.1E-02  2.8512306E+00    70
    27      1  1.0E+00     28 (0.0E+00) 3.3E-02  2.8482240E+00    70
    28      3  1.0E+00     29 (0.0E+00) 3.5E-02  2.8449597E+00    70
    29      2  1.0E+00     30 (0.0E+00) 1.9E-02  2.8427564E+00    69

 Major Minors     Step   nCon Feasible  Optimal  MeritFunction    nS Penalty
    30      3  1.0E+00     31 (0.0E+00) 8.2E-03  2.8420565E+00    69
    31      1  1.0E+00     32 (0.0E+00) 2.2E-02  2.8412002E+00    69
    32      1  1.0E+00     33 (0.0E+00) 3.2E-02  2.8401819E+00    69
    33      1  1.0E+00     34 (0.0E+00) 3.6E-02  2.8382040E+00    69
    34      5  1.0E+00     35 (0.0E+00) 2.8E-02  2.8363055E+00    73           R
    35      3  2.2E-01     36 (0.0E+00) 2.2E-02  2.8360132E+00    71         s
    36      2  1.0E+00     37 (0.0E+00) 2.0E-02  2.8358641E+00    70
    37      1  1.0E+00     38 (0.0E+00) 1.1E-02  2.8349700E+00    70
    38      1  1.0E+00     39 (0.0E+00) 8.7E-03  2.8347042E+00    70
    39      1  1.0E+00     40 (0.0E+00) 1.4E-02  2.8346004E+00    70

 Major Minors     Step   nCon Feasible  Optimal  MeritFunction    nS Penalty
    40      1  1.0E+00     41 (0.0E+00) 3.4E-02  2.8339835E+00    70
    41      1  1.0E+00     42 (0.0E+00) 4.0E-02  2.8332747E+00    70
    42      2  1.0E+00     43 (0.0E+00) 2.7E-02  2.8325305E+00    69
    43      1  1.0E+00     44 (0.0E+00) 5.1E-03  2.8322300E+00    69
    44      1  1.0E+00     45 (0.0E+00) 5.5E-03  2.8321237E+00    69
    45      1  1.0E+00     46 (0.0E+00) 9.2E-03  2.8320414E+00    69           R
    46      3  1.0E+00     47 (0.0E+00) 5.2E-03  2.8319996E+00    71         s
    47      2  1.0E+00     48 (0.0E+00) 1.7E-02  2.8317851E+00    70
    48      1  1.0E+00     49 (0.0E+00) 2.1E-02  2.8314499E+00    70
    49      1  1.0E+00     50 (0.0E+00) 1.7E-02  2.8312222E+00    70

 Major Minors     Step   nCon Feasible  Optimal  MeritFunction    nS Penalty
    50      1  1.0E+00     51 (0.0E+00) 6.3E-03  2.8308488E+00    70
    51      2  1.0E+00     52 (0.0E+00) 5.5E-03  2.8305764E+00    69
    52      1  1.0E+00     53 (0.0E+00) 1.2E-02  2.8302643E+00    69
    53      1  1.0E+00     54 (0.0E+00) 1.8E-02  2.8297811E+00    69
    54      1  1.0E+00     55 (0.0E+00) 1.9E-02  2.8291068E+00    69
    55      2  1.0E+00     56 (0.0E+00) 1.7E-02  2.8283280E+00    68
    56      1  1.0E+00     57 (0.0E+00) 1.0E-02  2.8278471E+00    68           R
    57      4  3.8E-01     58 (0.0E+00) 1.6E-02  2.8278002E+00    71         s
    58      2  1.0E+00     59 (0.0E+00) 1.1E-02  2.8277271E+00    70
    59      2  1.0E+00     60 (0.0E+00) 3.8E-03  2.8275760E+00    69

 Major Minors     Step   nCon Feasible  Optimal  MeritFunction    nS Penalty
    60      1  1.0E+00     61 (0.0E+00) 4.4E-03  2.8275490E+00    69
    61      1  1.0E+00     62 (0.0E+00) 3.6E-03  2.8274790E+00    69
    62      1  1.0E+00     63 (0.0E+00) 1.4E-03  2.8274580E+00    69
    63      2  1.0E+00     64 (0.0E+00) 1.6E-03  2.8274517E+00    68
    64      2  1.0E+00     65 (0.0E+00) 2.3E-03  2.8274443E+00    69
    65      1  1.0E+00     66 (0.0E+00) 2.7E-03  2.8274331E+00    69
    66      1  1.0E+00     67 (0.0E+00) 2.2E-03  2.8274227E+00    69
    67      1  1.0E+00     68 (0.0E+00) 2.1E-03  2.8274138E+00    69           R
    68      2  1.0E+00     69 (0.0E+00) 2.7E-03  2.8274103E+00    68         s
    69      2  2.0E-01     70 (0.0E+00) 5.1E-03  2.8274033E+00    69

 Major Minors     Step   nCon Feasible  Optimal  MeritFunction    nS Penalty
    70      2  1.0E+00     71 (0.0E+00) 9.2E-04  2.8273940E+00    68
    71      1  1.0E+00     72 (0.0E+00) 1.4E-03  2.8273880E+00    68
    72      1  1.0E+00     73 (0.0E+00) 1.8E-03  2.8273588E+00    68
    73      1  1.0E+00     74 (0.0E+00) 1.0E-03  2.8273492E+00    68
    74      1  1.0E+00     75 (0.0E+00) 8.8E-04  2.8273431E+00    68
    75      1  1.0E+00     76 (0.0E+00) 1.3E-03  2.8273361E+00    68
    76      1  1.0E+00     77 (0.0E+00) 1.3E-03  2.8273321E+00    68
    77      1  1.0E+00     78 (0.0E+00) 5.5E-04  2.8273304E+00    68
    78      1  1.0E+00     79 (0.0E+00) 5.9E-04  2.8273298E+00    68           R
    79      1  1.0E+00     80 (0.0E+00) 1.4E-03  2.8273297E+00    68         s

 Major Minors     Step   nCon Feasible  Optimal  MeritFunction    nS Penalty
    80      1  1.0E+00     81 (0.0E+00) 4.0E-04  2.8273289E+00    68
    81      1  1.0E+00     82 (0.0E+00) 4.8E-04  2.8273285E+00    68
    82      1  1.0E+00     83 (0.0E+00) 4.2E-04  2.8273282E+00    68
    83      1  1.0E+00     84 (0.0E+00) 1.8E-04  2.8273280E+00    68
    84      1  1.0E+00     85 (0.0E+00) 1.2E-04  2.8273277E+00    68
    85      1  1.0E+00     86 (0.0E+00) 1.8E-04  2.8273275E+00    68
    86      1  1.0E+00     87 (0.0E+00) 1.4E-04  2.8273274E+00    68
    87      1  1.0E+00     88 (0.0E+00) 1.2E-04  2.8273273E+00    68
    88      1  1.0E+00     89 (0.0E+00) 1.4E-04  2.8273273E+00    68
    89      1  1.0E+00     90 (0.0E+00) 1.7E-04  2.8273272E+00    68           R

 Major Minors     Step   nCon Feasible  Optimal  MeritFunction    nS Penalty
    90      1  1.0E+00     91 (0.0E+00) 2.0E-04  2.8273272E+00    68         s
    91      1  1.0E+00     92 (0.0E+00) 5.3E-05  2.8273272E+00    68
    92      1  1.0E+00     93 (0.0E+00) 5.7E-05  2.8273271E+00    68
    93      1  1.0E+00     94 (0.0E+00) 6.8E-05  2.8273271E+00    68
    94      1  1.0E+00     95 (0.0E+00) 6.5E-05  2.8273271E+00    68
    95      1  1.0E+00     96 (0.0E+00) 4.1E-05  2.8273270E+00    68
    96      1  1.0E+00     97 (0.0E+00) 2.8E-05  2.8273270E+00    68
    97      1  1.0E+00     98 (0.0E+00) 2.9E-05  2.8273270E+00    68
    98      1  1.0E+00     99 (0.0E+00) 3.6E-05  2.8273270E+00    68
    99      1  1.0E+00    100 (0.0E+00) 4.2E-05  2.8273270E+00    68

 Major Minors     Step   nCon Feasible  Optimal  MeritFunction    nS Penalty
   100      1  1.0E+00    101 (0.0E+00) 7.6E-05  2.8273270E+00    68           R
   101      1  1.0E+00    102 (0.0E+00) 6.0E-05  2.8273270E+00    68         s
   102      1  2.4E-01    103 (0.0E+00) 1.1E-04  2.8273270E+00    68
   103      1  1.0E+00    104 (0.0E+00) 4.6E-05  2.8273270E+00    68
   104      1  1.0E+00    105 (0.0E+00) 1.6E-05  2.8273270E+00    68
   105      1  1.0E+00    106 (0.0E+00) 2.4E-05  2.8273270E+00    68
   106      1  1.0E+00    107 (0.0E+00) 4.9E-05  2.8273270E+00    68
   107      1  1.0E+00    108 (0.0E+00) 4.7E-05  2.8273270E+00    68
   108      1  1.0E+00    109 (0.0E+00) 3.0E-05  2.8273270E+00    68
   109      1  1.0E+00    110 (0.0E+00) 1.8E-05  2.8273270E+00    68

 Major Minors     Step   nCon Feasible  Optimal  MeritFunction    nS Penalty
   110      1  1.0E+00    111 (0.0E+00) 1.7E-05  2.8273269E+00    68
   111      1  1.0E+00    112 (0.0E+00) 1.3E-05  2.8273269E+00    68           R
   112      1  2.1E-01    113 (0.0E+00) 4.4E-05  2.8273269E+00    68         s
   112      2  1.0E+00    113 (0.0E+00) 4.7E-05  2.8273269E+00    68         s     c
   113      1  1.0E+00    114 (0.0E+00) 3.3E-05  2.8273269E+00    68
   114      1  1.0E+00    115 (0.0E+00) 2.0E-05  2.8273269E+00    68
   114      2  1.0E+00    115 (0.0E+00) 1.9E-05  2.8273269E+00    68               c
   115      1  1.0E+00    116 (0.0E+00) 1.8E-05  2.8273269E+00    68               c
   116      1  1.0E+00    117 (0.0E+00) 2.7E-05  2.8273269E+00    68
   117      1  1.0E+00    118 (0.0E+00) 2.6E-05  2.8273269E+00    68
   118      1  1.0E+00    119 (0.0E+00) 9.9E-06  2.8273269E+00    68
   118      2  1.0E+00    119 (0.0E+00) 8.8E-06  2.8273269E+00    68               c
   119      1  1.0E+00    120 (0.0E+00) 1.0E-05  2.8273269E+00    68               c

 Major Minors     Step   nCon Feasible  Optimal  MeritFunction    nS Penalty
   120      1  1.0E+00    121 (0.0E+00) 1.8E-05  2.8273269E+00    68               c
   121      1  1.0E+00    122 (0.0E+00) 1.6E-05  2.8273269E+00    68               c
   122      1  1.0E+00    123 (0.0E+00) 1.1E-05  2.8273269E+00    68           R   c
   123      1  1.0E+00    124 (0.0E+00) 1.1E-05  2.8273269E+00    68         s     c
   124      1  2.1E-01    125 (0.0E+00) 2.0E-05  2.8273269E+00    68               c
   125      1  1.0E+00    126 (0.0E+00) 2.1E-05  2.8273269E+00    68
   125      1  1.0E+00    126 (0.0E+00) 2.1E-05  2.8273269E+00    68               c
   126      1  1.0E+00    127 (0.0E+00) 1.3E-05  2.8273269E+00    68               c
   127      1  1.0E+00    128 (0.0E+00) 1.2E-05  2.8273269E+00    68               c
   128      1  1.0E+00    129 (0.0E+00) 1.2E-05  2.8273269E+00    68               c
   129      1  1.0E+00    130 (0.0E+00) 8.8E-06  2.8273269E+00    68               c

 Major Minors     Step   nCon Feasible  Optimal  MeritFunction    nS Penalty
   130      1  1.0E+00    131 (0.0E+00) 5.7E-06  2.8273269E+00    68               c
   131      1  1.0E+00    132 (0.0E+00) 6.7E-06  2.8273269E+00    68               c
   132      1  1.0E+00    133 (0.0E+00) 9.7E-06  2.8273269E+00    68               c
   133      1  1.0E+00    134 (0.0E+00) 6.5E-06  2.8273269E+00    68           R   c
   134      1  1.0E+00    135 (0.0E+00) 9.7E-06  2.8273269E+00    68         s     c
   135      1  2.4E-01    136 (0.0E+00) 3.6E-06  2.8273269E+00    68               c
   136      1  1.0E+00    137 (0.0E+00)(1.3E-06) 2.8273269E+00    68               c
 
 SNOPTA EXIT   0 -- finished successfully
 SNOPTA INFO   1 -- optimality conditions satisfied

 Problem name
 No. of iterations                 535   Objective value      2.8273269354E+00
 No. of major iterations           136   Linear objective     0.0000000000E+00
 Penalty parameter           0.000E+00   Nonlinear objective  2.8273269354E+00
 No. of calls to funobj          17243   No. of calls to funcon          17243
 Calls with modes 1,2 (known g)    137   Calls with modes 1,2 (known g)    137
 Calls for forward differencing  11832   Calls for forward differencing  11832
 Calls for central differencing   5100   Calls for central differencing   5100
 No. of superbasics                 68   No. of basic nonlinears             0
 No. of degenerate steps             0   Percentage                        .00
 Max x       (scaled)        5 6.0E-01   Max pi      (scaled)        1 0.0E+00
 Max x                       5 6.0E-01   Max pi                      1 0.0E+00
 Max Prim inf(scaled)        0 0.0E+00   Max Dual inf(scaled)       23 6.6E-06
 Max Primal infeas           0 0.0E+00   Max Dual infeas            23 6.6E-06
 Nonlinear constraint violn    0.0E+00

 Solution not printed
