 

 Nonlinear constraints     606     Linear constraints       0
 Nonlinear variables      1005     Linear variables         0
 Jacobian  variables      1005     Objective variables   1005
 Total constraints         606     Total variables       1005
 

 
 The user has defined       0   out of  610035   first  derivatives
 

        Minor   QPmult   nInf   SumInf   rgNorm    QPobjective       cgItns
          100  4.8E+02                           3.9683333E+02
          200                           8.3E-15  2.6429818E+02    76

 Major Minors     Step   nCon Feasible  Optimal  MeritFunction    nS Penalty
     0    224               1 (3.5E-10) 4.3E-02  3.9683333E+02    99           r  T

        Minor   QPmult   nInf   SumInf   rgNorm    QPobjective    nS cgItns
          100 -1.2E-01                  1.5E-14  2.4080036E+02   196

 Major Minors     Step   nCon Feasible  Optimal  MeritFunction    nS Penalty
     1    101  7.7E-02      2  8.7E-06  4.7E-02  3.7654249E+02   197         n rl T

        Minor   QPmult   nInf   SumInf   rgNorm    QPobjective    nS cgItns
          100 -5.9E-02                  5.3E-14  1.0659017E+01   296

 Major Minors     Step   nCon Feasible  Optimal  MeritFunction    nS Penalty
     2    100  7.0E-02      3  2.1E-05  9.4E-02  3.5779749E+02   296         s  l T

        Minor   QPmult   nInf   SumInf   rgNorm    QPobjective    nS cgItns
          100  5.5E-04                  1.3E-14 -4.6634836E+01   394

 Major Minors     Step   nCon Feasible  Optimal  MeritFunction    nS Penalty
     3    101  1.0E+00      4  2.8E-02  3.4E-01 -1.1455280E+01   395
     4      5  1.5E-01      5  2.5E-02  1.7E-01 -9.3355732E+00   399 7.3E-01
     5      2  3.8E-01      6  1.6E-02  3.5E-02  3.4101631E+00   399 3.1E+00
     6      2  1.1E-01      7  1.5E-02  7.1E-02  1.8459658E+00   399 3.1E+00
     7      1  1.2E-01      8  1.4E-02  4.4E-01  1.6757532E+00   399 3.4E+00   R
     8      1  1.0E+00      9  1.0E-02  2.4E-01  1.0908473E+01   399 1.1E+01 s
     9      1  1.0E+00     10  2.2E-03  2.4E-01  4.8756984E+00   399 1.1E+01

 Major Minors     Step   nCon Feasible  Optimal  MeritFunction    nS Penalty
    10      1  1.0E+00     11  2.3E-03  1.8E-01  4.5645866E+00   399 1.1E+01
    11      1  1.0E+00     12  7.3E-04  6.7E-02  3.1138316E+00   399 1.1E+01
    12      1  4.6E-01     13  2.7E-04  4.8E-02  2.4264308E+00   399 1.1E+01
    13      1  4.6E-01     14  1.8E-04  3.6E-02  2.1923490E+00   399 1.1E+01   R
    14      1  4.3E-01     15  1.2E-04  3.9E-02  2.1101363E+00   399 1.1E+01 s
    15      1  1.0E+00     16  1.6E-05  3.1E-02  2.0533046E+00   399 1.1E+01
    16      1  1.0E+00     17  2.2E-04  2.6E-02  1.9250524E+00   399 1.1E+01
    17      1  1.0E+00     18  1.6E-04  1.1E-02  1.8499773E+00   399 1.1E+01
    18      1  1.0E+00     19  5.7E-05  9.2E-03  1.8102178E+00   399 1.1E+01
    19      1  1.0E+00     20  7.1E-06  1.4E-02  1.7935632E+00   399 1.1E+01   R

 Major Minors     Step   nCon Feasible  Optimal  MeritFunction    nS Penalty
    20      1  1.0E+00     21 (8.9E-07) 8.5E-03  1.7854331E+00   399 1.1E+01 s
    21      1  1.0E+00     22  4.0E-05  7.0E-03  1.7589406E+00   399 1.1E+01
    22      1  1.0E+00     23  1.4E-05  1.4E-02  1.7570860E+00   399 1.1E+01
    23      1  1.0E+00     24  2.1E-06  6.6E-03  1.7470010E+00   399 1.1E+01
    24      1  1.0E+00     25  7.9E-06  5.4E-03  1.7414828E+00   399 1.1E+01
    25      1  1.0E+00     26  3.4E-06  4.2E-03  1.7352128E+00   399 1.1E+01   R
    26      1  4.6E-01     27  2.2E-06  3.1E-03  1.7315109E+00   399 1.1E+01 s
    27      1  1.0E+00     28 (1.0E-07) 3.1E-03  1.7305121E+00   399 1.1E+01
    28      1  1.0E+00     29 (8.6E-07) 2.9E-03  1.7284969E+00   399 1.1E+01
    29      1  1.0E+00     30  5.5E-06  2.3E-03  1.7247920E+00   399 1.1E+01

 Major Minors     Step   nCon Feasible  Optimal  MeritFunction    nS Penalty
    30      1  1.0E+00     31  4.0E-06  2.2E-03  1.7223431E+00   399 1.1E+01
    31      1  1.0E+00     32  1.5E-06  2.9E-03  1.7209375E+00   399 1.1E+01   R
    32      1  1.0E+00     33 (4.8E-08) 2.1E-03  1.7204172E+00   399 1.1E+01 s
    33      1  1.0E+00     34  2.1E-06  2.9E-03  1.7200673E+00   399 1.1E+01
    34      1  1.0E+00     35 (3.0E-07) 1.1E-03  1.7189321E+00   399 1.1E+01
    35      1  4.4E-01     36 (2.1E-07) 9.9E-04  1.7186893E+00   399 1.1E+01
    36      1  1.0E+00     37 (1.2E-07) 9.5E-04  1.7186113E+00   399 1.1E+01
    37      1  1.0E+00     38 (1.6E-07) 8.2E-04  1.7184362E+00   399 1.1E+01   R
    38      1  3.9E-01     39 (8.4E-08) 6.6E-04  1.7182948E+00   399 1.1E+01 s
    39      1  1.0E+00     40 (8.4E-09) 6.4E-04  1.7182584E+00   399 1.1E+01

 Major Minors     Step   nCon Feasible  Optimal  MeritFunction    nS Penalty
    40      1  1.0E+00     41 (5.9E-08) 5.8E-04  1.7181832E+00   399 1.1E+01
    41      1  1.0E+00     42 (2.5E-07) 4.1E-04  1.7180428E+00   399 1.1E+01
    42      1  1.0E+00     43 (3.0E-07) 3.4E-04  1.7178860E+00   399 1.1E+01
    43      1  1.0E+00     44 (8.3E-08) 4.0E-04  1.7177816E+00   399 1.1E+01   R
    44      1  1.0E+00     45 (8.8E-09) 2.8E-04  1.7177491E+00   399 1.1E+01 s
    45      1  1.0E+00     46 (5.2E-08) 2.3E-04  1.7177178E+00   399 1.1E+01
    46      1  1.0E+00     47 (3.0E-08) 1.5E-04  1.7176996E+00   399 1.1E+01
    47      1  1.0E+00     48 (1.5E-08) 1.9E-04  1.7176859E+00   399 1.1E+01
    48      1  1.0E+00     49 (1.1E-08) 1.1E-04  1.7176763E+00   399 1.1E+01
    49      1  1.0E+00     50 (4.3E-08) 1.9E-04  1.7176646E+00   399 1.1E+01   R

 Major Minors     Step   nCon Feasible  Optimal  MeritFunction    nS Penalty
    50      1  1.0E+00     51 (2.0E-09) 1.2E-04  1.7176567E+00   399 1.1E+01 s
    51      1  1.0E+00     52 (6.8E-09) 1.2E-04  1.7176464E+00   399 1.1E+01
    52      1  1.0E+00     53 (8.5E-09) 1.4E-04  1.7176364E+00   399 1.1E+01
    53      1  1.0E+00     54 (4.3E-08) 1.7E-04  1.7176262E+00   399 1.1E+01
    54      1  1.0E+00     55 (2.8E-08) 9.6E-05  1.7176159E+00   399 1.1E+01
    55      1  1.0E+00     56 (7.3E-08) 2.2E-04  1.7175954E+00   399 1.1E+01   R
    56      1  1.0E+00     57 (9.7E-09) 1.3E-04  1.7175842E+00   399 1.1E+01 s
    57      1  1.0E+00     58 (1.2E-08) 1.3E-04  1.7175768E+00   399 1.1E+01
    58      1  1.0E+00     59 (1.8E-09) 1.0E-04  1.7175723E+00   399 1.1E+01
    59      1  1.0E+00     60 (1.0E-08) 6.6E-05  1.7175674E+00   399 1.1E+01

 Major Minors     Step   nCon Feasible  Optimal  MeritFunction    nS Penalty
    60      1  1.0E+00     61 (5.6E-09) 6.7E-05  1.7175647E+00   399 1.1E+01
    61      1  1.0E+00     62 (7.7E-09) 1.1E-04  1.7175614E+00   399 1.1E+01   R
    62      1  1.0E+00     63 (1.6E-09) 6.4E-05  1.7175588E+00   399 1.1E+01 s
    63      1  1.0E+00     64 (9.0E-09) 9.2E-05  1.7175546E+00   399 1.1E+01
    64      1  1.0E+00     65 (5.1E-09) 9.7E-05  1.7175513E+00   399 1.1E+01
    65      1  1.0E+00     66 (2.0E-08) 7.6E-05  1.7175475E+00   399 1.1E+01
    66      1  1.0E+00     67 (3.1E-08) 1.1E-04  1.7175429E+00   399 1.1E+01
    67      1  1.0E+00     68 (1.9E-09) 1.2E-04  1.7175353E+00   399 1.1E+01   R
    68      1  1.0E+00     69 (5.5E-09) 8.6E-05  1.7175325E+00   399 1.1E+01 s
    69      1  1.0E+00     70 (6.2E-10) 6.7E-05  1.7175296E+00   399 1.1E+01

 Major Minors     Step   nCon Feasible  Optimal  MeritFunction    nS Penalty
    70      1  1.0E+00     71 (5.9E-10) 6.4E-05  1.7175281E+00   399 1.1E+01
    71      1  1.0E+00     72 (3.7E-09) 6.2E-05  1.7175261E+00   399 1.1E+01
    72      1  1.0E+00     73 (5.6E-09) 5.6E-05  1.7175239E+00   399 1.1E+01
    73      1  1.0E+00     74 (1.5E-09) 8.0E-05  1.7175222E+00   399 1.1E+01   R
    74      1  1.0E+00     75 (2.1E-10) 7.9E-05  1.7175210E+00   399 1.1E+01 s
    75      1  1.0E+00     76 (3.9E-09) 4.1E-05  1.7175174E+00   399 1.1E+01
    76      1  1.0E+00     77 (9.6E-09) 7.6E-05  1.7175172E+00   399 1.1E+01
    77      1  1.0E+00     78 (4.3E-09) 7.2E-05  1.7175153E+00   399 1.1E+01
    78      1  1.0E+00     79 (1.5E-08) 7.7E-05  1.7175135E+00   399 1.1E+01
    79      1  1.0E+00     80 (2.8E-08) 1.0E-04  1.7175099E+00   399 1.1E+01   R

 Major Minors     Step   nCon Feasible  Optimal  MeritFunction    nS Penalty
    80      1  4.2E-01     81 (1.5E-08) 2.9E-05  1.7175083E+00   399 1.1E+01 s
    81      1  1.0E+00     82 (3.5E-10) 2.8E-05  1.7175081E+00   399 1.1E+01
    82      1  1.0E+00     83 (1.5E-10) 4.4E-05  1.7175077E+00   399 1.1E+01
    83      1  1.0E+00     84 (1.0E-08) 4.1E-05  1.7175067E+00   399 1.1E+01
    84      1  1.0E+00     85 (9.2E-09) 4.3E-05  1.7175059E+00   399 1.1E+01
    85      1  1.0E+00     86 (6.1E-09) 6.8E-05  1.7175052E+00   399 1.1E+01   R
    86      1  1.0E+00     87 (2.2E-10) 5.5E-05  1.7175048E+00   399 1.1E+01 s
    87      1  4.5E-01     88 (6.9E-09) 5.1E-05  1.7175038E+00   399 1.1E+01
    88      1  4.2E-01     89 (4.4E-09) 2.0E-05  1.7175033E+00   399 1.1E+01
    89      1  3.7E-01     90 (1.4E-09) 1.9E-05  1.7175031E+00   399 1.1E+01

 Major Minors     Step   nCon Feasible  Optimal  MeritFunction    nS Penalty
    90      1  1.0E+00     91 (3.8E-09) 3.6E-05  1.7175027E+00   399 1.1E+01
    91      1  1.0E+00     92 (1.6E-08) 7.9E-05  1.7175018E+00   399 1.1E+01   R
    92      1  3.2E-01     93 (1.1E-08) 3.9E-05  1.7175009E+00   399 1.1E+01 s
    93      1  1.0E+00     94 (1.1E-10) 3.5E-05  1.7175006E+00   399 1.1E+01
    94      1  1.0E+00     95 (2.0E-10) 3.1E-05  1.7175005E+00   399 1.1E+01
    95      1  1.0E+00     96 (1.6E-09) 3.5E-05  1.7175002E+00   399 1.1E+01
    96      1  1.0E+00     97 (2.6E-10) 4.5E-05  1.7174999E+00   399 1.1E+01
    97      1  1.0E+00     98 (1.9E-09) 8.0E-05  1.7174996E+00   399 1.1E+01   R
    98      1  1.0E+00     99 (1.1E-10) 3.8E-05  1.7174993E+00   399 1.1E+01 s
    99      1  1.0E+00    100 (1.0E-09) 3.6E-05  1.7174990E+00   399 1.1E+01

 Major Minors     Step   nCon Feasible  Optimal  MeritFunction    nS Penalty
   100      1  1.0E+00    101 (1.0E-09) 3.5E-05  1.7174987E+00   399 1.1E+01
   101      1  1.0E+00    102 (1.4E-09) 3.3E-05  1.7174984E+00   399 1.1E+01
   102      1  1.0E+00    103 (3.2E-09) 7.4E-05  1.7174979E+00   399 1.1E+01
   103      1  1.0E+00    104 (1.5E-08) 9.2E-05  1.7174973E+00   399 1.1E+01   R
   104      1  1.0E+00    105 (5.1E-10) 5.7E-05  1.7174969E+00   399 1.1E+01 s
   105      1  1.0E+00    106 (2.2E-10) 4.6E-05  1.7174964E+00   399 1.1E+01
   106      1  1.0E+00    107 (9.0E-10) 3.1E-05  1.7174961E+00   399 1.1E+01
   107      1  1.0E+00    108 (1.9E-09) 2.6E-05  1.7174958E+00   399 1.1E+01
   108      1  1.0E+00    109 (2.2E-09) 3.8E-05  1.7174956E+00   399 1.1E+01
   109      1  1.0E+00    110 (2.1E-10) 6.0E-05  1.7174952E+00   399 1.1E+01   R

 Major Minors     Step   nCon Feasible  Optimal  MeritFunction    nS Penalty
   110      1  1.0E+00    111 (4.8E-10) 2.8E-05  1.7174950E+00   399 1.1E+01 s
   111      1  1.0E+00    112 (1.8E-08) 3.7E-05  1.7174945E+00   399 1.1E+01
   112      1  1.0E+00    113 (5.5E-09) 4.9E-05  1.7174942E+00   399 1.1E+01
   113      1  1.0E+00    114 (8.0E-09) 5.0E-05  1.7174939E+00   399 1.1E+01
   114      1  1.0E+00    115 (3.1E-09) 5.6E-05  1.7174933E+00   399 1.1E+01
   115      1  1.0E+00    116 (3.4E-08) 3.7E-05  1.7174922E+00   399 1.1E+01   R
   116      1  3.8E-01    117 (2.0E-08) 1.4E-05  1.7174917E+00   399 1.1E+01 s
   117      1  1.0E+00    118 (7.9E-10) 9.9E-06  1.7174916E+00   399 1.1E+01
   118      1  1.0E+00    119 (3.5E-09) 2.2E-05  1.7174914E+00   399 1.1E+01
   119      1  1.0E+00    120 (8.2E-09) 2.5E-05  1.7174910E+00   399 1.1E+01

 Major Minors     Step   nCon Feasible  Optimal  MeritFunction    nS Penalty
   120      1  1.0E+00    121 (2.0E-08) 3.1E-05  1.7174903E+00   399 1.1E+01
   121      1  1.0E+00    122 (4.8E-09) 4.9E-05  1.7174894E+00   399 1.1E+01   R
   122      1  1.0E+00    123 (1.9E-09) 3.0E-05  1.7174888E+00   399 1.1E+01 s
   123      1  1.0E+00    124 (1.6E-08) 3.0E-05  1.7174882E+00   399 1.1E+01
   124      1  1.0E+00    125 (1.1E-09) 2.5E-05  1.7174878E+00   399 1.1E+01
   125      1  1.0E+00    126 (7.8E-09) 2.5E-05  1.7174875E+00   399 1.1E+01
   126      1  1.0E+00    127 (6.0E-09) 1.8E-05  1.7174872E+00   399 1.1E+01
   127      1  1.0E+00    128 (2.1E-09) 1.8E-05  1.7174869E+00   399 1.1E+01   R
   128      1  1.0E+00    129 (1.9E-09) 2.0E-05  1.7174867E+00   399 1.1E+01 s
   129      1  1.0E+00    130 (1.7E-09) 3.0E-05  1.7174864E+00   399 1.1E+01

 Major Minors     Step   nCon Feasible  Optimal  MeritFunction    nS Penalty
   130      1  1.0E+00    131 (6.7E-09) 2.8E-05  1.7174860E+00   399 1.1E+01
   131      1  1.0E+00    132 (2.7E-09) 1.5E-05  1.7174858E+00   399 1.1E+01
   132      1  1.0E+00    133 (8.0E-09) 1.5E-05  1.7174855E+00   399 1.1E+01
   133      1  1.0E+00    134 (2.8E-08) 2.3E-05  1.7174850E+00   399 1.1E+01   R
   134      1  1.0E+00    135 (1.5E-09) 1.7E-05  1.7174848E+00   399 1.1E+01 s
   135      1  1.0E+00    136 (1.3E-08) 2.8E-05  1.7174843E+00   399 1.1E+01
   136      1  1.0E+00    137 (5.7E-09) 1.5E-05  1.7174841E+00   399 1.1E+01
   137      1  1.0E+00    138 (8.6E-09) 1.7E-05  1.7174840E+00   399 1.1E+01
   138      1  1.0E+00    139 (4.6E-10) 1.3E-05  1.7174839E+00   399 1.1E+01
   139      1  1.0E+00    140 (7.2E-09) 3.2E-05  1.7174836E+00   399 1.1E+01   R

 Major Minors     Step   nCon Feasible  Optimal  MeritFunction    nS Penalty
   140      1  4.7E-01    141 (3.8E-09) 1.0E-05  1.7174835E+00   399 1.1E+01 s
   141      1  1.0E+00    142 (9.5E-11) 8.0E-06  1.7174835E+00   399 1.1E+01
   142      1  1.0E+00    143 (7.3E-10) 2.5E-05  1.7174833E+00   399 1.1E+01
   143      1  1.0E+00    144 (5.3E-10) 3.3E-05  1.7174832E+00   399 1.1E+01
   144      1  1.0E+00    145 (9.2E-10) 2.8E-05  1.7174830E+00   399 1.1E+01
   145      1  1.0E+00    146 (2.8E-09) 3.7E-05  1.7174828E+00   399 1.1E+01   R
   146      1  1.0E+00    147 (1.1E-11) 1.4E-05  1.7174828E+00   399 1.1E+01 s
   147      1  1.0E+00    148 (4.8E-10) 4.4E-05  1.7174827E+00   399 1.1E+01
   148      1  1.0E+00    149 (1.1E-10) 1.6E-05  1.7174825E+00   399 1.1E+01
   149      1  4.1E-01    150 (4.4E-11) 1.1E-05  1.7174824E+00   399 1.1E+01

 Major Minors     Step   nCon Feasible  Optimal  MeritFunction    nS Penalty
   150      1  1.0E+00    151 (2.0E-10) 1.6E-05  1.7174824E+00   399 1.1E+01
   151      1  1.0E+00    152 (1.4E-09) 3.4E-05  1.7174823E+00   399 1.1E+01   R
   152      1  3.5E-01    153 (8.6E-10) 1.5E-05  1.7174821E+00   399 1.1E+01 s
   153      1  1.0E+00    154 (1.7E-11) 6.7E-06  1.7174821E+00   399 1.1E+01
   154      1  1.0E+00    155 (6.5E-11) 1.4E-05  1.7174820E+00   399 1.1E+01
   155      1  1.0E+00    156 (1.4E-10) 2.2E-05  1.7174820E+00   399 1.1E+01
   156      1  1.0E+00    157 (1.2E-10) 2.4E-05  1.7174819E+00   399 1.1E+01
   157      1  1.0E+00    158 (7.0E-11) 3.8E-05  1.7174818E+00   399 1.1E+01   R
   158      1  1.0E+00    159 (1.2E-11) 1.3E-05  1.7174817E+00   399 1.1E+01 s
   159      1  1.0E+00    160 (2.7E-10) 2.8E-05  1.7174816E+00   399 1.1E+01

 Major Minors     Step   nCon Feasible  Optimal  MeritFunction    nS Penalty
   160      1  1.0E+00    161 (9.4E-11) 3.0E-05  1.7174816E+00   399 1.1E+01
   161      1  1.0E+00    162 (2.0E-10) 1.5E-05  1.7174816E+00   399 1.1E+01
   162      1  1.0E+00    163 (1.4E-11) 8.9E-06  1.7174815E+00   399 1.1E+01
   163      1  1.0E+00    164 (1.4E-11) 1.6E-05  1.7174815E+00   399 1.1E+01   R
   164      1  3.5E-01    165 (1.1E-11) 4.4E-06  1.7174814E+00   399 1.1E+01 s
   165      1  1.0E+00    166 (5.4E-13) 3.3E-06  1.7174814E+00   399 1.1E+01
   166      1  1.0E+00    167 (3.3E-12) 8.3E-06  1.7174814E+00   399 1.1E+01
   167      1  1.0E+00    168 (3.7E-12) 1.1E-05  1.7174814E+00   399 1.1E+01
   168      1  1.0E+00    169 (2.7E-12) 9.9E-06  1.7174813E+00   399 1.1E+01
   169      1  1.0E+00    170 (2.0E-12) 1.1E-05  1.7174813E+00   399 1.1E+01   R

 Major Minors     Step   nCon Feasible  Optimal  MeritFunction    nS Penalty
   170      1  1.0E+00    171 (1.1E-12) 3.3E-06  1.7174813E+00   399 1.1E+01 s
   171      1  1.0E+00    172 (9.9E-12) 4.2E-06  1.7174813E+00   399 1.1E+01
   172      1  1.0E+00    173 (1.8E-12)(1.9E-06) 1.7174813E+00   399 1.1E+01
 
 SNOPTA EXIT   0 -- finished successfully
 SNOPTA INFO   1 -- optimality conditions satisfied

 Problem name
 No. of iterations                 701   Objective value      1.7174812912E+00
 No. of major iterations           172   Linear objective     0.0000000000E+00
 Penalty parameter           1.122E+01   Nonlinear objective  1.7174812912E+00
 No. of calls to funobj         174235   No. of calls to funcon         174235
 Calls with modes 1,2 (known g)    173   Calls with modes 1,2 (known g)    173
 Calls for forward differencing 173865   Calls for forward differencing 173865
 Calls for central differencing      0   Calls for central differencing      0
 No. of superbasics                399   No. of basic nonlinears           606
 No. of degenerate steps           103   Percentage                      14.69
 Max x                     201 1.0E+01   Max pi                    606 3.2E+00
 Max Primal infeas           0 0.0E+00   Max Dual infeas           509 8.0E-06
 Nonlinear constraint violn    1.3E-10

 Solution not printed
