
 
 ===>  WARNING - variable       53 has no Jacobian entries.
 ===>  WARNING - variable       54 has no Jacobian entries.
 ===>  WARNING - variable       55 has no Jacobian entries.
 

 Nonlinear constraints       3     Linear constraints       0
 Nonlinear variables        52     Linear variables         3
 Jacobian  variables        52     Objective variables     52
 Total constraints           3     Total variables         55
 

 
 The user has defined       0   out of     208   first  derivatives
 

 Major Minors     Step   nCon Feasible  Optimal  MeritFunction    nS Penalty
     0     50               1 (0.0E+00) 1.3E+01  3.9408750E+02    12           r
     1      3  2.8E-01      2 (0.0E+00) 9.3E+00  1.9569333E+02    10         n rl
     2     22  3.8E-01      3 (0.0E+00) 5.7E+00  7.1180298E+01    31         s  l
     3     34  2.0E-01      4 (0.0E+00) 4.8E+00  5.2658023E+01    24
     4     27  1.0E+00      5 (0.0E+00) 9.2E+00  5.4047889E+00    46
     5      1  1.0E+00      6 (0.0E+00) 2.5E+00  3.3575776E+00    46
     6      1  1.0E+00      7 (0.0E+00) 1.3E-01  3.0728106E+00    46
     7      5  1.0E+00      8 (0.0E+00) 5.2E-01  2.9996591E+00    42
     8      3  1.0E+00      9 (0.0E+00) 5.8E-01  2.9125639E+00    40
     9      4  1.0E+00     10 (0.0E+00) 2.7E-01  2.8742243E+00    37

 Major Minors     Step   nCon Feasible  Optimal  MeritFunction    nS Penalty
    10      1  1.0E+00     11 (0.0E+00) 6.2E-02  2.8323890E+00    37
    11      3  1.0E+00     12 (0.0E+00) 6.2E-02  2.8190204E+00    35
    12      2  1.0E+00     13 (0.0E+00) 4.5E-02  2.7722825E+00    36
    13      6  1.0E+00     14 (0.0E+00) 5.1E-02  2.7665683E+00    35
    14      3  1.0E+00     15 (0.0E+00) 6.7E-02  2.7408980E+00    33
    15      3  1.0E+00     16 (0.0E+00) 1.2E-01  2.7315112E+00    35
    16      1  1.0E+00     17 (0.0E+00) 9.0E-02  2.7293517E+00    35
    17      1  1.0E+00     18 (0.0E+00) 4.1E-02  2.7261132E+00    35
    18      1  1.0E+00     19 (0.0E+00) 5.7E-02  2.7222380E+00    35
    19      1  1.0E+00     20 (0.0E+00) 6.8E-02  2.7179191E+00    35

 Major Minors     Step   nCon Feasible  Optimal  MeritFunction    nS Penalty
    20      1  1.0E+00     21 (0.0E+00) 5.8E-02  2.7140953E+00    35
    21      1  1.0E+00     22 (0.0E+00) 4.3E-02  2.7107448E+00    35
    22      2  1.0E+00     23 (0.0E+00) 5.5E-02  2.7074829E+00    34
    23      1  1.0E+00     24 (0.0E+00) 9.6E-02  2.7041532E+00    34
    24      1  1.0E+00     25 (0.0E+00) 7.8E-02  2.7008781E+00    34
    25      1  1.0E+00     26 (0.0E+00) 2.1E-02  2.6992129E+00    34
    26      1  1.0E+00     27 (0.0E+00) 1.7E-02  2.6988481E+00    34
    27      1  1.0E+00     28 (0.0E+00) 3.9E-02  2.6974875E+00    34
    28      1  1.0E+00     29 (0.0E+00) 4.8E-02  2.6965289E+00    34
    29      1  1.0E+00     30 (0.0E+00) 5.4E-02  2.6954556E+00    34

 Major Minors     Step   nCon Feasible  Optimal  MeritFunction    nS Penalty
    30      2  1.0E+00     31 (0.0E+00) 3.5E-02  2.6948752E+00    35
    31      1  1.0E+00     32 (0.0E+00) 5.6E-02  2.6943550E+00    35
    32      1  1.0E+00     33 (0.0E+00) 1.1E-01  2.6936475E+00    35
    33      1  1.0E+00     34 (0.0E+00) 1.2E-01  2.6927356E+00    35
    34      1  1.0E+00     35 (0.0E+00) 6.9E-02  2.6920873E+00    35
    35      1  1.0E+00     36 (0.0E+00) 1.3E-02  2.6918312E+00    35
    36      1  1.0E+00     37 (0.0E+00) 1.1E-02  2.6917069E+00    35
    37      1  1.0E+00     38 (0.0E+00) 2.6E-02  2.6915312E+00    35
    38      1  1.0E+00     39 (0.0E+00) 3.7E-02  2.6912354E+00    35
    39      1  1.0E+00     40 (0.0E+00) 3.4E-02  2.6908971E+00    35

 Major Minors     Step   nCon Feasible  Optimal  MeritFunction    nS Penalty
    40      1  1.0E+00     41 (0.0E+00) 1.5E-02  2.6906798E+00    35
    41      2  1.0E+00     42 (0.0E+00) 1.2E-02  2.6905792E+00    34
    42      1  1.0E+00     43 (0.0E+00) 3.5E-02  2.6904921E+00    34
    43      1  1.0E+00     44 (0.0E+00) 4.6E-02  2.6903724E+00    34
    44      1  1.0E+00     45 (0.0E+00) 3.9E-02  2.6902389E+00    34
    45      1  1.0E+00     46 (0.0E+00) 1.6E-02  2.6901123E+00    34
    46      1  1.0E+00     47 (0.0E+00) 6.0E-03  2.6900151E+00    34
    47      1  1.0E+00     48 (0.0E+00) 1.2E-02  2.6899419E+00    34
    48      1  1.0E+00     49 (0.0E+00) 1.2E-02  2.6898851E+00    34
    49      1  1.0E+00     50 (0.0E+00) 8.3E-03  2.6898439E+00    34

 Major Minors     Step   nCon Feasible  Optimal  MeritFunction    nS Penalty
    50      1  1.0E+00     51 (0.0E+00) 1.0E-02  2.6898074E+00    34
    51      1  1.0E+00     52 (0.0E+00) 2.8E-02  2.6897557E+00    34
    52      1  1.0E+00     53 (0.0E+00) 4.1E-02  2.6896751E+00    34
    53      1  1.0E+00     54 (0.0E+00) 3.6E-02  2.6895875E+00    34
    54      1  1.0E+00     55 (0.0E+00) 1.6E-02  2.6895388E+00    34
    55      1  1.0E+00     56 (0.0E+00) 2.4E-03  2.6895251E+00    34
    56      1  1.0E+00     57 (0.0E+00) 3.7E-03  2.6895190E+00    34
    57      1  1.0E+00     58 (0.0E+00) 6.7E-03  2.6895084E+00    34
    58      1  1.0E+00     59 (0.0E+00) 8.6E-03  2.6894909E+00    34
    59      1  1.0E+00     60 (0.0E+00) 7.1E-03  2.6894720E+00    34

 Major Minors     Step   nCon Feasible  Optimal  MeritFunction    nS Penalty
    60      1  1.0E+00     61 (0.0E+00) 3.0E-03  2.6894618E+00    34
    61      1  1.0E+00     62 (0.0E+00) 1.8E-03  2.6894584E+00    34
    62      1  1.0E+00     63 (0.0E+00) 3.9E-03  2.6894560E+00    34
    63      1  1.0E+00     64 (0.0E+00) 8.0E-03  2.6894512E+00    34
    64      1  1.0E+00     65 (0.0E+00) 1.0E-02  2.6894437E+00    34
    65      1  1.0E+00     66 (0.0E+00) 8.5E-03  2.6894358E+00    34
    66      1  1.0E+00     67 (0.0E+00) 3.4E-03  2.6894317E+00    34
    67      1  1.0E+00     68 (0.0E+00) 9.4E-04  2.6894301E+00    34
    68      1  1.0E+00     69 (0.0E+00) 1.8E-03  2.6894285E+00    34
    69      1  1.0E+00     70 (0.0E+00) 3.2E-03  2.6894252E+00    34

 Major Minors     Step   nCon Feasible  Optimal  MeritFunction    nS Penalty
    70      1  1.0E+00     71 (0.0E+00) 4.1E-03  2.6894195E+00    34
    71      1  1.0E+00     72 (0.0E+00) 3.4E-03  2.6894132E+00    34
    72      1  1.0E+00     73 (0.0E+00) 1.4E-03  2.6894101E+00    34
    73      1  1.0E+00     74 (0.0E+00) 3.6E-04  2.6894094E+00    34
    74      1  1.0E+00     75 (0.0E+00) 3.8E-04  2.6894093E+00    34
    75      1  1.0E+00     76 (0.0E+00) 7.7E-04  2.6894092E+00    34
    76      1  1.0E+00     77 (0.0E+00) 1.1E-03  2.6894089E+00    34
    77      1  1.0E+00     78 (0.0E+00) 1.1E-03  2.6894086E+00    34
    78      1  1.0E+00     79 (0.0E+00) 5.5E-04  2.6894084E+00    34
    79      1  1.0E+00     80 (0.0E+00) 2.2E-04  2.6894083E+00    34

 Major Minors     Step   nCon Feasible  Optimal  MeritFunction    nS Penalty
    80      1  1.0E+00     81 (0.0E+00) 2.2E-04  2.6894082E+00    34
    81      1  1.0E+00     82 (0.0E+00) 4.3E-04  2.6894081E+00    34
    82      1  1.0E+00     83 (0.0E+00) 6.6E-04  2.6894078E+00    34
    83      1  1.0E+00     84 (0.0E+00) 7.5E-04  2.6894074E+00    34
    84      1  1.0E+00     85 (0.0E+00) 5.3E-04  2.6894071E+00    34
    85      1  1.0E+00     86 (0.0E+00) 2.7E-04  2.6894069E+00    34
    86      1  1.0E+00     87 (0.0E+00) 2.7E-04  2.6894069E+00    34
    87      1  1.0E+00     88 (0.0E+00) 4.5E-04  2.6894069E+00    34
    88      1  1.0E+00     89 (0.0E+00) 6.2E-04  2.6894068E+00    34
    89      1  1.0E+00     90 (0.0E+00) 6.4E-04  2.6894067E+00    34

 Major Minors     Step   nCon Feasible  Optimal  MeritFunction    nS Penalty
    90      1  1.0E+00     91 (0.0E+00) 3.9E-04  2.6894066E+00    34
    91      1  1.0E+00     92 (0.0E+00) 1.0E-04  2.6894066E+00    34
    92      1  1.0E+00     93 (0.0E+00) 2.9E-05  2.6894066E+00    34
    93      1  1.0E+00     94 (0.0E+00) 2.7E-05  2.6894066E+00    34
    94      1  1.0E+00     95 (0.0E+00) 2.8E-05  2.6894066E+00    34
    95      1  1.0E+00     96 (0.0E+00) 3.4E-05  2.6894066E+00    34
    96      1  1.0E+00     97 (0.0E+00) 4.6E-05  2.6894066E+00    34
    97      1  1.0E+00     98 (0.0E+00) 3.9E-05  2.6894066E+00    34
    98      1  1.0E+00     99 (0.0E+00) 3.6E-05  2.6894066E+00    34
    99      1  1.0E+00    100 (0.0E+00) 3.7E-05  2.6894066E+00    34

 Major Minors     Step   nCon Feasible  Optimal  MeritFunction    nS Penalty
   100      1  1.0E+00    101 (0.0E+00) 5.1E-05  2.6894066E+00    34
   101      1  1.0E+00    102 (0.0E+00) 8.1E-05  2.6894066E+00    34
   102      1  1.0E+00    103 (0.0E+00) 8.9E-05  2.6894066E+00    34
   103      1  1.0E+00    104 (0.0E+00) 5.5E-05  2.6894066E+00    34
   104      1  1.0E+00    105 (0.0E+00) 1.5E-05  2.6894066E+00    34
   105      1  1.0E+00    106 (0.0E+00) 1.4E-05  2.6894066E+00    34
   106      1  1.0E+00    107 (0.0E+00) 1.4E-05  2.6894066E+00    34
   107      1  1.0E+00    108 (0.0E+00) 1.6E-05  2.6894066E+00    34
   108      1  1.0E+00    109 (0.0E+00) 1.4E-05  2.6894066E+00    34
   109      1  1.0E+00    110 (0.0E+00) 7.6E-06  2.6894066E+00    34

 Major Minors     Step   nCon Feasible  Optimal  MeritFunction    nS Penalty
   110      1  1.0E+00    111 (0.0E+00) 3.4E-06  2.6894066E+00    34
   111      1  1.0E+00    112 (0.0E+00) 3.4E-06  2.6894066E+00    34
   111      2  1.0E+00    112 (0.0E+00) 8.4E-06  2.6894066E+00    34               c
   112      1  1.0E+00    113 (0.0E+00) 3.5E-06  2.6894066E+00    34               c
   113      1  1.0E+00    114 (0.0E+00) 3.5E-06  2.6894066E+00    34               c
   114      1  1.0E+00    115 (0.0E+00) 4.7E-06  2.6894066E+00    34               c
   115      1  1.0E+00    116 (0.0E+00) 1.2E-05  2.6894066E+00    34               c
   116      1  1.0E+00    117 (0.0E+00) 1.8E-05  2.6894066E+00    34               c
   117      1  1.0E+00    118 (0.0E+00) 1.8E-05  2.6894066E+00    34               c
   118      1  1.0E+00    119 (0.0E+00) 8.9E-06  2.6894066E+00    34               c
   119      1  1.0E+00    120 (0.0E+00) 4.9E-06  2.6894066E+00    34               c

 Major Minors     Step   nCon Feasible  Optimal  MeritFunction    nS Penalty
   120      1  1.0E+00    121 (0.0E+00) 4.8E-06  2.6894066E+00    34               c
   121      1  1.0E+00    122 (0.0E+00) 5.8E-06  2.6894066E+00    34               c
   122      1  1.0E+00    123 (0.0E+00) 7.3E-06  2.6894066E+00    34               c
   123      1  1.0E+00    124 (0.0E+00) 5.3E-06  2.6894066E+00    34               c
   124      1  1.0E+00    125 (0.0E+00)(1.7E-06) 2.6894066E+00    34               c
 
 SNOPTA EXIT   0 -- finished successfully
 SNOPTA INFO   1 -- optimality conditions satisfied

 Problem name
 No. of iterations                 281   Objective value      2.6894065723E+00
 No. of major iterations           124   Linear objective     0.0000000000E+00
 Penalty parameter           0.000E+00   Nonlinear objective  2.6894065723E+00
 No. of calls to funobj           7534   No. of calls to funcon           7534
 Calls with modes 1,2 (known g)    125   Calls with modes 1,2 (known g)    125
 Calls for forward differencing   5824   Calls for forward differencing   5824
 Calls for central differencing   1456   Calls for central differencing   1456
 No. of superbasics                 34   No. of basic nonlinears             0
 No. of degenerate steps             0   Percentage                        .00
 Max x       (scaled)        3 6.0E-01   Max pi      (scaled)        1 0.0E+00
 Max x                       3 6.0E-01   Max pi                      1 0.0E+00
 Max Prim inf(scaled)        0 0.0E+00   Max Dual inf(scaled)        1 8.6E-06
 Max Primal infeas           0 0.0E+00   Max Dual infeas             1 8.6E-06
 Nonlinear constraint violn    0.0E+00

 Solution not printed
