 

 Nonlinear constraints     156     Linear constraints       0
 Nonlinear variables       255     Linear variables         0
 Jacobian  variables       255     Objective variables    255
 Total constraints         156     Total variables        255
 

 
 The user has defined       0   out of   40035   first  derivatives
 

        Minor   QPmult   nInf   SumInf   rgNorm    QPobjective    nS
          100                           3.5E-15  2.9947552E+01    28

 Major Minors     Step   nCon Feasible  Optimal  MeritFunction    nS Penalty
     0    178               1 (6.4E-12) 8.8E-02  6.0916667E+01    99           r
     1      4  1.3E-01      2 (3.1E-09) 8.6E-02  5.2161561E+01    99         n rl
     2      2  1.2E-01      3  2.5E-04  1.5E-01  4.4576448E+01    99         s  l
     3      2  1.0E+00      4  2.9E-02  2.4E-02  1.8295660E-01    99
     4      2  1.0E+00      5  9.4E-03  3.7E-02  2.3582867E+00    99 1.7E+00
     5      2  4.3E-01      6  5.4E-03  1.7E-02  2.1926552E+00    99 1.8E+00
     6      2  1.0E+00      7  6.3E-03  3.7E-02  2.1121536E+00    99 1.8E+00
     7      2  1.0E+00      8  9.1E-04  3.6E-02  2.0103435E+00    99 1.8E+00
     8      1  1.0E+00      9  6.3E-04  3.5E-02  1.9713426E+00    99 1.8E+00
     9      1  1.0E+00     10  2.1E-04  2.6E-02  1.9020350E+00    99 1.8E+00

 Major Minors     Step   nCon Feasible  Optimal  MeritFunction    nS Penalty
    10      1  5.0E-01     11  1.6E-04  1.5E-02  1.7936426E+00    99 1.8E+00
    11      2  4.3E-01     12  1.4E-04  8.0E-03  1.7550848E+00    99 1.8E+00
    12      2  4.2E-01     13  7.8E-05  4.3E-03  1.7442148E+00    99 1.8E+00   R
    13      2  4.8E-01     14  3.0E-05  2.7E-03  1.7398619E+00    99 1.8E+00 s
    14      2  1.0E+00     15  1.8E-05  2.8E-03  1.7353130E+00    99 1.8E+00
    15      2  1.0E+00     16  8.7E-05  3.0E-03  1.7261313E+00    99 1.8E+00
    16      2  1.0E+00     17  3.5E-05  5.4E-03  1.7212810E+00    99 1.8E+00
    17      1  1.0E+00     18  4.4E-05  2.1E-03  1.7184586E+00    99 1.8E+00
    18      1  1.0E+00     19  5.8E-06  1.0E-03  1.7172409E+00    99 1.8E+00
    19      1  1.0E+00     20  1.7E-06  9.4E-04  1.7164254E+00    99 1.8E+00

 Major Minors     Step   nCon Feasible  Optimal  MeritFunction    nS Penalty
    20      1  1.0E+00     21  3.3E-06  1.0E-03  1.7157072E+00    99 1.8E+00
    21      1  1.0E+00     22  8.4E-06  1.2E-03  1.7152199E+00    99 1.8E+00
    22      1  1.0E+00     23  2.4E-06  7.3E-04  1.7149144E+00    99 1.8E+00
    23      1  1.0E+00     24 (2.6E-07) 6.1E-04  1.7145521E+00    99 1.8E+00   R
    24      1  1.0E+00     25 (4.6E-07) 4.9E-04  1.7143851E+00    99 1.8E+00 s
    25      1  1.0E+00     26  1.8E-06  3.6E-04  1.7142020E+00    99 1.8E+00
    26      1  1.0E+00     27 (2.3E-07) 3.1E-04  1.7140646E+00    99 1.8E+00
    27      1  1.0E+00     28  3.3E-06  5.1E-04  1.7138874E+00    99 1.8E+00
    28      1  1.0E+00     29 (7.1E-07) 4.3E-04  1.7137899E+00    99 1.8E+00
    29      1  1.0E+00     30 (3.7E-07) 4.3E-04  1.7136716E+00    99 1.8E+00

 Major Minors     Step   nCon Feasible  Optimal  MeritFunction    nS Penalty
    30      1  1.0E+00     31  1.1E-06  5.1E-04  1.7135506E+00    99 1.8E+00
    31      1  1.0E+00     32 (5.1E-07) 3.9E-04  1.7135030E+00    99 1.8E+00
    32      1  1.0E+00     33 (1.8E-07) 2.8E-04  1.7134645E+00    99 1.8E+00
    33      1  1.0E+00     34 (6.3E-08) 1.8E-04  1.7134142E+00    99 1.8E+00
    34      1  1.0E+00     35 (5.4E-07) 2.8E-04  1.7133540E+00    99 1.8E+00   R
    35      1  1.0E+00     36 (1.7E-08) 2.6E-04  1.7133304E+00    99 1.8E+00 s
    36      1  1.0E+00     37 (1.5E-08) 1.2E-04  1.7133165E+00    99 1.8E+00
    37      1  1.0E+00     38 (2.2E-08) 9.7E-05  1.7133078E+00    99 1.8E+00
    38      1  1.0E+00     39 (3.4E-07) 1.2E-04  1.7132813E+00    99 1.8E+00
    39      1  1.0E+00     40 (1.6E-07) 1.5E-04  1.7132703E+00    99 1.8E+00

 Major Minors     Step   nCon Feasible  Optimal  MeritFunction    nS Penalty
    40      1  1.0E+00     41 (3.1E-07) 1.2E-04  1.7132594E+00    99 1.8E+00
    41      1  1.0E+00     42 (1.1E-07) 1.2E-04  1.7132466E+00    99 1.8E+00
    42      1  1.0E+00     43 (1.3E-07) 1.8E-04  1.7132300E+00    99 1.8E+00
    43      1  1.0E+00     44 (1.8E-07) 1.4E-04  1.7132208E+00    99 1.8E+00
    44      1  1.0E+00     45 (9.6E-08) 9.5E-05  1.7132123E+00    99 1.8E+00
    45      1  1.0E+00     46 (1.7E-07) 1.2E-04  1.7131988E+00    99 1.8E+00   R
    46      1  1.0E+00     47 (2.9E-08) 1.1E-04  1.7131928E+00    99 1.8E+00 s
    47      1  1.0E+00     48 (6.0E-08) 6.3E-05  1.7131872E+00    99 1.8E+00
    48      1  1.0E+00     49 (2.7E-08) 6.5E-05  1.7131827E+00    99 1.8E+00
    49      1  1.0E+00     50 (2.1E-07) 7.1E-05  1.7131767E+00    99 1.8E+00

 Major Minors     Step   nCon Feasible  Optimal  MeritFunction    nS Penalty
    50      1  1.0E+00     51 (7.8E-09) 8.9E-05  1.7131725E+00    99 1.8E+00
    51      1  1.0E+00     52 (8.3E-08) 1.1E-04  1.7131656E+00    99 1.8E+00
    52      1  1.0E+00     53 (1.7E-07) 1.3E-04  1.7131569E+00    99 1.8E+00
    53      1  1.0E+00     54 (2.4E-07) 1.0E-04  1.7131462E+00    99 1.8E+00
    54      1  1.0E+00     55 (6.6E-08) 1.2E-04  1.7131373E+00    99 1.8E+00
    55      1  1.0E+00     56 (1.4E-07) 9.6E-05  1.7131305E+00    99 1.8E+00
    56      1  1.0E+00     57 (3.3E-07) 1.3E-04  1.7131210E+00    99 1.8E+00   R
    57      1  1.0E+00     58 (2.1E-08) 1.2E-04  1.7131153E+00    99 1.8E+00 s
    58      1  1.0E+00     59 (4.0E-08) 7.4E-05  1.7131090E+00    99 1.8E+00
    59      1  1.0E+00     60 (7.2E-09) 9.8E-05  1.7131040E+00    99 1.8E+00

 Major Minors     Step   nCon Feasible  Optimal  MeritFunction    nS Penalty
    60      1  1.0E+00     61 (2.4E-08) 1.1E-04  1.7130983E+00    99 1.8E+00
    61      1  1.0E+00     62 (4.4E-09) 7.9E-05  1.7130950E+00    99 1.8E+00
    62      1  1.0E+00     63 (1.8E-08) 7.3E-05  1.7130923E+00    99 1.8E+00
    63      1  1.0E+00     64 (3.3E-08) 5.6E-05  1.7130898E+00    99 1.8E+00
    64      1  1.0E+00     65 (3.1E-08) 7.8E-05  1.7130870E+00    99 1.8E+00
    65      1  1.0E+00     66 (3.0E-08) 6.7E-05  1.7130847E+00    99 1.8E+00
    66      1  1.0E+00     67 (3.7E-08) 5.2E-05  1.7130823E+00    99 1.8E+00
    67      1  1.0E+00     68 (2.8E-07) 7.2E-05  1.7130770E+00    99 1.8E+00   R
    68      1  1.0E+00     69 (1.1E-08) 7.2E-05  1.7130742E+00    99 1.8E+00 s
    69      1  1.0E+00     70 (3.2E-08) 4.7E-05  1.7130716E+00    99 1.8E+00

 Major Minors     Step   nCon Feasible  Optimal  MeritFunction    nS Penalty
    70      1  1.0E+00     71 (6.4E-09) 5.8E-05  1.7130705E+00    99 1.8E+00
    71      1  1.0E+00     72 (4.9E-09) 3.8E-05  1.7130685E+00    99 1.8E+00
    72      1  1.0E+00     73 (6.6E-08) 5.4E-05  1.7130669E+00    99 1.8E+00
    73      1  1.0E+00     74 (1.1E-08) 4.5E-05  1.7130659E+00    99 1.8E+00
    74      1  1.0E+00     75 (7.0E-09) 4.5E-05  1.7130646E+00    99 1.8E+00
    75      1  1.0E+00     76 (5.4E-08) 5.7E-05  1.7130625E+00    99 1.8E+00
    76      1  1.0E+00     77 (5.5E-08) 5.8E-05  1.7130606E+00    99 1.8E+00
    77      1  1.0E+00     78 (3.4E-09) 5.0E-05  1.7130589E+00    99 1.8E+00
    78      1  1.0E+00     79 (8.7E-09) 5.5E-05  1.7130571E+00    99 1.8E+00   R
    79      1  1.0E+00     80 (3.3E-09) 5.4E-05  1.7130561E+00    99 1.8E+00 s

 Major Minors     Step   nCon Feasible  Optimal  MeritFunction    nS Penalty
    80      1  1.0E+00     81 (3.7E-09) 4.1E-05  1.7130550E+00    99 1.8E+00
    81      1  1.0E+00     82 (1.3E-09) 3.5E-05  1.7130542E+00    99 1.8E+00
    82      1  1.0E+00     83 (8.1E-10) 2.6E-05  1.7130539E+00    99 1.8E+00
    83      1  1.0E+00     84 (1.8E-09) 2.0E-05  1.7130536E+00    99 1.8E+00
    84      1  1.0E+00     85 (1.5E-09) 2.5E-05  1.7130533E+00    99 1.8E+00
    85      1  1.0E+00     86 (4.9E-09) 2.3E-05  1.7130531E+00    99 1.8E+00
    86      1  1.0E+00     87 (2.3E-09) 2.5E-05  1.7130527E+00    99 1.8E+00
    87      1  1.0E+00     88 (3.9E-09) 1.8E-05  1.7130524E+00    99 1.8E+00
    88      1  1.0E+00     89 (2.5E-09) 1.7E-05  1.7130522E+00    99 1.8E+00
    89      1  1.0E+00     90 (3.7E-09) 1.5E-05  1.7130519E+00    99 1.8E+00   R

 Major Minors     Step   nCon Feasible  Optimal  MeritFunction    nS Penalty
    90      1  1.0E+00     91 (4.0E-10) 1.0E-05  1.7130518E+00    99 1.8E+00 s
    91      1  1.0E+00     92 (1.1E-09) 8.8E-06  1.7130516E+00    99 1.8E+00
    92      1  1.0E+00     93 (1.2E-09) 1.0E-05  1.7130515E+00    99 1.8E+00
    93      1  1.0E+00     94 (3.6E-10) 8.8E-06  1.7130514E+00    99 1.8E+00
    94      1  1.0E+00     95 (8.4E-10) 1.2E-05  1.7130513E+00    99 1.8E+00
    95      1  1.0E+00     96 (8.2E-10) 1.1E-05  1.7130512E+00    99 1.8E+00
    96      1  1.0E+00     97 (4.2E-11) 1.0E-05  1.7130511E+00    99 1.8E+00
    97      1  1.0E+00     98 (2.4E-09) 8.4E-06  1.7130510E+00    99 1.8E+00
    98      1  1.0E+00     99 (7.7E-11) 1.2E-05  1.7130510E+00    99 1.8E+00
    99      1  1.0E+00    100 (9.2E-10) 1.1E-05  1.7130509E+00    99 1.8E+00

 Major Minors     Step   nCon Feasible  Optimal  MeritFunction    nS Penalty
   100      1  1.0E+00    101 (6.6E-10) 2.4E-05  1.7130508E+00    99 1.8E+00   R
   101      1  1.0E+00    102 (4.5E-11) 1.8E-05  1.7130508E+00    99 1.8E+00 s
   102      1  1.0E+00    103 (4.4E-12) 3.9E-06  1.7130507E+00    99 1.8E+00
   103      1  1.0E+00    104 (3.7E-12) 4.1E-06  1.7130507E+00    99 1.8E+00
   104      1  1.0E+00    105 (4.0E-11) 6.7E-06  1.7130507E+00    99 1.8E+00
   105      1  1.0E+00    106 (2.4E-11) 5.6E-06  1.7130507E+00    99 1.8E+00
   106      1  1.0E+00    107 (1.1E-11) 2.4E-06  1.7130507E+00    99 1.8E+00
   107      1  1.0E+00    108 (1.3E-11) 2.5E-06  1.7130507E+00    99 1.8E+00
   108      1  1.0E+00    109 (3.5E-12) 2.0E-06  1.7130507E+00    99 1.8E+00
   109      1  1.0E+00    110 (2.4E-12)(1.6E-06) 1.7130507E+00    99 1.8E+00
 
 SNOPTA EXIT   0 -- finished successfully
 SNOPTA INFO   1 -- optimality conditions satisfied

 Problem name
 No. of iterations                 302   Objective value      1.7130506602E+00
 No. of major iterations           109   Linear objective     0.0000000000E+00
 Penalty parameter           1.830E+00   Nonlinear objective  1.7130506602E+00
 No. of calls to funobj          28276   No. of calls to funcon          28276
 Calls with modes 1,2 (known g)    110   Calls with modes 1,2 (known g)    110
 Calls for forward differencing  28050   Calls for forward differencing  28050
 Calls for central differencing      0   Calls for central differencing      0
 No. of superbasics                 99   No. of basic nonlinears           156
 No. of degenerate steps            66   Percentage                      21.85
 Max x                      52 6.0E+00   Max pi                    156 3.2E+00
 Max Primal infeas           0 0.0E+00   Max Dual infeas           200 6.7E-06
 Nonlinear constraint violn    7.3E-11

 Solution not printed
