
 
 ===>  WARNING - variable      103 has no Jacobian entries.
 ===>  WARNING - variable      104 has no Jacobian entries.
 ===>  WARNING - variable      105 has no Jacobian entries.
 

 Nonlinear constraints       3     Linear constraints       0
 Nonlinear variables       102     Linear variables         3
 Jacobian  variables       102     Objective variables    102
 Total constraints           3     Total variables        105
 

 
 The user has defined       0   out of     408   first  derivatives
 

 Major Minors     Step   nCon Feasible  Optimal  MeritFunction    nS Penalty
     0     99               1 (0.0E+00) 1.1E+01  3.9408750E+02    99           r  T
     1      2  1.1E-01      2 (0.0E+00) 1.1E+01  2.3780864E+02   100         n rl
     2      1  1.1E-01      3 (0.0E+00) 7.6E+00  1.2091962E+02   100         s  l
     3      1  1.9E-01      4 (0.0E+00) 1.9E+01  7.5769963E+01   100
     4      1  1.0E+00      5 (0.0E+00) 3.1E+01  7.3047154E+01   100
     5      1  1.0E+00      6 (0.0E+00) 6.7E+00  8.1298271E+00   100
     6      1  1.0E+00      7 (0.0E+00) 1.1E+00  4.5467787E+00   100
     7      1  1.0E+00      8 (0.0E+00) 6.3E-01  3.9634061E+00   100
     8      1  1.0E+00      9 (0.0E+00) 1.3E+00  3.3018185E+00   100
     9      1  1.0E+00     10 (0.0E+00) 1.1E+00  2.5108271E+00   100

 Major Minors     Step   nCon Feasible  Optimal  MeritFunction    nS Penalty
    10      1  1.0E+00     11 (0.0E+00) 4.2E-01  2.3292631E+00   100
    11      1  1.0E+00     12 (0.0E+00) 1.5E-01  2.2544430E+00   100
    12      1  1.0E+00     13 (0.0E+00) 4.3E-01  2.1641069E+00   100           R
    13      1  1.0E-01     14 (0.0E+00) 1.5E-01  2.1564718E+00   100         s
    14      1  1.0E+00     15 (0.0E+00) 1.5E-01  2.1530560E+00   100
    15      1  1.0E+00     16 (0.0E+00) 1.2E-01  2.0867420E+00   100
    16      1  1.0E+00     17 (0.0E+00) 1.3E-01  2.0838968E+00   100
    17      1  1.0E+00     18 (0.0E+00) 1.7E-01  2.0103300E+00   100
    18      1  1.0E+00     19 (0.0E+00) 1.6E-01  1.9656456E+00   100
    19      1  1.0E+00     20 (0.0E+00) 1.2E-01  1.9423039E+00   100

 Major Minors     Step   nCon Feasible  Optimal  MeritFunction    nS Penalty
    20      1  1.0E+00     21 (0.0E+00) 1.0E-01  1.9381703E+00   100
    21      1  1.0E+00     22 (0.0E+00) 1.4E-01  1.9361329E+00   100
    22      1  1.0E+00     23 (0.0E+00) 1.7E-01  1.9329726E+00   100
    23      1  1.0E+00     24 (0.0E+00) 2.3E-01  1.9255495E+00   100           R
    24      1  1.0E+00     25 (0.0E+00) 1.0E-01  1.9238956E+00   100         s
    25      1  1.0E+00     26 (0.0E+00) 6.5E-02  1.9220902E+00   100
    26      1  1.0E+00     27 (0.0E+00) 1.5E-01  1.9091141E+00   100
    27      1  1.0E+00     28 (0.0E+00) 1.2E-01  1.9050689E+00   100
    28      1  1.0E+00     29 (0.0E+00) 5.8E-02  1.9030169E+00   100
    29      1  1.0E+00     30 (0.0E+00) 5.6E-02  1.9014301E+00   100

 Major Minors     Step   nCon Feasible  Optimal  MeritFunction    nS Penalty
    30      1  1.0E+00     31 (0.0E+00) 1.4E-01  1.8973306E+00   100
    31      1  1.0E+00     32 (0.0E+00) 2.2E-01  1.8908066E+00   100
    32      1  1.0E+00     33 (0.0E+00) 2.2E-01  1.8831698E+00   100
    33      1  1.0E+00     34 (0.0E+00) 1.1E-01  1.8791900E+00   100
    34      1  1.0E+00     35 (0.0E+00) 3.5E-02  1.8779936E+00   100           R
    35      1  1.0E+00     36 (0.0E+00) 3.9E-02  1.8775899E+00   100         s
    36      1  3.6E-02     37 (0.0E+00) 2.1E-01  1.8712222E+00   100
    37      1  1.0E+00     38 (0.0E+00) 5.6E-02  1.8576655E+00   100
    38      1  1.0E+00     39 (0.0E+00) 9.9E-02  1.8504092E+00   100
    39      1  1.0E+00     40 (0.0E+00) 1.2E-01  1.8384766E+00   100

 Major Minors     Step   nCon Feasible  Optimal  MeritFunction    nS Penalty
    40      1  1.0E+00     41 (0.0E+00) 6.4E-02  1.8194620E+00   100
    41      1  1.0E+00     42 (0.0E+00) 3.4E-02  1.8095976E+00   100
    42      1  1.0E+00     43 (0.0E+00) 1.8E-02  1.8075106E+00   100
    43      1  1.0E+00     44 (0.0E+00) 3.5E-02  1.8040456E+00   100
    44      1  1.0E+00     45 (0.0E+00) 3.1E-02  1.8013528E+00   100
    45      1  1.0E+00     46 (0.0E+00) 2.1E-02  1.7991098E+00   100           R
    46      1  1.0E+00     47 (0.0E+00) 3.2E-02  1.7984797E+00   100         s
    47      1  2.7E-02     48 (0.0E+00) 3.6E-02  1.7981978E+00   100
    48      1  1.0E+00     49 (0.0E+00) 2.9E-02  1.7973186E+00   100
    49      1  1.0E+00     50 (0.0E+00) 2.3E-02  1.7957521E+00   100

 Major Minors     Step   nCon Feasible  Optimal  MeritFunction    nS Penalty
    50      1  1.0E+00     51 (0.0E+00) 3.2E-02  1.7950211E+00   100
    51      1  1.0E+00     52 (0.0E+00) 1.5E-02  1.7936515E+00   100
    52      1  1.0E+00     53 (0.0E+00) 1.3E-02  1.7926704E+00   100
    53      1  1.0E+00     54 (0.0E+00) 1.5E-02  1.7922142E+00   100
    54      1  1.0E+00     55 (0.0E+00) 1.3E-02  1.7915475E+00   100
    55      1  1.0E+00     56 (0.0E+00) 7.5E-03  1.7908570E+00   100
    56      1  1.0E+00     57 (0.0E+00) 8.4E-03  1.7902450E+00   100           R
    57      1  1.0E+00     58 (0.0E+00) 2.2E-02  1.7901339E+00   100         s
    58      1  5.0E-02     59 (0.0E+00) 1.6E-02  1.7900991E+00   100
    59      1  1.0E+00     60 (0.0E+00) 8.8E-03  1.7897903E+00   100

 Major Minors     Step   nCon Feasible  Optimal  MeritFunction    nS Penalty
    60      1  1.0E+00     61 (0.0E+00) 1.0E-02  1.7896498E+00   100
    61      1  1.0E+00     62 (0.0E+00) 1.2E-02  1.7895614E+00   100
    62      1  1.0E+00     63 (0.0E+00) 9.9E-03  1.7895022E+00   100
    63      1  1.0E+00     64 (0.0E+00) 6.6E-03  1.7893438E+00   100
    64      1  1.0E+00     65 (0.0E+00) 8.4E-03  1.7892508E+00   100
    65      1  1.0E+00     66 (0.0E+00) 8.9E-03  1.7890904E+00   100
    66      1  1.0E+00     67 (0.0E+00) 6.8E-03  1.7889739E+00   100
    67      1  1.0E+00     68 (0.0E+00) 5.2E-03  1.7888764E+00   100           R
    68      1  1.0E+00     69 (0.0E+00) 7.5E-03  1.7888428E+00   100         s
    69      1  2.4E-02     70 (0.0E+00) 2.0E-02  1.7888191E+00   100

 Major Minors     Step   nCon Feasible  Optimal  MeritFunction    nS Penalty
    70      1  4.0E-01     71 (0.0E+00) 7.5E-03  1.7886624E+00   100
    71      1  1.0E+00     72 (0.0E+00) 1.2E-02  1.7886455E+00   100
    72      1  4.3E-01     73 (0.0E+00) 8.1E-03  1.7885632E+00   100
    73      1  1.0E+00     74 (0.0E+00) 6.8E-03  1.7884974E+00   100
    74      1  1.0E+00     75 (0.0E+00) 5.5E-03  1.7884411E+00   100
    75      1  1.0E+00     76 (0.0E+00) 5.7E-03  1.7883232E+00   100
    76      1  1.0E+00     77 (0.0E+00) 4.8E-03  1.7881750E+00   100
    77      1  1.0E+00     78 (0.0E+00) 4.6E-03  1.7880090E+00   100
    78      1  1.0E+00     79 (0.0E+00) 4.9E-03  1.7878390E+00   100           R
    79      1  1.0E+00     80 (0.0E+00) 1.1E-02  1.7877917E+00   100         s

 Major Minors     Step   nCon Feasible  Optimal  MeritFunction    nS Penalty
    80      1  3.0E-02     81 (0.0E+00) 1.6E-02  1.7877686E+00   100
    81      1  1.0E+00     82 (0.0E+00) 1.6E-02  1.7877662E+00   100
    82      1  1.0E+00     83 (0.0E+00) 4.7E-03  1.7876998E+00   100
    83      1  4.8E-01     84 (0.0E+00) 8.5E-03  1.7876000E+00   100
    84      1  3.9E-01     85 (0.0E+00) 4.1E-03  1.7875363E+00   100
    85      1  1.0E+00     86 (0.0E+00) 3.5E-03  1.7875143E+00   100
    86      1  1.0E+00     87 (0.0E+00) 7.0E-03  1.7874727E+00   100
    87      1  1.0E+00     88 (0.0E+00) 6.1E-03  1.7874222E+00   100
    88      1  1.0E+00     89 (0.0E+00) 3.5E-03  1.7874034E+00   100
    89      1  1.0E+00     90 (0.0E+00) 4.0E-03  1.7873850E+00   100           R

 Major Minors     Step   nCon Feasible  Optimal  MeritFunction    nS Penalty
    90      1  2.4E-01     91 (0.0E+00) 6.3E-03  1.7873833E+00   100         s
    91      1  4.3E-01     92 (0.0E+00) 4.1E-03  1.7873801E+00   100
    92      1  1.0E+00     93 (0.0E+00) 3.6E-03  1.7873763E+00   100
    93      1  1.0E+00     94 (0.0E+00) 4.4E-03  1.7873597E+00   100
    94      1  1.0E+00     95 (0.0E+00) 4.4E-03  1.7873513E+00   100
    95      1  1.0E+00     96 (0.0E+00) 3.6E-03  1.7873375E+00   100
    96      1  1.0E+00     97 (0.0E+00) 3.8E-03  1.7873322E+00   100
    97      1  1.0E+00     98 (0.0E+00) 4.6E-03  1.7873282E+00   100
    98      1  1.0E+00     99 (0.0E+00) 5.0E-03  1.7873230E+00   100
    99      1  1.0E+00    100 (0.0E+00) 5.2E-03  1.7873128E+00   100

 Major Minors     Step   nCon Feasible  Optimal  MeritFunction    nS Penalty
   100      1  1.0E+00    101 (0.0E+00) 4.5E-03  1.7872970E+00   100           R
   101      1  1.0E+00    102 (0.0E+00) 4.4E-03  1.7872879E+00   100         s
   102      1  1.3E-01    103 (0.0E+00) 6.8E-03  1.7872856E+00   100
   103      1  1.0E+00    104 (0.0E+00) 5.9E-03  1.7872819E+00   100
   104      1  1.0E+00    105 (0.0E+00) 2.7E-03  1.7872755E+00   100
   105      1  1.0E+00    106 (0.0E+00) 3.2E-03  1.7872724E+00   100
   106      1  1.0E+00    107 (0.0E+00) 4.7E-03  1.7872619E+00   100
   107      1  1.0E+00    108 (0.0E+00) 4.3E-03  1.7872517E+00   100
   108      1  1.0E+00    109 (0.0E+00) 3.6E-03  1.7872397E+00   100
   109      1  1.0E+00    110 (0.0E+00) 2.4E-03  1.7872294E+00   100

 Major Minors     Step   nCon Feasible  Optimal  MeritFunction    nS Penalty
   110      1  1.0E+00    111 (0.0E+00) 3.1E-03  1.7872184E+00   100
   111      1  1.0E+00    112 (0.0E+00) 4.0E-03  1.7872043E+00   100           R
   112      1  1.7E-01    113 (0.0E+00) 4.7E-03  1.7872028E+00   100         s
   113      1  1.0E+00    114 (0.0E+00) 4.4E-03  1.7871997E+00   100
   114      1  1.0E+00    115 (0.0E+00) 2.3E-03  1.7871893E+00   100
   115      1  1.0E+00    116 (0.0E+00) 2.0E-03  1.7871878E+00   100
   116      1  1.0E+00    117 (0.0E+00) 3.8E-03  1.7871758E+00   100
   117      1  1.0E+00    118 (0.0E+00) 4.1E-03  1.7871706E+00   100
   118      1  1.0E+00    119 (0.0E+00) 3.4E-03  1.7871657E+00   100
   119      1  1.0E+00    120 (0.0E+00) 2.4E-03  1.7871627E+00   100

 Major Minors     Step   nCon Feasible  Optimal  MeritFunction    nS Penalty
   120      1  1.0E+00    121 (0.0E+00) 2.4E-03  1.7871602E+00   100
   121      1  1.0E+00    122 (0.0E+00) 3.0E-03  1.7871585E+00   100
   122      1  1.0E+00    123 (0.0E+00) 3.2E-03  1.7871565E+00   100           R
   123      1  1.0E+00    124 (0.0E+00) 3.0E-03  1.7871554E+00   100         s
   124      1  1.0E+00    125 (0.0E+00) 8.0E-03  1.7871541E+00   100
   125      1  2.5E-01    126 (0.0E+00) 4.8E-03  1.7871518E+00   100
   126      1  1.0E+00    127 (0.0E+00) 2.6E-03  1.7871498E+00   100
   127      1  1.0E+00    128 (0.0E+00) 4.0E-03  1.7871466E+00   100
   128      1  1.0E+00    129 (0.0E+00) 5.0E-03  1.7871428E+00   100
   129      1  1.0E+00    130 (0.0E+00) 4.8E-03  1.7871379E+00   100

 Major Minors     Step   nCon Feasible  Optimal  MeritFunction    nS Penalty
   130      1  1.0E+00    131 (0.0E+00) 3.6E-03  1.7871301E+00   100
   131      1  1.0E+00    132 (0.0E+00) 3.7E-03  1.7871181E+00   100
   132      1  1.0E+00    133 (0.0E+00) 4.5E-03  1.7871031E+00   100
   133      1  1.0E+00    134 (0.0E+00) 3.7E-03  1.7870878E+00   100           R
   134      1  2.7E-01    135 (0.0E+00) 4.4E-03  1.7870859E+00   100         s
   135      1  1.0E+00    136 (0.0E+00) 4.4E-03  1.7870816E+00   100
   136      1  1.0E+00    137 (0.0E+00) 4.3E-03  1.7870647E+00   100
   137      1  1.0E+00    138 (0.0E+00) 3.8E-03  1.7870590E+00   100
   138      1  1.0E+00    139 (0.0E+00) 1.9E-03  1.7870482E+00   100
   139      1  1.0E+00    140 (0.0E+00) 1.8E-03  1.7870461E+00   100

 Major Minors     Step   nCon Feasible  Optimal  MeritFunction    nS Penalty
   140      1  1.0E+00    141 (0.0E+00) 2.0E-03  1.7870452E+00   100
   141      1  1.0E+00    142 (0.0E+00) 2.1E-03  1.7870442E+00   100
   142      1  1.0E+00    143 (0.0E+00) 1.9E-03  1.7870422E+00   100
   143      1  1.0E+00    144 (0.0E+00) 1.6E-03  1.7870399E+00   100
   144      1  1.0E+00    145 (0.0E+00) 2.0E-03  1.7870383E+00   100           R
   145      1  1.0E+00    146 (0.0E+00) 2.2E-03  1.7870377E+00   100         s
   146      1  3.6E-01    147 (0.0E+00) 4.0E-03  1.7870362E+00   100
   147      1  1.0E+00    148 (0.0E+00) 1.8E-03  1.7870346E+00   100
   148      1  1.0E+00    149 (0.0E+00) 2.8E-03  1.7870331E+00   100
   149      1  1.0E+00    150 (0.0E+00) 3.8E-03  1.7870306E+00   100

 Major Minors     Step   nCon Feasible  Optimal  MeritFunction    nS Penalty
   150      1  1.0E+00    151 (0.0E+00) 3.6E-03  1.7870284E+00   100
   151      1  1.0E+00    152 (0.0E+00) 2.7E-03  1.7870244E+00   100
   152      1  1.0E+00    153 (0.0E+00) 3.4E-03  1.7870187E+00   100
   153      1  1.0E+00    154 (0.0E+00) 4.5E-03  1.7870108E+00   100
   154      1  1.0E+00    155 (0.0E+00) 4.3E-03  1.7870021E+00   100
   155      1  1.0E+00    156 (0.0E+00) 2.9E-03  1.7869925E+00   100           R
   156      1  1.0E+00    157 (0.0E+00) 4.5E-03  1.7869881E+00   100         s
   157      1  2.0E-01    158 (0.0E+00) 3.9E-03  1.7869774E+00   100
   158      1  1.0E+00    159 (0.0E+00) 1.9E-03  1.7869720E+00   100
   159      1  1.0E+00    160 (0.0E+00) 3.4E-03  1.7869680E+00   100

 Major Minors     Step   nCon Feasible  Optimal  MeritFunction    nS Penalty
   160      1  1.0E+00    161 (0.0E+00) 2.8E-03  1.7869649E+00   100
   161      1  1.0E+00    162 (0.0E+00) 1.4E-03  1.7869626E+00   100
   162      1  1.0E+00    163 (0.0E+00) 2.0E-03  1.7869603E+00   100
   163      1  1.0E+00    164 (0.0E+00) 2.9E-03  1.7869564E+00   100
   164      1  1.0E+00    165 (0.0E+00) 3.2E-03  1.7869506E+00   100
   165      1  1.0E+00    166 (0.0E+00) 2.6E-03  1.7869438E+00   100
   166      1  1.0E+00    167 (0.0E+00) 1.5E-03  1.7869382E+00   100           R
   167      1  1.0E+00    168 (0.0E+00) 3.4E-03  1.7869364E+00   100         s
   168      1  1.4E-01    169 (0.0E+00) 3.8E-03  1.7869332E+00   100
   169      1  1.0E+00    170 (0.0E+00) 3.1E-03  1.7869301E+00   100

 Major Minors     Step   nCon Feasible  Optimal  MeritFunction    nS Penalty
   170      1  1.0E+00    171 (0.0E+00) 2.1E-03  1.7869244E+00   100
   171      1  1.0E+00    172 (0.0E+00) 1.4E-03  1.7869212E+00   100
   172      1  1.0E+00    173 (0.0E+00) 1.5E-03  1.7869193E+00   100
   173      1  1.0E+00    174 (0.0E+00) 1.4E-03  1.7869174E+00   100
   174      1  1.0E+00    175 (0.0E+00) 1.6E-03  1.7869137E+00   100
   175      1  1.0E+00    176 (0.0E+00) 1.2E-03  1.7869095E+00   100
   176      1  1.0E+00    177 (0.0E+00) 1.1E-03  1.7869030E+00   100
   177      1  1.0E+00    178 (0.0E+00) 2.3E-03  1.7868946E+00   100           R
   178      1  1.0E+00    179 (0.0E+00) 5.8E-03  1.7868920E+00   100         s
   179      1  1.3E-01    180 (0.0E+00) 1.9E-03  1.7868902E+00   100

 Major Minors     Step   nCon Feasible  Optimal  MeritFunction    nS Penalty
   180      1  1.0E+00    181 (0.0E+00) 1.3E-03  1.7868840E+00   100
   181      1  1.0E+00    182 (0.0E+00) 1.8E-03  1.7868813E+00   100
   182      1  1.0E+00    183 (0.0E+00) 1.2E-03  1.7868794E+00   100
   183      1  1.0E+00    184 (0.0E+00) 1.3E-03  1.7868778E+00   100
   184      1  1.0E+00    185 (0.0E+00) 1.2E-03  1.7868754E+00   100
   185      1  1.0E+00    186 (0.0E+00) 1.2E-03  1.7868730E+00   100
   186      1  1.0E+00    187 (0.0E+00) 1.2E-03  1.7868709E+00   100
   187      1  1.0E+00    188 (0.0E+00) 9.8E-04  1.7868691E+00   100
   188      1  1.0E+00    189 (0.0E+00) 1.1E-03  1.7868675E+00   100           R
   189      1  1.0E+00    190 (0.0E+00) 1.6E-03  1.7868665E+00   100         s

 Major Minors     Step   nCon Feasible  Optimal  MeritFunction    nS Penalty
   190      1  9.1E-02    191 (0.0E+00) 1.8E-03  1.7868663E+00   100
   191      1  1.0E+00    192 (0.0E+00) 1.2E-03  1.7868652E+00   100
   192      1  1.0E+00    193 (0.0E+00) 1.7E-03  1.7868637E+00   100
   193      1  1.0E+00    194 (0.0E+00) 1.4E-03  1.7868622E+00   100
   194      1  1.0E+00    195 (0.0E+00) 1.5E-03  1.7868609E+00   100
   195      1  1.0E+00    196 (0.0E+00) 1.2E-03  1.7868590E+00   100
   196      1  1.0E+00    197 (0.0E+00) 8.5E-04  1.7868568E+00   100
   197      1  1.0E+00    198 (0.0E+00) 1.5E-03  1.7868534E+00   100
   198      1  1.0E+00    199 (0.0E+00) 1.8E-03  1.7868502E+00   100
   199      1  1.0E+00    200 (0.0E+00) 1.7E-03  1.7868465E+00   100           R

 Major Minors     Step   nCon Feasible  Optimal  MeritFunction    nS Penalty
   200      1  1.0E+00    201 (0.0E+00) 2.4E-03  1.7868443E+00   100         s
   201      1  4.9E-02    202 (0.0E+00) 2.5E-03  1.7868434E+00   100
   202      1  3.7E-01    203 (0.0E+00) 1.8E-03  1.7868390E+00   100
   203      1  3.0E-01    204 (0.0E+00) 1.1E-03  1.7868376E+00   100
   204      1  1.0E+00    205 (0.0E+00) 1.2E-03  1.7868370E+00   100
   205      1  1.0E+00    206 (0.0E+00) 1.7E-03  1.7868347E+00   100
   206      1  1.0E+00    207 (0.0E+00) 1.2E-03  1.7868324E+00   100
   207      1  1.0E+00    208 (0.0E+00) 1.0E-03  1.7868317E+00   100
   208      1  1.0E+00    209 (0.0E+00) 1.4E-03  1.7868309E+00   100
   209      1  1.0E+00    210 (0.0E+00) 1.2E-03  1.7868298E+00   100

 Major Minors     Step   nCon Feasible  Optimal  MeritFunction    nS Penalty
   210      1  1.0E+00    211 (0.0E+00) 1.0E-03  1.7868273E+00   100           R
   211      1  5.0E-01    212 (0.0E+00) 2.0E-03  1.7868265E+00   100         s
   212      1  1.1E-01    213 (0.0E+00) 9.5E-04  1.7868264E+00   100
   213      1  1.0E+00    214 (0.0E+00) 7.7E-04  1.7868261E+00   100
   214      1  1.0E+00    215 (0.0E+00) 7.6E-04  1.7868255E+00   100
   215      1  1.0E+00    216 (0.0E+00) 9.4E-04  1.7868243E+00   100
   216      1  1.0E+00    217 (0.0E+00) 1.1E-03  1.7868234E+00   100
   217      1  1.0E+00    218 (0.0E+00) 1.0E-03  1.7868225E+00   100
   218      1  1.0E+00    219 (0.0E+00) 9.9E-04  1.7868217E+00   100
   219      1  1.0E+00    220 (0.0E+00) 7.8E-04  1.7868208E+00   100

 Major Minors     Step   nCon Feasible  Optimal  MeritFunction    nS Penalty
   220      1  1.0E+00    221 (0.0E+00) 7.7E-04  1.7868195E+00   100
   221      1  1.0E+00    222 (0.0E+00) 1.1E-03  1.7868180E+00   100           R
   222      1  1.0E+00    223 (0.0E+00) 1.1E-03  1.7868173E+00   100         s
   223      1  5.1E-02    224 (0.0E+00) 2.3E-03  1.7868168E+00   100
   224      1  1.0E+00    225 (0.0E+00) 7.6E-04  1.7868156E+00   100
   225      1  1.0E+00    226 (0.0E+00) 1.9E-03  1.7868149E+00   100
   226      1  1.0E+00    227 (0.0E+00) 2.0E-03  1.7868139E+00   100
   227      1  1.0E+00    228 (0.0E+00) 1.6E-03  1.7868129E+00   100
   228      1  4.0E-01    229 (0.0E+00) 1.2E-03  1.7868123E+00   100
   229      1  1.0E+00    230 (0.0E+00) 8.2E-04  1.7868116E+00   100

 Major Minors     Step   nCon Feasible  Optimal  MeritFunction    nS Penalty
   230      1  1.0E+00    231 (0.0E+00) 1.1E-03  1.7868107E+00   100
   231      1  1.0E+00    232 (0.0E+00) 1.3E-03  1.7868096E+00   100
   232      1  1.0E+00    233 (0.0E+00) 7.7E-04  1.7868073E+00   100           R
   233      1  2.5E-01    234 (0.0E+00) 2.4E-03  1.7868070E+00   100         s
   234      1  1.0E+00    235 (0.0E+00) 1.4E-03  1.7868058E+00   100
   235      1  1.0E+00    236 (0.0E+00) 1.1E-03  1.7868052E+00   100
   236      1  1.0E+00    237 (0.0E+00) 7.5E-04  1.7868041E+00   100
   237      1  1.0E+00    238 (0.0E+00) 7.6E-04  1.7868036E+00   100
   238      1  1.0E+00    239 (0.0E+00) 5.4E-04  1.7868032E+00   100
   239      1  1.0E+00    240 (0.0E+00) 6.7E-04  1.7868030E+00   100

 Major Minors     Step   nCon Feasible  Optimal  MeritFunction    nS Penalty
   240      1  1.0E+00    241 (0.0E+00) 8.6E-04  1.7868027E+00   100
   241      1  1.0E+00    242 (0.0E+00) 1.0E-03  1.7868023E+00   100
   242      1  1.0E+00    243 (0.0E+00) 1.1E-03  1.7868017E+00   100
   243      1  1.0E+00    244 (0.0E+00) 8.9E-04  1.7868012E+00   100           R
   244      1  1.0E+00    245 (0.0E+00) 6.8E-04  1.7868010E+00   100         s
   245      1  1.0E+00    246 (0.0E+00) 1.7E-03  1.7868008E+00   100
   246      1  1.3E-01    247 (0.0E+00) 6.3E-04  1.7868006E+00   100
   247      1  1.0E+00    248 (0.0E+00) 7.0E-04  1.7868005E+00   100
   248      1  1.0E+00    249 (0.0E+00) 8.9E-04  1.7868002E+00   100
   249      1  1.0E+00    250 (0.0E+00) 1.0E-03  1.7867998E+00   100

 Major Minors     Step   nCon Feasible  Optimal  MeritFunction    nS Penalty
   250      1  1.0E+00    251 (0.0E+00) 1.1E-03  1.7867992E+00   100
   251      1  1.0E+00    252 (0.0E+00) 1.1E-03  1.7867984E+00   100
   252      1  1.0E+00    253 (0.0E+00) 9.4E-04  1.7867973E+00   100
   253      1  1.0E+00    254 (0.0E+00) 7.5E-04  1.7867961E+00   100
   254      1  1.0E+00    255 (0.0E+00) 7.6E-04  1.7867946E+00   100           R
   255      1  1.0E+00    256 (0.0E+00) 3.3E-03  1.7867944E+00   100         s
   256      1  1.0E+00    257 (0.0E+00) 2.3E-03  1.7867938E+00   100
   257      1  1.0E+00    258 (0.0E+00) 9.7E-04  1.7867928E+00   100
   258      1  1.0E+00    259 (0.0E+00) 8.8E-04  1.7867922E+00   100
   259      1  1.0E+00    260 (0.0E+00) 1.2E-03  1.7867914E+00   100

 Major Minors     Step   nCon Feasible  Optimal  MeritFunction    nS Penalty
   260      1  1.0E+00    261 (0.0E+00) 9.7E-04  1.7867910E+00   100
   261      1  1.0E+00    262 (0.0E+00) 5.5E-04  1.7867906E+00   100
   262      1  1.0E+00    263 (0.0E+00) 7.4E-04  1.7867903E+00   100
   263      1  1.0E+00    264 (0.0E+00) 7.9E-04  1.7867900E+00   100
   264      1  1.0E+00    265 (0.0E+00) 7.2E-04  1.7867899E+00   100
   265      1  1.0E+00    266 (0.0E+00) 5.5E-04  1.7867897E+00   100           R
   266      1  1.0E+00    267 (0.0E+00) 7.5E-04  1.7867897E+00   100         s
   267      1  7.8E-02    268 (0.0E+00) 1.1E-03  1.7867895E+00   100
   268      1  1.0E+00    269 (0.0E+00) 7.2E-04  1.7867894E+00   100
   269      1  1.0E+00    270 (0.0E+00) 1.5E-03  1.7867893E+00   100

 Major Minors     Step   nCon Feasible  Optimal  MeritFunction    nS Penalty
   270      1  1.0E+00    271 (0.0E+00) 8.5E-04  1.7867890E+00   100
   271      1  1.0E+00    272 (0.0E+00) 5.9E-04  1.7867887E+00   100
   272      1  1.0E+00    273 (0.0E+00) 1.8E-03  1.7867880E+00   100
   273      1  1.0E+00    274 (0.0E+00) 1.7E-03  1.7867868E+00   100
   274      1  1.0E+00    275 (0.0E+00) 6.0E-04  1.7867853E+00   100
   275      1  1.0E+00    276 (0.0E+00) 8.4E-04  1.7867826E+00   100
   276      1  1.0E+00    277 (0.0E+00) 8.9E-04  1.7867791E+00   100           R
   277      1  4.9E-01    278 (0.0E+00) 8.9E-04  1.7867778E+00   100         s
   278      1  4.1E-01    279 (0.0E+00) 1.0E-03  1.7867776E+00   100
   279      1  4.5E-01    280 (0.0E+00) 4.0E-04  1.7867772E+00   100

 Major Minors     Step   nCon Feasible  Optimal  MeritFunction    nS Penalty
   280      1  1.0E+00    281 (0.0E+00) 3.1E-04  1.7867768E+00   100
   281      1  1.0E+00    282 (0.0E+00) 3.6E-04  1.7867756E+00   100
   282      1  1.0E+00    283 (0.0E+00) 3.1E-04  1.7867755E+00   100
   283      1  1.0E+00    284 (0.0E+00) 3.0E-04  1.7867754E+00   100
   284      1  1.0E+00    285 (0.0E+00) 3.0E-04  1.7867754E+00   100
   285      1  1.0E+00    286 (0.0E+00) 3.2E-04  1.7867753E+00   100
   286      1  1.0E+00    287 (0.0E+00) 3.3E-04  1.7867752E+00   100
   287      1  1.0E+00    288 (0.0E+00) 3.1E-04  1.7867751E+00   100           R
   288      1  1.0E+00    289 (0.0E+00) 3.1E-04  1.7867751E+00   100         s
   289      1  2.0E-01    290 (0.0E+00) 7.2E-04  1.7867751E+00   100

 Major Minors     Step   nCon Feasible  Optimal  MeritFunction    nS Penalty
   290      1  8.5E-02    291 (0.0E+00) 2.8E-04  1.7867750E+00   100
   291      1  4.4E-01    292 (0.0E+00) 2.8E-04  1.7867750E+00   100
   292      1  1.0E+00    293 (0.0E+00) 3.0E-04  1.7867750E+00   100
   293      1  1.0E+00    294 (0.0E+00) 2.5E-04  1.7867749E+00   100
   294      1  1.0E+00    295 (0.0E+00) 4.5E-04  1.7867746E+00   100
   295      1  4.4E-01    296 (0.0E+00) 5.7E-04  1.7867744E+00   100
   296      1  1.0E+00    297 (0.0E+00) 4.5E-04  1.7867739E+00   100
   297      1  1.0E+00    298 (0.0E+00) 3.5E-04  1.7867733E+00   100
   298      1  1.0E+00    299 (0.0E+00) 4.1E-04  1.7867728E+00   100           R
   299      1  1.0E+00    300 (0.0E+00) 7.1E-04  1.7867726E+00   100         s

 Major Minors     Step   nCon Feasible  Optimal  MeritFunction    nS Penalty
   300      1  1.0E+00    301 (0.0E+00) 6.9E-04  1.7867724E+00   100
   301      1  1.1E-01    302 (0.0E+00) 6.9E-04  1.7867723E+00   100
   302      1  1.0E+00    303 (0.0E+00) 3.0E-04  1.7867722E+00   100
   303      1  1.0E+00    304 (0.0E+00) 4.0E-04  1.7867718E+00   100
   304      1  1.0E+00    305 (0.0E+00) 4.0E-04  1.7867718E+00   100
   305      1  1.0E+00    306 (0.0E+00) 3.5E-04  1.7867717E+00   100
   306      1  1.0E+00    307 (0.0E+00) 2.5E-04  1.7867716E+00   100
   307      1  1.0E+00    308 (0.0E+00) 2.5E-04  1.7867716E+00   100
   308      1  1.0E+00    309 (0.0E+00) 2.5E-04  1.7867715E+00   100
   309      1  1.0E+00    310 (0.0E+00) 2.3E-04  1.7867715E+00   100           R

 Major Minors     Step   nCon Feasible  Optimal  MeritFunction    nS Penalty
   310      1  1.0E+00    311 (0.0E+00) 3.6E-04  1.7867714E+00   100         s
   311      1  6.0E-02    312 (0.0E+00) 3.5E-04  1.7867714E+00   100
   312      1  1.0E+00    313 (0.0E+00) 2.9E-04  1.7867714E+00   100
   313      1  1.0E+00    314 (0.0E+00) 2.4E-04  1.7867714E+00   100
   314      1  1.0E+00    315 (0.0E+00) 1.5E-04  1.7867713E+00   100
   315      1  1.0E+00    316 (0.0E+00) 2.1E-04  1.7867713E+00   100
   316      1  1.0E+00    317 (0.0E+00) 6.5E-04  1.7867713E+00   100
   317      1  1.0E+00    318 (0.0E+00) 2.8E-04  1.7867712E+00   100
   318      1  1.0E+00    319 (0.0E+00) 1.9E-04  1.7867711E+00   100
   319      1  1.0E+00    320 (0.0E+00) 3.7E-04  1.7867710E+00   100

 Major Minors     Step   nCon Feasible  Optimal  MeritFunction    nS Penalty
   320      1  1.0E+00    321 (0.0E+00) 4.5E-04  1.7867708E+00   100           R
   321      1  1.8E-01    322 (0.0E+00) 5.3E-04  1.7867708E+00   100         s
   322      1  1.0E+00    323 (0.0E+00) 1.9E-04  1.7867708E+00   100
   323      1  1.0E+00    324 (0.0E+00) 2.6E-04  1.7867708E+00   100
   324      1  1.0E+00    325 (0.0E+00) 3.1E-04  1.7867707E+00   100
   325      1  1.0E+00    326 (0.0E+00) 3.2E-04  1.7867707E+00   100
   326      1  1.0E+00    327 (0.0E+00) 2.6E-04  1.7867707E+00   100
   327      1  1.0E+00    328 (0.0E+00) 1.9E-04  1.7867706E+00   100
   328      1  1.0E+00    329 (0.0E+00) 1.9E-04  1.7867706E+00   100
   329      1  1.0E+00    330 (0.0E+00) 2.0E-04  1.7867706E+00   100

 Major Minors     Step   nCon Feasible  Optimal  MeritFunction    nS Penalty
   330      1  1.0E+00    331 (0.0E+00) 1.8E-04  1.7867706E+00   100
   331      1  1.0E+00    332 (0.0E+00) 1.9E-04  1.7867706E+00   100           R
   332      1  1.0E+00    333 (0.0E+00) 3.7E-04  1.7867706E+00   100         s
   333      1  1.0E+00    334 (0.0E+00) 3.1E-04  1.7867706E+00   100
   334      1  1.0E+00    335 (0.0E+00) 1.7E-04  1.7867705E+00   100
   335      1  1.0E+00    336 (0.0E+00) 2.3E-04  1.7867705E+00   100
   336      1  1.0E+00    337 (0.0E+00) 3.1E-04  1.7867705E+00   100
   337      1  1.0E+00    338 (0.0E+00) 3.1E-04  1.7867705E+00   100
   338      1  1.0E+00    339 (0.0E+00) 2.4E-04  1.7867705E+00   100
   339      1  1.0E+00    340 (0.0E+00) 1.5E-04  1.7867705E+00   100

 Major Minors     Step   nCon Feasible  Optimal  MeritFunction    nS Penalty
   340      1  1.0E+00    341 (0.0E+00) 2.1E-04  1.7867705E+00   100
   341      1  1.0E+00    342 (0.0E+00) 2.5E-04  1.7867705E+00   100
   342      1  1.0E+00    343 (0.0E+00) 2.8E-04  1.7867705E+00   100           R
   343      1  1.0E+00    344 (0.0E+00) 2.4E-04  1.7867705E+00   100         s
   344      1  4.8E-01    345 (0.0E+00) 1.5E-04  1.7867705E+00   100
   345      1  1.0E+00    346 (0.0E+00) 1.4E-04  1.7867705E+00   100
   346      1  1.0E+00    347 (0.0E+00) 1.4E-04  1.7867704E+00   100
   347      1  1.0E+00    348 (0.0E+00) 1.4E-04  1.7867704E+00   100
   348      1  1.0E+00    349 (0.0E+00) 1.3E-04  1.7867704E+00   100
   349      1  1.0E+00    350 (0.0E+00) 1.2E-04  1.7867704E+00   100

 Major Minors     Step   nCon Feasible  Optimal  MeritFunction    nS Penalty
   350      1  1.0E+00    351 (0.0E+00) 1.3E-04  1.7867704E+00   100
   351      1  1.0E+00    352 (0.0E+00) 1.4E-04  1.7867704E+00   100
   352      1  1.0E+00    353 (0.0E+00) 1.6E-04  1.7867704E+00   100
   353      1  1.0E+00    354 (0.0E+00) 1.6E-04  1.7867704E+00   100           R
   354      1  1.0E+00    355 (0.0E+00) 2.3E-04  1.7867704E+00   100         s
   355      1  1.5E-01    356 (0.0E+00) 3.1E-04  1.7867703E+00   100
   356      1  1.0E+00    357 (0.0E+00) 1.7E-04  1.7867703E+00   100
   357      1  1.0E+00    358 (0.0E+00) 1.2E-04  1.7867703E+00   100
   358      1  1.0E+00    359 (0.0E+00) 1.6E-04  1.7867703E+00   100
   359      1  1.0E+00    360 (0.0E+00) 1.9E-04  1.7867703E+00   100

 Major Minors     Step   nCon Feasible  Optimal  MeritFunction    nS Penalty
   360      1  1.0E+00    361 (0.0E+00) 1.7E-04  1.7867703E+00   100
   361      1  1.0E+00    362 (0.0E+00) 1.3E-04  1.7867703E+00   100
   362      1  1.0E+00    363 (0.0E+00) 2.0E-04  1.7867703E+00   100
   363      1  1.0E+00    364 (0.0E+00) 3.5E-04  1.7867702E+00   100
   364      1  1.0E+00    365 (0.0E+00) 5.3E-04  1.7867701E+00   100           R
   365      1  3.2E-01    366 (0.0E+00) 3.4E-04  1.7867700E+00   100         s
   366      1  1.0E+00    367 (0.0E+00) 1.8E-04  1.7867700E+00   100
   367      1  1.0E+00    368 (0.0E+00) 1.5E-04  1.7867700E+00   100
   368      1  1.0E+00    369 (0.0E+00) 2.1E-04  1.7867699E+00   100
   369      1  1.0E+00    370 (0.0E+00) 2.1E-04  1.7867699E+00   100

 Major Minors     Step   nCon Feasible  Optimal  MeritFunction    nS Penalty
   370      1  1.0E+00    371 (0.0E+00) 1.6E-04  1.7867699E+00   100
   371      1  1.0E+00    372 (0.0E+00) 1.3E-04  1.7867699E+00   100
   372      1  1.0E+00    373 (0.0E+00) 1.4E-04  1.7867699E+00   100
   373      1  1.0E+00    374 (0.0E+00) 1.4E-04  1.7867699E+00   100
   374      1  1.0E+00    375 (0.0E+00) 1.4E-04  1.7867699E+00   100
   375      1  1.0E+00    376 (0.0E+00) 1.3E-04  1.7867699E+00   100           R
   376      1  1.0E+00    377 (0.0E+00) 1.7E-04  1.7867699E+00   100         s
   377      1  2.3E-01    378 (0.0E+00) 2.3E-04  1.7867699E+00   100
   378      1  1.0E+00    379 (0.0E+00) 1.4E-04  1.7867699E+00   100
   379      1  1.0E+00    380 (0.0E+00) 1.7E-04  1.7867699E+00   100

 Major Minors     Step   nCon Feasible  Optimal  MeritFunction    nS Penalty
   380      1  1.0E+00    381 (0.0E+00) 2.7E-04  1.7867699E+00   100
   381      1  1.0E+00    382 (0.0E+00) 2.6E-04  1.7867698E+00   100
   382      1  1.0E+00    383 (0.0E+00) 2.2E-04  1.7867698E+00   100
   383      1  1.0E+00    384 (0.0E+00) 1.6E-04  1.7867698E+00   100
   384      1  1.0E+00    385 (0.0E+00) 1.5E-04  1.7867698E+00   100
   385      1  1.0E+00    386 (0.0E+00) 2.2E-04  1.7867697E+00   100
   386      1  1.0E+00    387 (0.0E+00) 2.5E-04  1.7867697E+00   100           R
   387      1  4.8E-01    388 (0.0E+00) 3.1E-04  1.7867697E+00   100         s
   388      1  1.0E+00    389 (0.0E+00) 2.4E-04  1.7867697E+00   100
   389      1  1.0E+00    390 (0.0E+00) 1.9E-04  1.7867697E+00   100

 Major Minors     Step   nCon Feasible  Optimal  MeritFunction    nS Penalty
   390      1  1.0E+00    391 (0.0E+00) 1.8E-04  1.7867697E+00   100
   391      1  1.0E+00    392 (0.0E+00) 1.7E-04  1.7867697E+00   100
   392      1  1.0E+00    393 (0.0E+00) 1.5E-04  1.7867696E+00   100
   393      1  1.0E+00    394 (0.0E+00) 1.2E-04  1.7867696E+00   100
   394      1  1.0E+00    395 (0.0E+00) 1.3E-04  1.7867696E+00   100
   395      1  1.0E+00    396 (0.0E+00) 1.3E-04  1.7867696E+00   100
   396      1  1.0E+00    397 (0.0E+00) 1.2E-04  1.7867696E+00   100
   397      1  1.0E+00    398 (0.0E+00) 1.0E-04  1.7867696E+00   100           R
   398      1  1.0E+00    399 (0.0E+00) 1.3E-04  1.7867696E+00   100         s
   399      1  1.4E-01    400 (0.0E+00) 2.1E-04  1.7867696E+00   100

 Major Minors     Step   nCon Feasible  Optimal  MeritFunction    nS Penalty
   400      1  1.0E+00    401 (0.0E+00) 2.0E-04  1.7867696E+00   100
   401      1  1.0E+00    402 (0.0E+00) 1.0E-04  1.7867696E+00   100
   402      1  1.0E+00    403 (0.0E+00) 1.2E-04  1.7867696E+00   100
   403      1  1.0E+00    404 (0.0E+00) 1.3E-04  1.7867696E+00   100
   404      1  1.0E+00    405 (0.0E+00) 8.5E-05  1.7867696E+00   100
   405      1  1.0E+00    406 (0.0E+00) 1.2E-04  1.7867695E+00   100
   406      1  1.0E+00    407 (0.0E+00) 1.9E-04  1.7867695E+00   100
   407      1  1.0E+00    408 (0.0E+00) 1.8E-04  1.7867695E+00   100
   408      1  1.0E+00    409 (0.0E+00) 1.4E-04  1.7867695E+00   100           R
   409      1  1.0E+00    410 (0.0E+00) 3.1E-04  1.7867695E+00   100         s

 Major Minors     Step   nCon Feasible  Optimal  MeritFunction    nS Penalty
   410      1  3.7E-01    411 (0.0E+00) 2.0E-04  1.7867695E+00   100
   411      1  1.0E+00    412 (0.0E+00) 1.4E-04  1.7867695E+00   100
   412      1  1.0E+00    413 (0.0E+00) 1.2E-04  1.7867695E+00   100
   413      1  1.0E+00    414 (0.0E+00) 1.1E-04  1.7867694E+00   100
   414      1  1.0E+00    415 (0.0E+00) 9.4E-05  1.7867694E+00   100
   415      1  1.0E+00    416 (0.0E+00) 8.1E-05  1.7867694E+00   100
   416      1  1.0E+00    417 (0.0E+00) 6.9E-05  1.7867694E+00   100
   417      1  1.0E+00    418 (0.0E+00) 5.8E-05  1.7867694E+00   100
   418      1  1.0E+00    419 (0.0E+00) 5.0E-05  1.7867694E+00   100
   419      1  1.0E+00    420 (0.0E+00) 7.0E-05  1.7867694E+00   100           R

 Major Minors     Step   nCon Feasible  Optimal  MeritFunction    nS Penalty
   420      1  1.0E+00    421 (0.0E+00) 7.0E-05  1.7867694E+00   100         s
   421      1  4.5E-02    422 (0.0E+00) 2.0E-04  1.7867694E+00   100
   422      1  2.8E-01    423 (0.0E+00) 7.5E-05  1.7867694E+00   100
   423      1  4.9E-01    424 (0.0E+00) 6.2E-05  1.7867694E+00   100
   424      1  3.7E-01    425 (0.0E+00) 8.2E-05  1.7867694E+00   100
   425      1  1.0E+00    426 (0.0E+00) 7.4E-05  1.7867694E+00   100
   426      1  1.0E+00    427 (0.0E+00) 9.0E-05  1.7867694E+00   100
   427      1  1.0E+00    428 (0.0E+00) 8.2E-05  1.7867694E+00   100
   428      1  1.0E+00    429 (0.0E+00) 1.3E-04  1.7867694E+00   100
   429      1  1.0E+00    430 (0.0E+00) 8.4E-05  1.7867693E+00   100

 Major Minors     Step   nCon Feasible  Optimal  MeritFunction    nS Penalty
   430      1  1.0E+00    431 (0.0E+00) 1.3E-04  1.7867693E+00   100           R
   431      1  4.0E-01    432 (0.0E+00) 1.2E-04  1.7867693E+00   100         s
   432      1  1.4E-01    433 (0.0E+00) 7.8E-05  1.7867693E+00   100
   433      1  1.0E+00    434 (0.0E+00) 5.5E-05  1.7867693E+00   100
   434      1  1.0E+00    435 (0.0E+00) 5.2E-05  1.7867693E+00   100
   435      1  1.0E+00    436 (0.0E+00) 6.4E-05  1.7867693E+00   100
   436      1  1.0E+00    437 (0.0E+00) 6.0E-05  1.7867693E+00   100
   437      1  1.0E+00    438 (0.0E+00) 5.7E-05  1.7867693E+00   100
   438      1  1.0E+00    439 (0.0E+00) 4.6E-05  1.7867693E+00   100
   439      1  1.0E+00    440 (0.0E+00) 4.6E-05  1.7867693E+00   100

 Major Minors     Step   nCon Feasible  Optimal  MeritFunction    nS Penalty
   440      1  1.0E+00    441 (0.0E+00) 4.4E-05  1.7867693E+00   100
   441      1  1.0E+00    442 (0.0E+00) 4.9E-05  1.7867693E+00   100           R
   442      1  1.0E+00    443 (0.0E+00) 5.0E-05  1.7867693E+00   100         s
   443      1  6.6E-02    444 (0.0E+00) 9.8E-05  1.7867693E+00   100
   444      1  1.0E+00    445 (0.0E+00) 4.8E-05  1.7867693E+00   100
   445      1  1.0E+00    446 (0.0E+00) 1.1E-04  1.7867693E+00   100
   446      1  1.0E+00    447 (0.0E+00) 3.6E-05  1.7867693E+00   100
   447      1  1.0E+00    448 (0.0E+00) 6.8E-05  1.7867693E+00   100
   448      1  1.0E+00    449 (0.0E+00) 7.2E-05  1.7867693E+00   100
   449      1  1.0E+00    450 (0.0E+00) 3.4E-05  1.7867693E+00   100

 Major Minors     Step   nCon Feasible  Optimal  MeritFunction    nS Penalty
   450      1  1.0E+00    451 (0.0E+00) 4.4E-05  1.7867693E+00   100
   451      1  1.0E+00    452 (0.0E+00) 7.9E-05  1.7867693E+00   100
   452      1  1.0E+00    453 (0.0E+00) 4.3E-05  1.7867693E+00   100           R
   453      1  3.6E-01    454 (0.0E+00) 1.6E-04  1.7867693E+00   100         s
   454      1  3.7E-01    455 (0.0E+00) 4.6E-05  1.7867692E+00   100
   455      1  1.0E+00    456 (0.0E+00) 3.7E-05  1.7867692E+00   100
   456      1  1.0E+00    457 (0.0E+00) 5.5E-05  1.7867692E+00   100
   457      1  1.0E+00    458 (0.0E+00) 5.9E-05  1.7867692E+00   100
   458      1  1.0E+00    459 (0.0E+00) 5.0E-05  1.7867692E+00   100
   459      1  1.0E+00    460 (0.0E+00) 4.0E-05  1.7867692E+00   100

 Major Minors     Step   nCon Feasible  Optimal  MeritFunction    nS Penalty
   460      1  1.0E+00    461 (0.0E+00) 3.2E-05  1.7867692E+00   100
   461      1  1.0E+00    462 (0.0E+00) 3.6E-05  1.7867692E+00   100
   462      1  1.0E+00    463 (0.0E+00) 3.4E-05  1.7867692E+00   100
   463      1  1.0E+00    464 (0.0E+00) 3.1E-05  1.7867692E+00   100           R
   463      2  1.0E+00    464 (0.0E+00) 3.8E-05  1.7867692E+00   100           R   c
   464      1  1.0E+00    465 (0.0E+00) 3.7E-05  1.7867692E+00   100         s
   465      1  2.2E-01    466 (0.0E+00) 9.7E-05  1.7867692E+00   100
   466      1  5.2E-02    467 (0.0E+00) 3.7E-05  1.7867692E+00   100
   467      1  1.0E+00    468 (0.0E+00) 4.4E-05  1.7867692E+00   100
   468      1  4.9E-01    469 (0.0E+00) 6.5E-05  1.7867692E+00   100
   469      1  4.5E-01    470 (0.0E+00) 4.8E-05  1.7867692E+00   100

 Major Minors     Step   nCon Feasible  Optimal  MeritFunction    nS Penalty
   470      1  1.0E+00    471 (0.0E+00) 3.8E-05  1.7867692E+00   100
   471      1  1.0E+00    472 (0.0E+00) 6.6E-05  1.7867692E+00   100
   472      1  1.0E+00    473 (0.0E+00) 3.7E-05  1.7867692E+00   100
   473      1  1.0E+00    474 (0.0E+00) 7.9E-05  1.7867692E+00   100
   474      1  1.0E+00    475 (0.0E+00) 8.8E-05  1.7867692E+00   100           R
   475      1  1.2E-01    476 (0.0E+00) 1.1E-04  1.7867692E+00   100         s
   476      1  1.0E+00    477 (0.0E+00) 3.3E-05  1.7867692E+00   100
   477      1  1.0E+00    478 (0.0E+00) 3.7E-05  1.7867692E+00   100
   478      1  1.0E+00    479 (0.0E+00) 5.4E-05  1.7867692E+00   100
   479      1  1.0E+00    480 (0.0E+00) 5.2E-05  1.7867692E+00   100

 Major Minors     Step   nCon Feasible  Optimal  MeritFunction    nS Penalty
   480      1  1.0E+00    481 (0.0E+00) 4.6E-05  1.7867692E+00   100
   481      1  1.0E+00    482 (0.0E+00) 4.2E-05  1.7867692E+00   100
   482      1  1.0E+00    483 (0.0E+00) 3.9E-05  1.7867692E+00   100
   483      1  1.0E+00    484 (0.0E+00) 3.8E-05  1.7867692E+00   100
   484      1  1.0E+00    485 (0.0E+00) 3.7E-05  1.7867692E+00   100
   485      1  1.0E+00    486 (0.0E+00) 3.3E-05  1.7867692E+00   100           R
   485      2  1.0E+00    486 (0.0E+00) 3.0E-05  1.7867692E+00   100           R   c
   486      1  1.0E+00    487 (0.0E+00) 4.2E-05  1.7867692E+00   100         s
   487      1  3.9E-01    488 (0.0E+00) 4.9E-05  1.7867692E+00   100
   487      2  1.0E+00    488 (0.0E+00) 4.3E-05  1.7867692E+00   100               c
   488      1  1.0E+00    489 (0.0E+00) 2.7E-05  1.7867692E+00   100
   489      1  1.0E+00    490 (0.0E+00) 3.5E-05  1.7867692E+00   100

 Major Minors     Step   nCon Feasible  Optimal  MeritFunction    nS Penalty
   490      1  1.0E+00    491 (0.0E+00) 4.1E-05  1.7867692E+00   100
   491      1  1.0E+00    492 (0.0E+00) 3.8E-05  1.7867692E+00   100
   492      1  1.0E+00    493 (0.0E+00) 2.5E-05  1.7867692E+00   100
   493      1  1.0E+00    494 (0.0E+00) 3.0E-05  1.7867692E+00   100
   494      1  1.0E+00    495 (0.0E+00) 4.0E-05  1.7867692E+00   100
   495      1  1.0E+00    496 (0.0E+00) 4.3E-05  1.7867692E+00   100
   496      1  1.0E+00    497 (0.0E+00) 3.8E-05  1.7867692E+00   100           R
   497      1  1.0E+00    498 (0.0E+00) 6.6E-05  1.7867692E+00   100         s
   498      1  1.0E+00    499 (0.0E+00) 3.5E-05  1.7867692E+00   100
   499      1  1.0E+00    500 (0.0E+00) 3.2E-05  1.7867692E+00   100

 Major Minors     Step   nCon Feasible  Optimal  MeritFunction    nS Penalty
   500      1  1.0E+00    501 (0.0E+00) 2.4E-05  1.7867692E+00   100
   501      1  1.0E+00    502 (0.0E+00) 2.7E-05  1.7867692E+00   100
   502      1  1.0E+00    503 (0.0E+00) 2.9E-05  1.7867692E+00   100
   503      1  1.0E+00    504 (0.0E+00) 2.7E-05  1.7867692E+00   100
   504      1  1.0E+00    505 (0.0E+00) 2.3E-05  1.7867692E+00   100
   505      1  1.0E+00    506 (0.0E+00) 2.0E-05  1.7867692E+00   100
   506      1  1.0E+00    507 (0.0E+00) 2.4E-05  1.7867692E+00   100
   507      1  1.0E+00    508 (0.0E+00) 2.5E-05  1.7867692E+00   100           R
   507      2  1.0E+00    508 (0.0E+00) 3.4E-05  1.7867692E+00   100           R   c
   508      1  1.0E+00    509 (0.0E+00) 3.1E-05  1.7867692E+00   100         s
   509      1  3.8E-01    510 (0.0E+00) 6.2E-05  1.7867692E+00   100

 Major Minors     Step   nCon Feasible  Optimal  MeritFunction    nS Penalty
   510      1  1.0E-01    511 (0.0E+00) 3.1E-05  1.7867692E+00   100
   511      1  1.0E+00    512 (0.0E+00) 2.6E-05  1.7867692E+00   100
   512      1  1.0E+00    513 (0.0E+00) 4.1E-05  1.7867692E+00   100
   513      1  1.0E+00    514 (0.0E+00) 2.4E-05  1.7867692E+00   100
   514      1  1.0E+00    515 (0.0E+00) 5.5E-05  1.7867692E+00   100
   515      1  1.0E+00    516 (0.0E+00) 3.7E-05  1.7867692E+00   100
   516      1  1.0E+00    517 (0.0E+00) 2.2E-05  1.7867692E+00   100
   517      1  1.0E+00    518 (0.0E+00) 4.7E-05  1.7867691E+00   100
   518      1  1.0E+00    519 (0.0E+00) 6.1E-05  1.7867691E+00   100           R
   519      1  3.2E-01    520 (0.0E+00) 1.4E-04  1.7867691E+00   100         s

 Major Minors     Step   nCon Feasible  Optimal  MeritFunction    nS Penalty
   520      1  3.0E-01    521 (0.0E+00) 4.7E-05  1.7867691E+00   100
   521      1  1.0E+00    522 (0.0E+00) 3.6E-05  1.7867691E+00   100
   522      1  1.0E+00    523 (0.0E+00) 2.5E-05  1.7867691E+00   100
   523      1  1.0E+00    524 (0.0E+00) 2.9E-05  1.7867691E+00   100
   524      1  1.0E+00    525 (0.0E+00) 2.9E-05  1.7867691E+00   100
   525      1  1.0E+00    526 (0.0E+00) 2.5E-05  1.7867691E+00   100
   526      1  1.0E+00    527 (0.0E+00) 1.9E-05  1.7867691E+00   100
   527      1  1.0E+00    528 (0.0E+00) 1.8E-05  1.7867691E+00   100
   528      1  1.0E+00    529 (0.0E+00) 2.1E-05  1.7867691E+00   100
   529      1  1.0E+00    530 (0.0E+00) 2.0E-05  1.7867691E+00   100           R
   529      2  1.0E+00    530 (0.0E+00) 1.9E-05  1.7867691E+00   100           R   c

 Major Minors     Step   nCon Feasible  Optimal  MeritFunction    nS Penalty
   530      1  1.0E+00    531 (0.0E+00) 1.8E-05  1.7867691E+00   100         s
   531      1  1.4E-01    532 (0.0E+00) 2.9E-05  1.7867691E+00   100
   532      1  4.0E-01    533 (0.0E+00) 2.7E-05  1.7867691E+00   100
   533      1  1.0E+00    534 (0.0E+00) 2.3E-05  1.7867691E+00   100
   534      1  1.0E+00    535 (0.0E+00) 3.2E-05  1.7867691E+00   100
   535      1  1.0E+00    536 (0.0E+00) 4.8E-05  1.7867691E+00   100
   536      1  1.0E+00    537 (0.0E+00) 2.7E-05  1.7867691E+00   100
   537      1  1.0E+00    538 (0.0E+00) 3.7E-05  1.7867691E+00   100
   538      1  1.0E+00    539 (0.0E+00) 1.8E-05  1.7867691E+00   100
   539      1  1.0E+00    540 (0.0E+00) 2.2E-05  1.7867691E+00   100

 Major Minors     Step   nCon Feasible  Optimal  MeritFunction    nS Penalty
   540      1  1.0E+00    541 (0.0E+00) 2.8E-05  1.7867691E+00   100           R
   541      1  9.8E-02    542 (0.0E+00) 2.8E-05  1.7867691E+00   100         s
   541      2  1.0E+00    542 (0.0E+00) 3.7E-05  1.7867691E+00   100         s     c
   542      1  1.0E+00    543 (0.0E+00) 3.4E-05  1.7867691E+00   100
   543      1  1.0E+00    544 (0.0E+00) 2.3E-05  1.7867691E+00   100
   543      2  1.0E+00    544 (0.0E+00) 2.2E-05  1.7867691E+00   100               c
   544      1  1.0E+00    545 (0.0E+00) 2.1E-05  1.7867691E+00   100
   545      1  1.0E+00    546 (0.0E+00) 2.2E-05  1.7867691E+00   100
   545      2  1.0E+00    546 (0.0E+00) 2.2E-05  1.7867691E+00   100               c
   546      1  1.0E+00    547 (0.0E+00) 2.5E-05  1.7867691E+00   100
   547      1  1.0E+00    548 (0.0E+00) 2.0E-05  1.7867691E+00   100
   547      2  1.0E+00    548 (0.0E+00) 2.9E-05  1.7867691E+00   100               c
   548      1  1.0E+00    549 (0.0E+00) 2.8E-05  1.7867691E+00   100
   549      1  1.0E+00    550 (0.0E+00) 2.1E-05  1.7867691E+00   100
   549      2  1.0E+00    550 (0.0E+00) 2.1E-05  1.7867691E+00   100               c

 Major Minors     Step   nCon Feasible  Optimal  MeritFunction    nS Penalty
   550      1  1.0E+00    551 (0.0E+00) 1.7E-05  1.7867691E+00   100

 Major Minors     Step   nCon Feasible  Optimal  MeritFunction    nS Penalty
   550      1  1.0E+00    551 (0.0E+00) 1.7E-05  1.7867691E+00   100               c
   551      1  1.0E+00    552 (0.0E+00) 2.3E-05  1.7867691E+00   100           R
   551      1  1.0E+00    552 (0.0E+00) 2.3E-05  1.7867691E+00   100           R   c
   552      1  1.0E+00    553 (0.0E+00) 2.0E-05  1.7867691E+00   100         s
   553      1  2.8E-01    554 (0.0E+00) 4.1E-05  1.7867691E+00   100
   554      1  1.0E+00    555 (0.0E+00) 2.5E-05  1.7867691E+00   100
   554      2  1.0E+00    555 (0.0E+00) 3.4E-05  1.7867691E+00   100               c
   555      1  1.0E+00    556 (0.0E+00) 2.8E-05  1.7867691E+00   100
   555      1  1.0E+00    556 (0.0E+00) 2.8E-05  1.7867691E+00   100               c
   556      1  1.0E+00    557 (0.0E+00) 1.7E-05  1.7867691E+00   100
   557      1  1.0E+00    558 (0.0E+00) 2.6E-05  1.7867691E+00   100
   558      1  1.0E+00    559 (0.0E+00) 2.8E-05  1.7867691E+00   100
   559      1  1.0E+00    560 (0.0E+00) 2.0E-05  1.7867691E+00   100

 Major Minors     Step   nCon Feasible  Optimal  MeritFunction    nS Penalty
   560      1  1.0E+00    561 (0.0E+00) 1.4E-05  1.7867691E+00   100
   561      1  1.0E+00    562 (0.0E+00) 1.8E-05  1.7867691E+00   100
   562      1  1.0E+00    563 (0.0E+00) 1.8E-05  1.7867691E+00   100           R
   563      1  3.8E-01    564 (0.0E+00) 1.9E-05  1.7867691E+00   100         s
   563      2  1.0E+00    564 (0.0E+00) 2.5E-05  1.7867691E+00   100         s     c
   564      1  1.0E+00    565 (0.0E+00) 1.9E-05  1.7867691E+00   100
   564      1  1.0E+00    565 (0.0E+00) 1.9E-05  1.7867691E+00   100               c
   565      1  1.0E+00    566 (0.0E+00) 1.5E-05  1.7867691E+00   100               c
   566      1  1.0E+00    567 (0.0E+00) 1.3E-05  1.7867691E+00   100               c
   567      1  1.0E+00    568 (0.0E+00) 1.3E-05  1.7867691E+00   100               c
   568      1  1.0E+00    569 (0.0E+00) 1.2E-05  1.7867691E+00   100               c
   569      1  1.0E+00    570 (0.0E+00) 1.1E-05  1.7867691E+00   100               c

 Major Minors     Step   nCon Feasible  Optimal  MeritFunction    nS Penalty
   570      1  1.0E+00    571 (0.0E+00) 9.9E-06  1.7867691E+00   100               c
   571      1  1.0E+00    572 (0.0E+00) 9.0E-06  1.7867691E+00   100               c
   572      1  1.0E+00    573 (0.0E+00) 7.7E-06  1.7867691E+00   100               c
   573      1  1.0E+00    574 (0.0E+00) 7.8E-06  1.7867691E+00   100           R   c
   574      1  1.0E+00    575 (0.0E+00) 1.1E-05  1.7867691E+00   100         s     c
   575      1  2.9E-01    576 (0.0E+00) 1.7E-05  1.7867691E+00   100
   575      1  1.0E+00    576 (0.0E+00) 1.7E-05  1.7867691E+00   100               c
   576      1  1.0E+00    577 (0.0E+00) 8.2E-06  1.7867691E+00   100               c
   577      1  1.0E+00    578 (0.0E+00) 1.2E-05  1.7867691E+00   100               c
   578      1  1.0E+00    579 (0.0E+00) 1.3E-05  1.7867691E+00   100               c
   579      1  1.0E+00    580 (0.0E+00) 1.1E-05  1.7867691E+00   100               c

 Major Minors     Step   nCon Feasible  Optimal  MeritFunction    nS Penalty
   580      1  1.0E+00    581 (0.0E+00) 1.4E-05  1.7867691E+00   100               c
   581      1  1.0E+00    582 (0.0E+00) 1.9E-05  1.7867691E+00   100
   582      1  1.0E+00    583 (0.0E+00) 1.9E-05  1.7867691E+00   100
   583      1  1.0E+00    584 (0.0E+00) 1.3E-05  1.7867691E+00   100
   584      1  1.0E+00    585 (0.0E+00) 1.2E-05  1.7867691E+00   100           R
   584      2  1.0E+00    585 (0.0E+00) 1.9E-05  1.7867691E+00   100           R   c
   585      1  1.0E+00    586 (0.0E+00) 1.7E-05  1.7867691E+00   100         s
   586      1  1.3E-01    587 (0.0E+00) 3.6E-05  1.7867691E+00   100
   587      1  1.0E+00    588 (0.0E+00) 4.2E-05  1.7867691E+00   100
   588      1  1.0E+00    589 (0.0E+00) 1.2E-05  1.7867691E+00   100
   589      1  1.0E+00    590 (0.0E+00) 1.4E-05  1.7867691E+00   100

 Major Minors     Step   nCon Feasible  Optimal  MeritFunction    nS Penalty
   590      1  1.0E+00    591 (0.0E+00) 1.9E-05  1.7867691E+00   100
   591      1  1.0E+00    592 (0.0E+00) 1.7E-05  1.7867691E+00   100
   592      1  1.0E+00    593 (0.0E+00) 1.6E-05  1.7867691E+00   100
   593      1  1.0E+00    594 (0.0E+00) 1.1E-05  1.7867691E+00   100
   594      1  1.0E+00    595 (0.0E+00) 8.8E-06  1.7867691E+00   100
   595      1  4.7E-01    596 (0.0E+00) 8.0E-06  1.7867691E+00   100           R
   595      2             596 (0.0E+00) 1.6E-05  1.7867691E+00   100           R   c
   596      1  3.3E-01    597 (0.0E+00) 2.1E-05  1.7867691E+00   100         s
   597      1  1.0E+00    598 (0.0E+00) 1.2E-05  1.7867691E+00   100
   597      2  1.0E+00    598 (0.0E+00) 8.9E-06  1.7867691E+00   100               c
   598      1  1.0E+00    599 (0.0E+00) 9.2E-06  1.7867691E+00   100               c
   599      1  1.0E+00    600 (0.0E+00) 1.4E-05  1.7867691E+00   100               c

 Major Minors     Step   nCon Feasible  Optimal  MeritFunction    nS Penalty
   600      1  1.0E+00    601 (0.0E+00) 1.3E-05  1.7867691E+00   100               c
   601      1  1.0E+00    602 (0.0E+00) 9.6E-06  1.7867691E+00   100               c
   602      1  1.0E+00    603 (0.0E+00) 7.8E-06  1.7867691E+00   100               c
   603      1  1.0E+00    604 (0.0E+00) 6.1E-06  1.7867691E+00   100               c
   604      1  1.0E+00    605 (0.0E+00) 5.9E-06  1.7867691E+00   100               c
   605      1  1.0E+00    606 (0.0E+00) 7.0E-06  1.7867691E+00   100               c
   606      1  1.0E+00    607 (0.0E+00) 8.0E-06  1.7867691E+00   100           R   c
   607      1  1.0E+00    608 (0.0E+00) 7.2E-06  1.7867691E+00   100         s     c
   608      1  1.7E-01    609 (0.0E+00) 1.7E-05  1.7867691E+00   100
   609      1  1.0E+00    610 (0.0E+00) 2.4E-05  1.7867691E+00   100
   609      2  1.0E+00    610 (0.0E+00) 1.8E-05  1.7867691E+00   100               c

 Major Minors     Step   nCon Feasible  Optimal  MeritFunction    nS Penalty
   610      1  1.0E+00    611 (0.0E+00) 6.6E-06  1.7867691E+00   100               c
   611      1  1.0E+00    612 (0.0E+00) 7.9E-06  1.7867691E+00   100               c
   612      1  1.0E+00    613 (0.0E+00) 1.1E-05  1.7867691E+00   100               c
   613      1  1.0E+00    614 (0.0E+00) 1.3E-05  1.7867691E+00   100               c
   614      1  1.0E+00    615 (0.0E+00) 1.1E-05  1.7867691E+00   100               c
   615      1  1.0E+00    616 (0.0E+00) 6.4E-06  1.7867691E+00   100               c
   616      1  1.0E+00    617 (0.0E+00) 9.4E-06  1.7867691E+00   100               c
   617      1  1.0E+00    618 (0.0E+00) 1.7E-05  1.7867691E+00   100           R
   618      1  2.1E-01    619 (0.0E+00) 2.6E-05  1.7867691E+00   100         s
   618      2  1.0E+00    619 (0.0E+00) 1.7E-05  1.7867691E+00   100         s     c
   619      1  1.0E+00    620 (0.0E+00) 1.5E-05  1.7867691E+00   100               c

 Major Minors     Step   nCon Feasible  Optimal  MeritFunction    nS Penalty
   620      1  1.0E+00    621 (0.0E+00) 9.6E-06  1.7867691E+00   100               c
   621      1  1.0E+00    622 (0.0E+00) 1.3E-05  1.7867691E+00   100               c
   622      1  1.0E+00    623 (0.0E+00) 1.5E-05  1.7867691E+00   100               c
   623      1  1.0E+00    624 (0.0E+00) 1.0E-05  1.7867691E+00   100               c
   624      1  1.0E+00    625 (0.0E+00) 5.5E-06  1.7867691E+00   100               c
   625      1  1.0E+00    626 (0.0E+00) 9.5E-06  1.7867691E+00   100               c
   626      1  1.0E+00    627 (0.0E+00) 1.3E-05  1.7867691E+00   100               c
   627      1  1.0E+00    628 (0.0E+00) 1.1E-05  1.7867691E+00   100               c
   628      1  1.0E+00    629 (0.0E+00) 5.6E-06  1.7867691E+00   100           R   c
   629      1  1.0E+00    630 (0.0E+00) 1.0E-05  1.7867691E+00   100         s     c

 Major Minors     Step   nCon Feasible  Optimal  MeritFunction    nS Penalty
   630      1  1.0E+00    631 (0.0E+00) 7.4E-06  1.7867691E+00   100               c
   631      1  1.0E+00    632 (0.0E+00) 5.2E-06  1.7867691E+00   100               c
   632      1  1.0E+00    633 (0.0E+00) 6.3E-06  1.7867691E+00   100               c
   633      1  1.0E+00    634 (0.0E+00) 7.5E-06  1.7867691E+00   100               c
   634      1  1.0E+00    635 (0.0E+00) 7.5E-06  1.7867691E+00   100               c
   635      1  1.0E+00    636 (0.0E+00) 7.5E-06  1.7867691E+00   100               c
   636      1  1.0E+00    637 (0.0E+00) 6.8E-06  1.7867691E+00   100               c
   637      1  1.0E+00    638 (0.0E+00) 5.6E-06  1.7867691E+00   100               c
   638      1  1.0E+00    639 (0.0E+00) 6.1E-06  1.7867691E+00   100               c
   639      1  1.0E+00    640 (0.0E+00) 6.6E-06  1.7867691E+00   100           R   c

 Major Minors     Step   nCon Feasible  Optimal  MeritFunction    nS Penalty
   640      1  1.0E+00    641 (0.0E+00) 6.2E-06  1.7867691E+00   100         s     c
   641      1  1.8E-01    642 (0.0E+00) 1.5E-05  1.7867691E+00   100               c
   642      1  1.0E+00    643 (0.0E+00) 9.3E-06  1.7867691E+00   100               c
   643      1  1.0E+00    644 (0.0E+00) 8.8E-06  1.7867691E+00   100               c
   644      1  1.0E+00    645 (0.0E+00) 6.9E-06  1.7867691E+00   100               c
   645      1  1.0E+00    646 (0.0E+00) 6.5E-06  1.7867691E+00   100               c
   646      1  1.0E+00    647 (0.0E+00) 6.5E-06  1.7867691E+00   100               c
   647      1  1.0E+00    648 (0.0E+00) 6.9E-06  1.7867691E+00   100               c
   648      1  1.0E+00    649 (0.0E+00) 8.2E-06  1.7867691E+00   100               c
   649      1  1.0E+00    650 (0.0E+00) 8.8E-06  1.7867691E+00   100               c

 Major Minors     Step   nCon Feasible  Optimal  MeritFunction    nS Penalty
   650      1  1.0E+00    651 (0.0E+00) 9.3E-06  1.7867691E+00   100           R   c
   651      1  4.3E-01    652 (0.0E+00) 2.3E-05  1.7867691E+00   100         s
   652      1  1.0E+00    653 (0.0E+00) 2.5E-05  1.7867691E+00   100
   652      2  1.0E+00    653 (0.0E+00) 2.9E-05  1.7867691E+00   100               c
   653      1  1.0E+00    654 (0.0E+00) 1.3E-05  1.7867691E+00   100               c
   654      1  1.0E+00    655 (0.0E+00) 1.4E-05  1.7867691E+00   100               c
   655      1  1.0E+00    656 (0.0E+00) 1.2E-05  1.7867691E+00   100               c
   656      1  1.0E+00    657 (0.0E+00) 6.7E-06  1.7867691E+00   100               c
   657      1  1.0E+00    658 (0.0E+00) 8.0E-06  1.7867691E+00   100               c
   658      1  1.0E+00    659 (0.0E+00) 1.0E-05  1.7867691E+00   100               c
   659      1  1.0E+00    660 (0.0E+00) 9.1E-06  1.7867691E+00   100               c

 Major Minors     Step   nCon Feasible  Optimal  MeritFunction    nS Penalty
   660      1  1.0E+00    661 (0.0E+00) 6.4E-06  1.7867691E+00   100               c
   661      1  1.0E+00    662 (0.0E+00) 4.5E-06  1.7867691E+00   100           R   c
   662      1  1.0E+00    663 (0.0E+00) 9.7E-06  1.7867691E+00   100         s     c
   663      1  1.0E+00    664 (0.0E+00) 5.9E-06  1.7867691E+00   100               c
   664      1  1.0E+00    665 (0.0E+00) 4.1E-06  1.7867691E+00   100               c
   665      1  1.0E+00    666 (0.0E+00) 5.3E-06  1.7867691E+00   100               c
   666      1  1.0E+00    667 (0.0E+00) 6.1E-06  1.7867691E+00   100               c
   667      1  1.0E+00    668 (0.0E+00) 6.9E-06  1.7867691E+00   100               c
   668      1  1.0E+00    669 (0.0E+00) 6.4E-06  1.7867691E+00   100               c
   669      1  1.0E+00    670 (0.0E+00) 4.9E-06  1.7867691E+00   100               c

 Major Minors     Step   nCon Feasible  Optimal  MeritFunction    nS Penalty
   670      1  1.0E+00    671 (0.0E+00) 6.6E-06  1.7867691E+00   100               c
   671      1  1.0E+00    672 (0.0E+00) 7.3E-06  1.7867691E+00   100               c
   672      1  1.0E+00    673 (0.0E+00) 7.4E-06  1.7867691E+00   100           R   c
   673      1  1.0E+00    674 (0.0E+00) 5.2E-06  1.7867691E+00   100         s     c
   674      1  2.8E-01    675 (0.0E+00) 7.5E-06  1.7867691E+00   100               c
   675      1  1.0E+00    676 (0.0E+00) 5.0E-06  1.7867691E+00   100               c
   676      1  1.0E+00    677 (0.0E+00) 6.5E-06  1.7867691E+00   100               c
   677      1  1.0E+00    678 (0.0E+00) 6.3E-06  1.7867691E+00   100               c
   678      1  1.0E+00    679 (0.0E+00) 5.3E-06  1.7867691E+00   100               c
   679      1  1.0E+00    680 (0.0E+00) 4.3E-06  1.7867691E+00   100               c

 Major Minors     Step   nCon Feasible  Optimal  MeritFunction    nS Penalty
   680      1  1.0E+00    681 (0.0E+00) 5.2E-06  1.7867691E+00   100               c
   681      1  1.0E+00    682 (0.0E+00) 5.7E-06  1.7867691E+00   100               c
   682      1  1.0E+00    683 (0.0E+00) 5.6E-06  1.7867691E+00   100               c
   683      1  1.0E+00    684 (0.0E+00) 4.8E-06  1.7867691E+00   100           R   c
   684      1  1.0E+00    685 (0.0E+00) 5.3E-06  1.7867691E+00   100         s     c
   685      1  1.0E+00    686 (0.0E+00) 1.2E-05  1.7867691E+00   100               c
   686      1  9.9E-02    687 (0.0E+00) 5.9E-06  1.7867691E+00   100               c
   687      1  1.0E+00    688 (0.0E+00) 5.0E-06  1.7867691E+00   100               c
   688      1  1.0E+00    689 (0.0E+00) 5.9E-06  1.7867691E+00   100               c
   689      1  1.0E+00    690 (0.0E+00) 3.6E-06  1.7867691E+00   100               c

 Major Minors     Step   nCon Feasible  Optimal  MeritFunction    nS Penalty
   690      1  1.0E+00    691 (0.0E+00) 4.6E-06  1.7867691E+00   100               c
   691      1  1.0E+00    692 (0.0E+00) 4.0E-06  1.7867691E+00   100               c
   692      1  1.0E+00    693 (0.0E+00) 4.0E-06  1.7867691E+00   100               c
   693      1  1.0E+00    694 (0.0E+00) 5.2E-06  1.7867691E+00   100               c
   694      1  1.0E+00    695 (0.0E+00) 4.5E-06  1.7867691E+00   100           R   c
   695      1  3.7E-01    696 (0.0E+00) 1.1E-05  1.7867691E+00   100         s     c
   696      1  3.6E-01    697 (0.0E+00) 5.7E-06  1.7867691E+00   100               c
   697      1  1.0E+00    698 (0.0E+00) 4.8E-06  1.7867691E+00   100               c
   698      1  1.0E+00    699 (0.0E+00) 4.3E-06  1.7867691E+00   100               c
   699      1  1.0E+00    700 (0.0E+00) 4.3E-06  1.7867691E+00   100               c

 Major Minors     Step   nCon Feasible  Optimal  MeritFunction    nS Penalty
   700      1  1.0E+00    701 (0.0E+00) 3.4E-06  1.7867691E+00   100               c
   701      1  1.0E+00    702 (0.0E+00) 4.3E-06  1.7867691E+00   100               c
   702      1  1.0E+00    703 (0.0E+00) 4.9E-06  1.7867691E+00   100               c
   703      1  1.0E+00    704 (0.0E+00) 4.7E-06  1.7867691E+00   100               c
   704      1  1.0E+00    705 (0.0E+00) 3.6E-06  1.7867691E+00   100               c
   705      1  1.0E+00    706 (0.0E+00) 2.6E-06  1.7867691E+00   100           R   c
   706      1  1.0E+00    707 (0.0E+00) 3.1E-06  1.7867691E+00   100         s     c
   707      1  4.8E-02    708 (0.0E+00) 6.9E-06  1.7867691E+00   100               c
   708      1  2.4E-01    709 (0.0E+00) 5.6E-06  1.7867691E+00   100               c
   709      1  4.9E-01    710 (0.0E+00) 4.1E-06  1.7867691E+00   100               c

 Major Minors     Step   nCon Feasible  Optimal  MeritFunction    nS Penalty
   710      1  3.5E-01    711 (0.0E+00) 4.4E-06  1.7867691E+00   100               c
   711      1  1.0E+00    712 (0.0E+00) 6.1E-06  1.7867691E+00   100               c
   712      1  1.0E+00    713 (0.0E+00) 5.5E-06  1.7867691E+00   100               c
   713      1  1.0E+00    714 (0.0E+00) 4.7E-06  1.7867691E+00   100               c
   714      1  1.0E+00    715 (0.0E+00) 1.5E-05  1.7867691E+00   100               c
   715      1  1.0E+00    716 (0.0E+00) 6.8E-06  1.7867691E+00   100               c
   716      1  4.9E-01    717 (0.0E+00) 2.9E-06  1.7867691E+00   100           R   c
   717      1  1.0E+00    718 (0.0E+00) 4.5E-06  1.7867691E+00   100         s     c
   718      1  1.0E+00    719 (0.0E+00) 5.1E-06  1.7867691E+00   100               c
   719      1  1.1E-01    720 (0.0E+00) 5.9E-06  1.7867691E+00   100               c

 Major Minors     Step   nCon Feasible  Optimal  MeritFunction    nS Penalty
   720      1  1.0E+00    721 (0.0E+00) 6.6E-06  1.7867691E+00   100               c
   721      1  1.0E+00    722 (0.0E+00)(1.7E-06) 1.7867691E+00   100               c
 
 SNOPTA EXIT   0 -- finished successfully
 SNOPTA INFO   1 -- optimality conditions satisfied

 Problem name
 No. of iterations                 839   Objective value      1.7867691167E+00
 No. of major iterations           721   Linear objective     0.0000000000E+00
 Penalty parameter           0.000E+00   Nonlinear objective  1.7867691167E+00
 No. of calls to funobj          95746   No. of calls to funcon          95746
 Calls with modes 1,2 (known g)    722   Calls with modes 1,2 (known g)    722
 Calls for forward differencing  57834   Calls for forward differencing  57834
 Calls for central differencing  36312   Calls for central differencing  36312
 No. of superbasics                100   No. of basic nonlinears             0
 No. of degenerate steps             0   Percentage                        .00
 Max x       (scaled)       53 1.2E+00   Max pi      (scaled)        1 0.0E+00
 Max x                      53 1.2E+00   Max pi                      1 0.0E+00
 Max Prim inf(scaled)        0 0.0E+00   Max Dual inf(scaled)        3 3.5E-06
 Max Primal infeas           0 0.0E+00   Max Dual infeas             3 3.5E-06
 Nonlinear constraint violn    0.0E+00

 Solution not printed
