 

 Nonlinear constraints     306     Linear constraints       0
 Nonlinear variables       505     Linear variables         0
 Jacobian  variables       505     Objective variables    505
 Total constraints         306     Total variables        505
 

 
 The user has defined       0   out of  155035   first  derivatives
 

        Minor   QPmult   nInf   SumInf   rgNorm    QPobjective
          100  4.3E+01                           6.0916667E+01
          200                           2.6E-10  2.9004290E+01    44
          300                           1.9E-10  2.7349026E+01    94

 Major Minors     Step   nCon Feasible  Optimal  MeritFunction    nS Penalty
     0    311               1 (7.6E-11) 4.1E-02  6.0916667E+01    99           r  T
     1     96  1.0E-01      2  6.4E-06  4.3E-02  5.4272977E+01   188         n rl
     2      9  9.0E-02      3  7.5E-05  6.5E-02  4.8602110E+01   196         s  l
     3      3  1.0E+00      4  2.3E-02  6.1E-02  3.0711609E+00   198
     4      2  2.3E-01      5  1.8E-02  1.7E-02  2.1585072E+00   199
     5      1  3.7E-01      6  1.2E-02  1.6E-02  1.7000330E+00   199
     6      1  1.9E-01      7  9.4E-03  4.8E-02  1.5709390E+00   199
     7      1  1.9E-01      8  7.7E-03  5.5E-02  1.6638702E+00   199 6.2E-01
     8      1  1.1E-01      9  6.8E-03  4.0E-02  1.5803366E+00   199 6.2E-01
     9      1  9.3E-02     10  6.2E-03  3.5E-02  1.7096666E+00   199 1.6E+00

 Major Minors     Step   nCon Feasible  Optimal  MeritFunction    nS Penalty
    10      1  9.8E-02     11  5.6E-03  1.4E-02  1.8284875E+00   199 2.6E+00
    11      1  1.5E-01     12  4.8E-03  2.8E-02  1.8216681E+00   199 2.8E+00
    12      1  1.4E-01     13  4.2E-03  2.4E-02  1.7834960E+00   199 2.8E+00   R
    13      1  1.0E+00     14  4.2E-04  1.1E-02  1.8734605E+00   199 6.0E+00 s
    14      1  1.0E+00     15  1.7E-04  1.3E-02  1.8320360E+00   199 6.0E+00
    15      1  1.0E+00     16  1.8E-04  1.1E-02  1.7864188E+00   199 6.0E+00
    16      1  1.0E+00     17  2.1E-04  6.7E-03  1.7523671E+00   199 6.0E+00
    17      1  1.0E+00     18  1.5E-04  8.7E-03  1.7431579E+00   199 6.0E+00
    18      1  1.0E+00     19  1.8E-05  3.4E-03  1.7280726E+00   199 6.0E+00
    19      1  1.0E+00     20  9.3E-06  4.7E-03  1.7270813E+00   199 6.0E+00

 Major Minors     Step   nCon Feasible  Optimal  MeritFunction    nS Penalty
    20      1  1.0E+00     21  3.6E-06  2.1E-03  1.7209789E+00   199 6.0E+00
    21      1  1.0E+00     22  4.4E-06  2.4E-03  1.7207288E+00   199 6.0E+00
    22      1  1.0E+00     23  1.0E-06  1.1E-03  1.7177048E+00   199 6.0E+00
    23      1  1.0E+00     24  3.5E-06  1.9E-03  1.7173542E+00   199 6.0E+00   R
    24      1  4.2E-01     25  2.3E-06  7.8E-04  1.7159674E+00   199 6.0E+00 s
    25      1  1.0E+00     26 (2.6E-07) 7.0E-04  1.7157573E+00   199 6.0E+00
    26      1  1.0E+00     27  2.4E-06  8.2E-04  1.7153905E+00   199 6.0E+00
    27      1  1.0E+00     28  6.4E-06  6.6E-04  1.7149321E+00   199 6.0E+00
    28      1  1.0E+00     29  1.3E-05  6.4E-04  1.7143834E+00   199 6.0E+00
    29      1  1.0E+00     30  4.2E-06  5.2E-04  1.7140479E+00   199 6.0E+00

 Major Minors     Step   nCon Feasible  Optimal  MeritFunction    nS Penalty
    30      1  1.0E+00     31 (5.2E-07) 4.9E-04  1.7138802E+00   199 6.0E+00
    31      1  1.0E+00     32  1.0E-06  4.1E-04  1.7137682E+00   199 6.0E+00
    32      1  1.0E+00     33  1.8E-06  3.6E-04  1.7136542E+00   199 6.0E+00
    33      1  1.0E+00     34  1.9E-06  2.3E-04  1.7135547E+00   199 6.0E+00
    34      1  1.0E+00     35  1.2E-06  1.9E-04  1.7134802E+00   199 6.0E+00   R
    35      1  1.0E+00     36 (1.3E-08) 1.7E-04  1.7134493E+00   199 6.0E+00 s
    36      1  1.0E+00     37 (1.5E-07) 5.1E-04  1.7134025E+00   199 6.0E+00
    37      1  3.8E-01     38 (8.3E-08) 1.6E-04  1.7133557E+00   199 6.0E+00
    38      1  1.0E+00     39 (2.6E-07) 4.1E-04  1.7133470E+00   199 6.0E+00
    39      1  1.0E+00     40 (2.0E-07) 4.5E-04  1.7133023E+00   199 6.0E+00

 Major Minors     Step   nCon Feasible  Optimal  MeritFunction    nS Penalty
    40      1  4.5E-01     41 (3.1E-08) 2.3E-04  1.7132637E+00   199 6.0E+00
    41      1  1.0E+00     42  1.1E-06  2.2E-04  1.7132397E+00   199 6.0E+00
    42      1  1.0E+00     43 (2.7E-07) 4.9E-04  1.7132316E+00   199 6.0E+00
    43      1  1.0E+00     44 (1.0E-06) 4.6E-04  1.7132120E+00   199 6.0E+00
    44      1  4.5E-01     45 (5.7E-07) 1.4E-04  1.7131837E+00   199 6.0E+00
    45      1  1.0E+00     46 (2.1E-07) 2.3E-04  1.7131731E+00   199 6.0E+00   R
    46      1  2.8E-01     47 (1.5E-07) 4.7E-05  1.7131584E+00   199 6.0E+00 s
    47      1  1.0E+00     48 (3.3E-09) 3.9E-05  1.7131558E+00   199 6.0E+00
    48      1  1.0E+00     49 (1.3E-08) 6.1E-05  1.7131519E+00   199 6.0E+00
    49      1  1.0E+00     50 (2.1E-08) 7.7E-05  1.7131462E+00   199 6.0E+00

 Major Minors     Step   nCon Feasible  Optimal  MeritFunction    nS Penalty
    50      1  1.0E+00     51 (4.6E-09) 7.3E-05  1.7131389E+00   199 6.0E+00
    51      1  1.0E+00     52 (4.3E-08) 4.6E-05  1.7131330E+00   199 6.0E+00
    52      1  1.0E+00     53 (3.2E-08) 3.7E-05  1.7131294E+00   199 6.0E+00
    53      1  1.0E+00     54 (1.1E-08) 3.6E-05  1.7131270E+00   199 6.0E+00
    54      1  1.0E+00     55 (1.8E-09) 4.4E-05  1.7131244E+00   199 6.0E+00
    55      1  1.0E+00     56 (1.7E-08) 4.3E-05  1.7131209E+00   199 6.0E+00
    56      1  1.0E+00     57 (5.4E-08) 6.4E-05  1.7131162E+00   199 6.0E+00   R
    57      1  1.0E+00     58 (8.3E-10) 4.7E-05  1.7131136E+00   199 6.0E+00 s
    58      1  1.0E+00     59 (1.1E-08) 2.3E-04  1.7131117E+00   199 6.0E+00
    59      1  4.7E-01     60 (7.4E-09) 4.1E-05  1.7131085E+00   199 6.0E+00

 Major Minors     Step   nCon Feasible  Optimal  MeritFunction    nS Penalty
    60      1  1.0E+00     61 (4.0E-09) 8.9E-05  1.7131079E+00   199 6.0E+00
    61      1  1.0E+00     62 (3.8E-09) 7.0E-05  1.7131053E+00   199 6.0E+00
    62      1  1.0E+00     63 (1.1E-08) 1.1E-04  1.7131041E+00   199 6.0E+00
    63      1  1.0E+00     64 (2.1E-08) 4.7E-05  1.7131014E+00   199 6.0E+00
    64      1  1.0E+00     65 (3.0E-08) 1.4E-04  1.7130999E+00   199 6.0E+00
    65      1  1.0E+00     66 (6.6E-08) 6.4E-05  1.7130967E+00   199 6.0E+00
    66      1  1.0E+00     67 (3.7E-08) 1.0E-04  1.7130950E+00   199 6.0E+00
    67      1  1.0E+00     68 (1.0E-07) 8.4E-05  1.7130916E+00   199 6.0E+00   R
    68      1  3.5E-01     69 (6.3E-08) 2.7E-05  1.7130886E+00   199 6.0E+00 s
    69      1  1.0E+00     70 (1.9E-09) 1.7E-05  1.7130878E+00   199 6.0E+00

 Major Minors     Step   nCon Feasible  Optimal  MeritFunction    nS Penalty
    70      1  1.0E+00     71 (8.7E-10) 2.9E-05  1.7130871E+00   199 6.0E+00
    71      1  1.0E+00     72 (1.4E-09) 2.5E-05  1.7130855E+00   199 6.0E+00
    72      1  1.0E+00     73 (5.7E-09) 2.3E-05  1.7130843E+00   199 6.0E+00
    73      1  1.0E+00     74 (7.5E-09) 1.9E-05  1.7130834E+00   199 6.0E+00
    74      1  1.0E+00     75 (2.8E-09) 1.5E-05  1.7130827E+00   199 6.0E+00
    75      1  1.0E+00     76 (9.0E-10) 1.7E-05  1.7130820E+00   199 6.0E+00
    76      1  1.0E+00     77 (7.7E-09) 2.7E-05  1.7130809E+00   199 6.0E+00
    77      1  1.0E+00     78 (2.7E-08) 4.6E-05  1.7130791E+00   199 6.0E+00
    78      1  1.0E+00     79 (7.2E-08) 6.0E-05  1.7130758E+00   199 6.0E+00   R
    79      1  1.0E+00     80 (1.5E-09) 3.9E-05  1.7130737E+00   199 6.0E+00 s

 Major Minors     Step   nCon Feasible  Optimal  MeritFunction    nS Penalty
    80      1  4.7E-01     81 (4.1E-09) 5.6E-05  1.7130720E+00   199 6.0E+00
    81      1  1.0E+00     82 (2.4E-09) 5.2E-05  1.7130711E+00   199 6.0E+00
    82      1  1.0E+00     83 (2.7E-09) 4.1E-05  1.7130703E+00   199 6.0E+00
    83      1  1.0E+00     84 (1.0E-08) 5.2E-05  1.7130698E+00   199 6.0E+00
    84      1  1.0E+00     85 (1.2E-08) 4.6E-05  1.7130685E+00   199 6.0E+00
    85      1  1.0E+00     86 (4.1E-08) 6.9E-05  1.7130678E+00   199 6.0E+00
    86      1  1.0E+00     87 (1.8E-08) 5.0E-05  1.7130664E+00   199 6.0E+00
    87      1  1.0E+00     88 (1.7E-08) 8.1E-05  1.7130658E+00   199 6.0E+00
    88      1  1.0E+00     89 (6.5E-09) 3.9E-05  1.7130642E+00   199 6.0E+00
    89      1  1.0E+00     90 (1.4E-08) 8.3E-05  1.7130622E+00   199 6.0E+00   R

 Major Minors     Step   nCon Feasible  Optimal  MeritFunction    nS Penalty
    90      1  4.0E-01     91 (8.4E-09) 2.0E-05  1.7130609E+00   199 6.0E+00 s
    91      1  1.0E+00     92 (1.0E-10) 1.9E-05  1.7130606E+00   199 6.0E+00
    92      1  1.0E+00     93 (8.3E-10) 2.8E-05  1.7130600E+00   199 6.0E+00
    93      1  1.0E+00     94 (2.4E-09) 2.9E-05  1.7130593E+00   199 6.0E+00
    94      1  1.0E+00     95 (5.1E-10) 1.4E-05  1.7130587E+00   199 6.0E+00
    95      1  1.0E+00     96 (4.9E-10) 9.1E-06  1.7130583E+00   199 6.0E+00
    96      1  1.0E+00     97 (4.0E-09) 2.0E-05  1.7130579E+00   199 6.0E+00
    97      1  1.0E+00     98 (9.8E-10) 2.4E-05  1.7130575E+00   199 6.0E+00
    98      1  1.0E+00     99 (4.8E-09) 1.4E-05  1.7130571E+00   199 6.0E+00
    99      1  1.0E+00    100 (1.1E-09) 9.3E-06  1.7130568E+00   199 6.0E+00

 Major Minors     Step   nCon Feasible  Optimal  MeritFunction    nS Penalty
   100      1  1.0E+00    101 (2.8E-10) 2.1E-05  1.7130563E+00   199 6.0E+00   R
   101      1  1.0E+00    102 (8.9E-11) 9.9E-06  1.7130561E+00   199 6.0E+00 s
   102      1  1.0E+00    103 (8.6E-10) 2.6E-05  1.7130555E+00   199 6.0E+00
   103      1  1.0E+00    104 (3.4E-10) 1.7E-05  1.7130552E+00   199 6.0E+00
   104      1  1.0E+00    105 (3.7E-09) 1.2E-05  1.7130550E+00   199 6.0E+00
   105      1  1.0E+00    106 (2.0E-09) 2.1E-05  1.7130544E+00   199 6.0E+00
   106      1  1.0E+00    107 (3.2E-09) 3.1E-05  1.7130540E+00   199 6.0E+00
   107      1  1.0E+00    108 (1.1E-08) 1.3E-05  1.7130537E+00   199 6.0E+00
   108      1  1.0E+00    109 (3.9E-10) 1.7E-05  1.7130535E+00   199 6.0E+00
   109      1  1.0E+00    110 (3.6E-09) 2.1E-05  1.7130530E+00   199 6.0E+00

 Major Minors     Step   nCon Feasible  Optimal  MeritFunction    nS Penalty
   110      1  1.0E+00    111 (1.8E-08) 3.7E-05  1.7130523E+00   199 6.0E+00
   111      1  1.0E+00    112 (2.6E-08) 2.9E-05  1.7130517E+00   199 6.0E+00   R
   112      1  4.7E-01    113 (1.4E-08) 1.0E-05  1.7130515E+00   199 6.0E+00 s
   113      1  1.0E+00    114 (4.2E-11) 1.1E-05  1.7130514E+00   199 6.0E+00
   114      1  1.0E+00    115 (6.9E-10) 7.2E-06  1.7130512E+00   199 6.0E+00
   115      1  1.0E+00    116 (1.5E-11) 4.1E-06  1.7130512E+00   199 6.0E+00
   116      1  1.0E+00    117 (2.7E-11) 3.5E-06  1.7130511E+00   199 6.0E+00
   117      1  1.0E+00    118 (4.3E-11) 5.7E-06  1.7130511E+00   199 6.0E+00
   118      1  1.0E+00    119 (2.4E-10) 8.6E-06  1.7130511E+00   199 6.0E+00
   119      1  1.0E+00    120 (2.1E-10) 6.8E-06  1.7130510E+00   199 6.0E+00

 Major Minors     Step   nCon Feasible  Optimal  MeritFunction    nS Penalty
   120      1  1.0E+00    121 (7.6E-11) 2.3E-06  1.7130510E+00   199 6.0E+00
   121      1  1.0E+00    122 (9.2E-12) 3.2E-06  1.7130510E+00   199 6.0E+00
   122      1  1.0E+00    123 (3.1E-11) 5.5E-06  1.7130510E+00   199 6.0E+00   R
   123      1  1.0E+00    124 (3.8E-12) 2.4E-06  1.7130510E+00   199 6.0E+00 s
   124      1  1.0E+00    125 (1.1E-10) 6.5E-06  1.7130509E+00   199 6.0E+00
   125      1  1.0E+00    126 (2.3E-10) 8.0E-06  1.7130509E+00   199 6.0E+00
   126      1  1.0E+00    127 (1.4E-11) 4.6E-06  1.7130509E+00   199 6.0E+00
   127      1  1.0E+00    128 (4.6E-11) 1.1E-05  1.7130508E+00   199 6.0E+00
   128      1  1.0E+00    129 (3.7E-11) 1.1E-05  1.7130508E+00   199 6.0E+00
   129      1  1.0E+00    130 (8.1E-11) 8.9E-06  1.7130508E+00   199 6.0E+00

 Major Minors     Step   nCon Feasible  Optimal  MeritFunction    nS Penalty
   130      1  1.0E+00    131 (1.5E-11) 4.5E-06  1.7130507E+00   199 6.0E+00
   131      1  1.0E+00    132 (1.5E-10) 1.1E-05  1.7130507E+00   199 6.0E+00
   132      1  1.0E+00    133 (4.3E-11) 5.5E-06  1.7130507E+00   199 6.0E+00
   133      1  1.0E+00    134 (7.4E-11) 5.8E-06  1.7130507E+00   199 6.0E+00   R
   134      1  4.1E-01    135 (4.4E-11) 2.5E-06  1.7130507E+00   199 6.0E+00 s
   135      1  1.0E+00    136 (1.5E-12) 2.1E-06  1.7130506E+00   199 6.0E+00
   136      1  1.0E+00    137 (3.1E-11) 2.8E-06  1.7130506E+00   199 6.0E+00
   137      1  1.0E+00    138 (3.9E-11) 2.5E-06  1.7130506E+00   199 6.0E+00
   138      1  1.0E+00    139 (2.2E-11)(8.5E-07) 1.7130506E+00   199 6.0E+00       c
   138      2  1.0E+00    139 (2.2E-11)(8.2E-07) 1.7130506E+00   199 6.0E+00       c
 
 SNOPTA EXIT   0 -- finished successfully
 SNOPTA INFO   1 -- optimality conditions satisfied

 Problem name
 No. of iterations                 556   Objective value      1.7130506375E+00
 No. of major iterations           138   Linear objective     0.0000000000E+00
 Penalty parameter           6.023E+00   Nonlinear objective  1.7130506375E+00
 No. of calls to funobj          71506   No. of calls to funcon          71506
 Calls with modes 1,2 (known g)    139   Calls with modes 1,2 (known g)    139
 Calls for forward differencing  70195   Calls for forward differencing  70195
 Calls for central differencing   1010   Calls for central differencing   1010
 No. of superbasics                199   No. of basic nonlinears           306
 No. of degenerate steps            94   Percentage                      16.91
 Max x                     102 6.0E+00   Max pi                    306 3.2E+00
 Max Primal infeas           0 0.0E+00   Max Dual infeas           320 3.4E-06
 Nonlinear constraint violn    9.4E-10

 Solution not printed
