 

 Nonlinear constraints     306     Linear constraints       0
 Nonlinear variables       505     Linear variables         0
 Jacobian  variables       505     Objective variables    505
 Total constraints         306     Total variables        505
 

 
 The user has defined       0   out of  155035   first  derivatives
 

        Minor   QPmult   nInf   SumInf   rgNorm    QPobjective
          100  2.9E+00                           2.1833333E+00
          200                           3.5E-11  1.5271821E+00    44
          300                           3.9E-11  1.2985587E+00    94

 Major Minors     Step   nCon Feasible  Optimal  MeritFunction    nS Penalty
     0    311               1 (3.8E-10) 5.0E-03  2.1833333E+00    99           r  T
     1     73  1.5E-01      2  2.6E-06  4.7E-03  1.9252068E+00   162         n rl
     2     24  1.3E-01      3  5.9E-05  2.5E-02  1.7193274E+00   185         s  l
     3      7  4.3E-01      4  6.0E-04  3.8E-02  1.4013541E+00   190
     4      6  2.8E-01      5  9.9E-04  3.1E-03  1.0688682E+00   195
     5      3  1.9E-01      6  7.9E-04  9.7E-04  1.0541740E+00   197
     6      1  3.4E-01      7  5.1E-04  1.2E-03  1.0488226E+00   197
     7      3  1.0E+00      8  1.1E-04  2.2E-03  1.0463530E+00   199
     8      1  4.5E-01      9  5.8E-05  1.5E-03  1.0400291E+00   199
     9      1  2.6E-01     10  5.7E-05  9.4E-04  1.0373565E+00   199

 Major Minors     Step   nCon Feasible  Optimal  MeritFunction    nS Penalty
    10      1  3.0E-01     11  3.9E-05  6.9E-04  1.0361827E+00   199
    11      1  3.4E-01     12  2.4E-05  5.4E-04  1.0354237E+00   199
    12      1  3.4E-01     13  1.6E-05  4.6E-04  1.0349030E+00   199           R
    13      1  2.4E-01     14  1.2E-05  3.2E-04  1.0346116E+00   199         s
    14      1  1.0E+00     15 (1.3E-07) 2.1E-04  1.0344521E+00   199
    15      1  1.0E+00     16 (9.6E-07) 3.5E-04  1.0341568E+00   199
    16      1  1.0E+00     17 (7.5E-07) 4.6E-04  1.0338807E+00   199
    17      1  1.0E+00     18  2.3E-06  5.2E-04  1.0335146E+00   199
    18      1  1.0E+00     19  1.2E-06  3.7E-04  1.0332287E+00   199
    19      1  1.0E+00     20 (8.7E-07) 1.8E-04  1.0330613E+00   199

 Major Minors     Step   nCon Feasible  Optimal  MeritFunction    nS Penalty
    20      1  1.0E+00     21 (5.1E-07) 1.6E-04  1.0329646E+00   199
    21      1  1.0E+00     22 (4.9E-07) 2.3E-04  1.0328776E+00   199
    22      1  1.0E+00     23 (4.9E-07) 2.3E-04  1.0327851E+00   199
    23      1  1.0E+00     24 (1.7E-07) 1.8E-04  1.0327108E+00   199           R
    24      1  1.0E+00     25 (3.8E-08) 1.3E-04  1.0326757E+00   199         s
    25      1  1.0E+00     26 (4.1E-07) 2.0E-04  1.0326415E+00   199
    26      1  1.0E+00     27 (5.2E-08) 9.9E-05  1.0326140E+00   199
    27      1  1.0E+00     28 (1.3E-07) 1.7E-04  1.0325899E+00   199
    28      1  1.0E+00     29 (1.7E-07) 2.2E-04  1.0325514E+00   199
    29      1  1.0E+00     30 (4.5E-07) 1.5E-04  1.0325146E+00   199

 Major Minors     Step   nCon Feasible  Optimal  MeritFunction    nS Penalty
    30      1  1.0E+00     31 (3.9E-07) 2.0E-04  1.0324833E+00   199
    31      1  1.0E+00     32 (1.4E-07) 1.1E-04  1.0324599E+00   199
    32      1  1.0E+00     33 (1.3E-07) 9.9E-05  1.0324432E+00   199
    33      1  1.0E+00     34 (8.1E-08) 8.0E-05  1.0324313E+00   199
    34      1  1.0E+00     35 (5.1E-07) 1.0E-04  1.0324155E+00   199           R
    35      1  1.0E+00     36 (5.1E-08) 8.4E-05  1.0324083E+00   199         s
    36      1  1.0E+00     37 (1.1E-08) 6.0E-05  1.0324010E+00   199
    37      1  1.0E+00     38 (2.6E-08) 5.0E-05  1.0323931E+00   199
    38      1  1.0E+00     39 (7.2E-09) 7.4E-05  1.0323883E+00   199
    39      1  1.0E+00     40 (3.1E-08) 4.4E-05  1.0323822E+00   199

 Major Minors     Step   nCon Feasible  Optimal  MeritFunction    nS Penalty
    40      1  1.0E+00     41 (3.5E-08) 4.1E-05  1.0323739E+00   199
    41      1  1.0E+00     42 (3.8E-08) 6.3E-05  1.0323677E+00   199
    42      1  1.0E+00     43 (4.9E-08) 3.7E-05  1.0323628E+00   199
    43      1  1.0E+00     44 (3.3E-08) 2.2E-05  1.0323599E+00   199
    44      1  1.0E+00     45 (2.0E-08) 2.6E-05  1.0323574E+00   199
    45      1  1.0E+00     46 (3.9E-08) 5.6E-05  1.0323530E+00   199           R
    46      1  1.0E+00     47 (4.5E-09) 2.7E-05  1.0323506E+00   199         s
    47      1  1.0E+00     48 (1.9E-08) 3.6E-05  1.0323482E+00   199
    48      1  1.0E+00     49 (1.2E-09) 3.8E-05  1.0323466E+00   199
    49      1  1.0E+00     50 (5.1E-09) 5.8E-05  1.0323435E+00   199

 Major Minors     Step   nCon Feasible  Optimal  MeritFunction    nS Penalty
    50      1  1.0E+00     51 (3.5E-08) 5.5E-05  1.0323406E+00   199
    51      1  1.0E+00     52 (7.1E-09) 3.4E-05  1.0323381E+00   199
    52      1  1.0E+00     53 (1.0E-08) 4.7E-05  1.0323364E+00   199
    53      1  1.0E+00     54 (2.9E-08) 4.1E-05  1.0323343E+00   199
    54      1  1.0E+00     55 (4.5E-08) 4.2E-05  1.0323330E+00   199
    55      1  1.0E+00     56 (2.7E-08) 3.2E-05  1.0323315E+00   199
    56      1  1.0E+00     57 (1.3E-07) 7.5E-05  1.0323281E+00   199           R
    57      1  1.0E+00     58 (1.7E-08) 4.4E-05  1.0323278E+00   199         s
    58      1  1.0E+00     59 (1.2E-09) 1.2E-05  1.0323263E+00   199
    59      1  1.0E+00     60 (1.3E-09) 1.2E-05  1.0323260E+00   199

 Major Minors     Step   nCon Feasible  Optimal  MeritFunction    nS Penalty
    60      1  1.0E+00     61 (3.5E-08) 1.5E-05  1.0323247E+00   199
    61      1  1.0E+00     62 (2.6E-09) 1.6E-05  1.0323238E+00   199
    62      1  1.0E+00     63 (1.0E-08) 1.1E-05  1.0323231E+00   199
    63      1  1.0E+00     64 (1.2E-08) 1.1E-05  1.0323225E+00   199
    64      1  1.0E+00     65 (1.3E-08) 1.1E-05  1.0323220E+00   199
    65      1  1.0E+00     66 (7.7E-09) 1.5E-05  1.0323215E+00   199
    66      1  1.0E+00     67 (8.5E-10) 1.4E-05  1.0323209E+00   199
    67      1  1.0E+00     68 (5.3E-09) 1.1E-05  1.0323202E+00   199           R
    68      1  1.0E+00     69 (2.3E-10) 1.1E-05  1.0323198E+00   199         s
    69      1  4.4E-01     70 (1.6E-08) 3.0E-05  1.0323186E+00   199

 Major Minors     Step   nCon Feasible  Optimal  MeritFunction    nS Penalty
    70      1  5.0E-01     71 (2.0E-08) 2.1E-05  1.0323179E+00   199
    71      1  1.0E+00     72 (4.2E-08) 5.2E-05  1.0323176E+00   199
    72      1  1.0E+00     73 (2.8E-08) 3.9E-05  1.0323163E+00   199
    73      1  4.5E-01     74 (5.0E-09) 2.6E-05  1.0323152E+00   199
    74      1  4.9E-01     75 (3.4E-08) 2.3E-05  1.0323144E+00   199
    75      1  1.0E+00     76 (6.7E-08) 3.5E-05  1.0323127E+00   199
    76      1  4.4E-01     77 (6.6E-08) 3.1E-05  1.0323114E+00   199
    77      1  1.0E+00     78 (2.9E-07) 7.0E-05  1.0323102E+00   199
    78      1  1.0E+00     79 (3.6E-08) 7.6E-05  1.0323075E+00   199           R
    79      1  3.1E-01     80 (2.2E-08) 2.1E-05  1.0323043E+00   199         s

 Major Minors     Step   nCon Feasible  Optimal  MeritFunction    nS Penalty
    80      1  1.0E+00     81 (5.8E-09) 1.8E-05  1.0323032E+00   199
    81      1  1.0E+00     82 (7.4E-09) 3.4E-05  1.0323018E+00   199
    82      1  1.0E+00     83 (1.8E-09) 2.7E-05  1.0323007E+00   199
    83      1  1.0E+00     84 (1.4E-08) 2.8E-05  1.0322995E+00   199
    84      1  1.0E+00     85 (6.4E-09) 1.7E-05  1.0322987E+00   199
    85      1  1.0E+00     86 (5.5E-10) 1.3E-05  1.0322983E+00   199
    86      1  1.0E+00     87 (2.7E-10) 8.6E-06  1.0322981E+00   199
    87      1  1.0E+00     88 (2.4E-10) 9.8E-06  1.0322979E+00   199
    88      1  1.0E+00     89 (9.7E-10) 1.3E-05  1.0322977E+00   199
    89      1  1.0E+00     90 (3.5E-09) 1.1E-05  1.0322975E+00   199           R

 Major Minors     Step   nCon Feasible  Optimal  MeritFunction    nS Penalty
    90      1  1.0E+00     91 (1.9E-10) 4.2E-06  1.0322973E+00   199         s
    91      1  1.0E+00     92 (3.9E-09) 4.1E-05  1.0322972E+00   199
    92      1  1.0E+00     93 (8.9E-09) 2.7E-05  1.0322969E+00   199
    93      1  1.0E+00     94 (2.3E-09) 2.3E-05  1.0322966E+00   199
    94      1  1.0E+00     95 (1.5E-08) 3.6E-05  1.0322964E+00   199
    95      1  1.0E+00     96 (8.9E-09) 2.3E-05  1.0322959E+00   199
    96      1  1.0E+00     97 (1.4E-07) 4.5E-05  1.0322958E+00   199
    97      1  1.0E+00     98 (2.1E-08) 1.7E-05  1.0322947E+00   199
    98      1  4.0E-01     99 (3.5E-08) 1.6E-05  1.0322943E+00   199
    99      1  1.0E+00    100 (5.9E-09) 2.4E-05  1.0322939E+00   199

 Major Minors     Step   nCon Feasible  Optimal  MeritFunction    nS Penalty
   100      1  1.0E+00    101 (7.5E-08) 1.8E-05  1.0322935E+00   199           R
   101      1  2.8E-01    102 (5.3E-08) 4.8E-06  1.0322931E+00   199         s
   102      1  1.0E+00    103 (2.3E-10) 4.7E-06  1.0322930E+00   199
   103      1  1.0E+00    104 (2.6E-09) 7.7E-06  1.0322929E+00   199
   104      1  1.0E+00    105 (6.5E-10) 8.5E-06  1.0322928E+00   199
   105      1  1.0E+00    106 (1.9E-10) 5.1E-06  1.0322927E+00   199
   106      1  1.0E+00    107 (6.1E-10) 2.4E-06  1.0322926E+00   199
   107      1  1.0E+00    108 (6.4E-10) 3.4E-06  1.0322926E+00   199
   108      1  1.0E+00    109 (5.6E-10) 3.7E-06  1.0322926E+00   199
   109      1  1.0E+00    110 (2.5E-10) 2.8E-06  1.0322926E+00   199

 Major Minors     Step   nCon Feasible  Optimal  MeritFunction    nS Penalty
   110      1  1.0E+00    111 (7.5E-11) 2.3E-06  1.0322925E+00   199
   111      1  1.0E+00    112 (2.1E-10) 2.3E-06  1.0322925E+00   199           R
   112      1  1.0E+00    113 (3.6E-11) 2.3E-06  1.0322925E+00   199         s
   113      1  1.0E+00    114 (1.3E-08) 9.4E-06  1.0322925E+00   199
   114      1  4.9E-01    115 (5.4E-09) 3.5E-06  1.0322924E+00   199
   115      1  1.0E+00    116 (6.2E-09) 1.4E-05  1.0322924E+00   199
   116      1  4.6E-01    117 (4.5E-09) 1.1E-05  1.0322924E+00   199
   117      1  1.0E+00    118 (1.6E-08) 2.4E-05  1.0322923E+00   199
   118      1  1.0E+00    119 (3.4E-08) 1.2E-05  1.0322922E+00   199
   119      1  3.8E-01    120 (3.9E-08) 8.7E-06  1.0322921E+00   199

 Major Minors     Step   nCon Feasible  Optimal  MeritFunction    nS Penalty
   120      1  5.0E-01    121 (2.6E-08) 9.0E-06  1.0322920E+00   199
   121      1  4.6E-01    122 (5.3E-08) 8.0E-06  1.0322919E+00   199
   122      1  4.9E-01    123 (7.3E-08) 1.0E-05  1.0322917E+00   199           R
   123      1  2.6E-01    124 (5.3E-08) 2.6E-06  1.0322917E+00   199         s
   124      1  1.0E+00    125 (2.6E-10) 2.2E-06  1.0322916E+00   199
   125      1  1.0E+00    126 (4.1E-10) 2.7E-06  1.0322916E+00   199
   126      1  1.0E+00    127 (7.4E-11) 2.9E-06  1.0322916E+00   199
   127      1  1.0E+00    128 (6.4E-11)(1.4E-06) 1.0322916E+00   199
 
 SNOPTA EXIT   0 -- finished successfully
 SNOPTA INFO   1 -- optimality conditions satisfied

 Problem name
 No. of iterations                 548   Objective value      1.0322915945E+00
 No. of major iterations           127   Linear objective     0.0000000000E+00
 Penalty parameter           0.000E+00   Nonlinear objective  1.0322915945E+00
 No. of calls to funobj          64923   No. of calls to funcon          64923
 Calls with modes 1,2 (known g)    128   Calls with modes 1,2 (known g)    128
 Calls for forward differencing  64640   Calls for forward differencing  64640
 Calls for central differencing      0   Calls for central differencing      0
 No. of superbasics                199   No. of basic nonlinears           306
 No. of degenerate steps            95   Percentage                      17.34
 Max x                     102 6.0E+00   Max pi                    305 1.9E+00
 Max Primal infeas           0 0.0E+00   Max Dual infeas           470 4.1E-06
 Nonlinear constraint violn    2.4E-09

 Solution not printed
