 

 Nonlinear constraints     306     Linear constraints       0
 Nonlinear variables       505     Linear variables         0
 Jacobian  variables       505     Objective variables    505
 Total constraints         306     Total variables        505
 

 
 The user has defined       0   out of  155035   first  derivatives
 

        Minor   QPmult   nInf   SumInf   rgNorm    QPobjective    nS
          100  3.0E+01                  8.5E-12  3.0206478E+02    10
          200 -3.4E-01                  4.6E-11  2.5953227E+02    82

 Major Minors     Step   nCon Feasible  Optimal  MeritFunction    nS Penalty
     0    223               1 (3.8E-11) 9.1E-02  3.9683333E+02    99           r  T
     1     95  1.0E-01      2  1.3E-05  1.0E-01  3.6908233E+02   191         n rl
     2     10  9.4E-02      3  4.1E-05  3.2E-01  3.4403184E+02   199         s  l
     3      2  1.0E+00      4  4.7E-02  1.6E-01  5.1102187E+00   199
     4      2  2.7E-01      5  3.7E-02  7.8E-02  1.1834483E+01   199 9.8E-01
     5      2  1.0E+00      6  2.7E-02  1.7E-01  4.6722734E+00   199 9.8E-01
     6      2  4.1E-01      7  1.6E-02  6.2E-02  4.2773034E+00   199 1.2E+00
     7      2  4.4E-01      8  9.0E-03  3.7E-02  3.2723707E+00   199 1.2E+00
     8      1  4.4E-01      9  5.0E-03  4.4E-02  2.9067923E+00   199 1.2E+00
     9      2  1.0E+00     10  9.0E-04  6.9E-02  2.5686379E+00   199 1.2E+00

 Major Minors     Step   nCon Feasible  Optimal  MeritFunction    nS Penalty
    10      2  1.0E+00     11  4.2E-04  4.6E-02  2.2740226E+00   199 1.2E+00
    11      1  1.0E+00     12  3.3E-04  4.2E-02  2.1278386E+00   199 1.2E+00
    12      1  1.0E+00     13  1.8E-04  2.5E-02  2.0447169E+00   199 1.2E+00   R
    13      1  3.2E-01     14  1.3E-04  7.3E-03  1.8629061E+00   199 1.2E+00 s
    14      1  1.0E+00     15  4.4E-06  4.0E-03  1.8469845E+00   199 1.2E+00
    15      1  1.0E+00     16  7.6E-06  4.3E-03  1.8290434E+00   199 1.2E+00
    16      1  1.0E+00     17  2.5E-05  8.6E-03  1.7943058E+00   199 1.2E+00
    17      1  1.0E+00     18  2.1E-05  7.1E-03  1.7694111E+00   199 1.2E+00
    18      1  1.0E+00     19  1.2E-05  2.9E-03  1.7536401E+00   199 1.2E+00
    19      1  1.0E+00     20  3.5E-06  2.3E-03  1.7453887E+00   199 1.2E+00

 Major Minors     Step   nCon Feasible  Optimal  MeritFunction    nS Penalty
    20      1  1.0E+00     21  5.7E-06  3.0E-03  1.7392256E+00   199 1.2E+00
    21      1  1.0E+00     22  6.3E-06  2.2E-03  1.7348682E+00   199 1.2E+00
    22      1  1.0E+00     23  4.0E-06  1.3E-03  1.7319228E+00   199 1.2E+00
    23      1  1.0E+00     24  1.4E-06  1.5E-03  1.7295767E+00   199 1.2E+00   R
    24      1  1.0E+00     25 (2.6E-07) 1.0E-03  1.7284342E+00   199 1.2E+00 s
    25      1  1.0E+00     26  1.2E-05  2.5E-03  1.7261863E+00   199 1.2E+00
    26      1  1.0E+00     27  1.8E-06  2.6E-03  1.7251691E+00   199 1.2E+00
    27      1  1.0E+00     28  1.6E-06  1.7E-03  1.7233735E+00   199 1.2E+00
    28      1  1.0E+00     29  3.4E-06  2.6E-03  1.7227699E+00   199 1.2E+00
    29      1  1.0E+00     30 (8.4E-07) 1.5E-03  1.7211342E+00   199 1.2E+00

 Major Minors     Step   nCon Feasible  Optimal  MeritFunction    nS Penalty
    30      1  1.0E+00     31  2.0E-06  1.9E-03  1.7208354E+00   199 1.2E+00
    31      1  1.0E+00     32 (1.8E-07) 1.5E-03  1.7200254E+00   199 1.2E+00
    32      1  1.0E+00     33 (6.3E-07) 1.5E-03  1.7198002E+00   199 1.2E+00
    33      1  1.0E+00     34 (2.3E-07) 1.0E-03  1.7192170E+00   199 1.2E+00
    34      1  1.0E+00     35 (8.1E-07) 1.7E-03  1.7189414E+00   199 1.2E+00   R
    35      1  4.0E-01     36 (4.5E-07) 3.6E-04  1.7186101E+00   199 1.2E+00 s
    36      1  1.0E+00     37 (1.1E-08) 2.6E-04  1.7185650E+00   199 1.2E+00
    37      1  1.0E+00     38 (3.2E-08) 4.5E-04  1.7185017E+00   199 1.2E+00
    38      1  1.0E+00     39 (1.3E-07) 7.1E-04  1.7183930E+00   199 1.2E+00
    39      1  1.0E+00     40 (1.3E-07) 5.7E-04  1.7182934E+00   199 1.2E+00

 Major Minors     Step   nCon Feasible  Optimal  MeritFunction    nS Penalty
    40      1  1.0E+00     41 (7.0E-08) 2.2E-04  1.7182130E+00   199 1.2E+00
    41      1  1.0E+00     42 (8.7E-08) 2.7E-04  1.7181482E+00   199 1.2E+00
    42      1  1.0E+00     43 (1.8E-07) 4.7E-04  1.7180832E+00   199 1.2E+00
    43      1  1.0E+00     44 (1.9E-07) 4.0E-04  1.7180238E+00   199 1.2E+00
    44      1  1.0E+00     45 (8.0E-08) 2.0E-04  1.7179764E+00   199 1.2E+00
    45      1  1.0E+00     46 (3.2E-08) 2.4E-04  1.7179351E+00   199 1.2E+00   R
    46      1  1.0E+00     47 (5.4E-09) 1.7E-04  1.7179135E+00   199 1.2E+00 s
    47      1  4.9E-01     48 (1.3E-07) 4.1E-04  1.7178597E+00   199 1.2E+00
    48      1  4.6E-01     49 (7.8E-08) 2.7E-04  1.7178274E+00   199 1.2E+00
    49      1  1.0E+00     50 (1.4E-07) 7.0E-04  1.7178216E+00   199 1.2E+00

 Major Minors     Step   nCon Feasible  Optimal  MeritFunction    nS Penalty
    50      1  1.0E+00     51 (2.9E-08) 8.4E-04  1.7178119E+00   199 1.2E+00
    51      1  1.0E+00     52 (7.7E-08) 3.1E-04  1.7177698E+00   199 1.2E+00
    52      1  4.3E-01     53 (4.5E-08) 3.1E-04  1.7177543E+00   199 1.2E+00
    53      1  1.0E+00     54 (6.9E-08) 3.2E-04  1.7177396E+00   199 1.2E+00
    54      1  1.0E+00     55 (1.0E-07) 5.1E-04  1.7177337E+00   199 1.2E+00
    55      1  1.0E+00     56 (3.7E-08) 3.9E-04  1.7177042E+00   199 1.2E+00
    56      1  4.6E-01     57 (3.3E-08) 2.1E-04  1.7176810E+00   199 1.2E+00   R
    57      1  3.2E-01     58 (2.6E-08) 8.0E-05  1.7176696E+00   199 1.2E+00 s
    58      1  1.0E+00     59 (1.3E-09) 7.7E-05  1.7176657E+00   199 1.2E+00
    59      1  1.0E+00     60 (2.3E-09) 9.1E-05  1.7176608E+00   199 1.2E+00

 Major Minors     Step   nCon Feasible  Optimal  MeritFunction    nS Penalty
    60      1  1.0E+00     61 (7.1E-09) 9.7E-05  1.7176543E+00   199 1.2E+00
    61      1  1.0E+00     62 (1.6E-08) 9.1E-05  1.7176463E+00   199 1.2E+00
    62      1  1.0E+00     63 (1.1E-08) 6.1E-05  1.7176383E+00   199 1.2E+00
    63      1  1.0E+00     64 (7.0E-09) 7.0E-05  1.7176312E+00   199 1.2E+00
    64      1  1.0E+00     65 (1.9E-08) 7.6E-05  1.7176244E+00   199 1.2E+00
    65      1  1.0E+00     66 (2.7E-08) 9.5E-05  1.7176173E+00   199 1.2E+00
    66      1  1.0E+00     67 (1.7E-08) 8.2E-05  1.7176102E+00   199 1.2E+00
    67      1  1.0E+00     68 (5.2E-09) 8.8E-05  1.7176031E+00   199 1.2E+00   R
    68      1  1.0E+00     69 (8.0E-10) 6.1E-05  1.7175991E+00   199 1.2E+00 s
    69      1  3.4E-01     70 (5.2E-09) 2.0E-04  1.7175927E+00   199 1.2E+00

 Major Minors     Step   nCon Feasible  Optimal  MeritFunction    nS Penalty
    70      1  1.0E+00     71 (2.2E-08) 2.7E-04  1.7175898E+00   199 1.2E+00
    71      1  1.0E+00     72 (1.4E-08) 2.8E-04  1.7175884E+00   199 1.2E+00
    72      1  4.6E-01     73 (9.2E-09) 1.6E-04  1.7175845E+00   199 1.2E+00
    73      1  1.0E+00     74 (5.1E-09) 1.4E-04  1.7175836E+00   199 1.2E+00
    74      1  1.0E+00     75 (9.4E-09) 1.1E-04  1.7175805E+00   199 1.2E+00
    75      1  4.0E-01     76 (5.5E-09) 7.5E-05  1.7175782E+00   199 1.2E+00
    76      1  1.0E+00     77 (1.9E-08) 1.5E-04  1.7175772E+00   199 1.2E+00
    77      1  1.0E+00     78 (1.7E-08) 1.7E-04  1.7175735E+00   199 1.2E+00
    78      1  1.0E+00     79 (4.8E-08) 2.7E-04  1.7175724E+00   199 1.2E+00   R
    79      1  2.7E-01     80 (3.5E-08) 1.0E-04  1.7175650E+00   199 1.2E+00 s

 Major Minors     Step   nCon Feasible  Optimal  MeritFunction    nS Penalty
    80      1  1.0E+00     81 (3.2E-10) 3.9E-05  1.7175637E+00   199 1.2E+00
    81      1  1.0E+00     82 (6.4E-10) 4.4E-05  1.7175630E+00   199 1.2E+00
    82      1  1.0E+00     83 (2.5E-09) 8.5E-05  1.7175619E+00   199 1.2E+00
    83      1  1.0E+00     84 (5.5E-09) 9.7E-05  1.7175604E+00   199 1.2E+00
    84      1  1.0E+00     85 (3.1E-09) 6.3E-05  1.7175588E+00   199 1.2E+00
    85      1  1.0E+00     86 (5.0E-09) 4.3E-05  1.7175570E+00   199 1.2E+00
    86      1  1.0E+00     87 (1.7E-08) 7.9E-05  1.7175549E+00   199 1.2E+00
    87      1  1.0E+00     88 (2.6E-08) 1.3E-04  1.7175523E+00   199 1.2E+00
    88      1  1.0E+00     89 (1.7E-08) 1.1E-04  1.7175498E+00   199 1.2E+00
    89      1  1.0E+00     90 (5.8E-09) 5.3E-05  1.7175475E+00   199 1.2E+00   R

 Major Minors     Step   nCon Feasible  Optimal  MeritFunction    nS Penalty
    90      1  1.0E+00     91 (8.7E-10) 5.1E-05  1.7175462E+00   199 1.2E+00 s
    91      1  3.4E-01     92 (1.3E-08) 1.6E-04  1.7175427E+00   199 1.2E+00
    92      1  3.7E-01     93 (3.7E-09) 9.3E-05  1.7175388E+00   199 1.2E+00
    93      1  3.0E-01     94 (3.2E-09) 6.6E-05  1.7175371E+00   199 1.2E+00
    94      1  4.8E-01     95 (1.2E-08) 6.9E-05  1.7175358E+00   199 1.2E+00
    95      1  3.6E-01     96 (2.3E-08) 8.2E-05  1.7175345E+00   199 1.2E+00
    96      1  1.0E+00     97 (8.0E-09) 1.5E-04  1.7175343E+00   199 1.2E+00
    97      1  1.0E+00     98 (2.5E-07) 2.2E-04  1.7175319E+00   199 1.2E+00
    98      1  3.6E-01     99 (1.9E-07) 1.5E-04  1.7175278E+00   199 1.2E+00
    99      1  4.0E-01    100 (1.1E-07) 1.7E-04  1.7175241E+00   199 1.2E+00

 Major Minors     Step   nCon Feasible  Optimal  MeritFunction    nS Penalty
   100      1  3.9E-01    101 (1.9E-08) 1.3E-04  1.7175203E+00   199 1.2E+00   R
   101      1  2.7E-01    102 (1.4E-08) 6.7E-05  1.7175183E+00   199 1.2E+00 s
   102      1  1.0E+00    103 (9.8E-10) 2.8E-05  1.7175175E+00   199 1.2E+00
   103      1  1.0E+00    104 (3.6E-10) 6.0E-05  1.7175167E+00   199 1.2E+00
   104      1  1.0E+00    105 (9.1E-09) 1.1E-04  1.7175148E+00   199 1.2E+00
   105      1  1.0E+00    106 (2.0E-08) 1.1E-04  1.7175126E+00   199 1.2E+00
   106      1  1.0E+00    107 (5.4E-09) 6.5E-05  1.7175107E+00   199 1.2E+00
   107      1  1.0E+00    108 (1.0E-08) 4.5E-05  1.7175096E+00   199 1.2E+00
   108      1  1.0E+00    109 (9.9E-09) 6.1E-05  1.7175085E+00   199 1.2E+00
   109      1  1.0E+00    110 (2.9E-08) 1.1E-04  1.7175067E+00   199 1.2E+00

 Major Minors     Step   nCon Feasible  Optimal  MeritFunction    nS Penalty
   110      1  1.0E+00    111 (9.4E-08) 1.5E-04  1.7175028E+00   199 1.2E+00
   111      1  1.0E+00    112 (1.0E-07) 1.5E-04  1.7174965E+00   199 1.2E+00   R
   112      1  1.0E+00    113 (3.0E-09) 7.5E-05  1.7174932E+00   199 1.2E+00 s
   113      1  1.0E+00    114 (9.3E-09) 7.5E-05  1.7174919E+00   199 1.2E+00
   114      1  1.0E+00    115 (1.1E-09) 5.1E-05  1.7174912E+00   199 1.2E+00
   115      1  1.0E+00    116 (2.3E-09) 3.6E-05  1.7174908E+00   199 1.2E+00
   116      1  1.0E+00    117 (4.6E-09) 5.2E-05  1.7174902E+00   199 1.2E+00
   117      1  1.0E+00    118 (7.5E-10) 4.7E-05  1.7174894E+00   199 1.2E+00
   118      1  1.0E+00    119 (5.9E-09) 2.8E-05  1.7174891E+00   199 1.2E+00
   119      1  1.0E+00    120 (6.7E-09) 2.8E-05  1.7174887E+00   199 1.2E+00

 Major Minors     Step   nCon Feasible  Optimal  MeritFunction    nS Penalty
   120      1  1.0E+00    121 (5.7E-09) 4.7E-05  1.7174881E+00   199 1.2E+00
   121      1  1.0E+00    122 (9.5E-09) 5.5E-05  1.7174874E+00   199 1.2E+00
   122      1  1.0E+00    123 (2.2E-08) 3.6E-05  1.7174867E+00   199 1.2E+00   R
   123      1  1.0E+00    124 (1.8E-10) 3.2E-05  1.7174863E+00   199 1.2E+00 s
   124      1  1.0E+00    125 (2.1E-10) 3.0E-05  1.7174859E+00   199 1.2E+00
   125      1  1.0E+00    126 (7.3E-10) 3.2E-05  1.7174856E+00   199 1.2E+00
   126      1  1.0E+00    127 (3.6E-10) 2.4E-05  1.7174853E+00   199 1.2E+00
   127      1  1.0E+00    128 (1.6E-09) 2.2E-05  1.7174850E+00   199 1.2E+00
   128      1  1.0E+00    129 (7.1E-10) 3.0E-05  1.7174847E+00   199 1.2E+00
   129      1  1.0E+00    130 (1.5E-09) 1.7E-05  1.7174845E+00   199 1.2E+00

 Major Minors     Step   nCon Feasible  Optimal  MeritFunction    nS Penalty
   130      1  1.0E+00    131 (1.7E-09) 2.9E-05  1.7174842E+00   199 1.2E+00
   131      1  1.0E+00    132 (7.7E-10) 3.5E-05  1.7174839E+00   199 1.2E+00
   132      1  1.0E+00    133 (2.0E-09) 2.7E-05  1.7174837E+00   199 1.2E+00
   133      1  1.0E+00    134 (3.8E-09) 2.0E-05  1.7174834E+00   199 1.2E+00   R
   134      1  1.0E+00    135 (6.6E-11) 2.0E-05  1.7174832E+00   199 1.2E+00 s
   135      1  1.0E+00    136 (2.1E-10) 1.5E-05  1.7174829E+00   199 1.2E+00
   136      1  1.0E+00    137 (2.9E-10) 2.9E-05  1.7174828E+00   199 1.2E+00
   137      1  1.0E+00    138 (1.1E-10) 1.3E-05  1.7174827E+00   199 1.2E+00
   138      1  1.0E+00    139 (3.4E-10) 1.3E-05  1.7174826E+00   199 1.2E+00
   139      1  1.0E+00    140 (7.0E-10) 2.0E-05  1.7174824E+00   199 1.2E+00

 Major Minors     Step   nCon Feasible  Optimal  MeritFunction    nS Penalty
   140      1  1.0E+00    141 (2.1E-10) 1.5E-05  1.7174823E+00   199 1.2E+00
   141      1  1.0E+00    142 (6.1E-10) 1.4E-05  1.7174822E+00   199 1.2E+00
   142      1  1.0E+00    143 (1.4E-10) 1.7E-05  1.7174821E+00   199 1.2E+00
   143      1  1.0E+00    144 (2.9E-11) 1.7E-05  1.7174820E+00   199 1.2E+00
   144      1  1.0E+00    145 (1.0E-09) 2.4E-05  1.7174819E+00   199 1.2E+00   R
   145      1  1.0E+00    146 (7.3E-11) 1.9E-05  1.7174818E+00   199 1.2E+00 s
   146      1  1.0E+00    147 (1.4E-11) 1.1E-05  1.7174817E+00   199 1.2E+00
   147      1  1.0E+00    148 (1.8E-11) 9.0E-06  1.7174817E+00   199 1.2E+00
   148      1  1.0E+00    149 (3.4E-11) 8.5E-06  1.7174817E+00   199 1.2E+00
   149      1  1.0E+00    150 (2.8E-11) 6.4E-06  1.7174816E+00   199 1.2E+00

 Major Minors     Step   nCon Feasible  Optimal  MeritFunction    nS Penalty
   150      1  1.0E+00    151 (2.5E-11) 6.1E-06  1.7174816E+00   199 1.2E+00
   151      1  1.0E+00    152 (6.2E-11) 7.7E-06  1.7174815E+00   199 1.2E+00
   152      1  1.0E+00    153 (7.0E-11) 5.7E-06  1.7174815E+00   199 1.2E+00
   153      1  1.0E+00    154 (3.3E-11) 5.0E-06  1.7174815E+00   199 1.2E+00
   154      1  1.0E+00    155 (1.3E-11) 5.9E-06  1.7174814E+00   199 1.2E+00
   155      1  1.0E+00    156 (5.7E-11) 6.8E-06  1.7174814E+00   199 1.2E+00   R
   156      1  1.0E+00    157 (4.1E-12) 5.8E-06  1.7174814E+00   199 1.2E+00 s
   157      1  1.0E+00    158 (3.7E-11) 4.7E-06  1.7174814E+00   199 1.2E+00
   158      1  1.0E+00    159 (2.8E-11) 8.0E-06  1.7174814E+00   199 1.2E+00
   159      1  1.0E+00    160 (4.1E-11) 4.2E-06  1.7174813E+00   199 1.2E+00

 Major Minors     Step   nCon Feasible  Optimal  MeritFunction    nS Penalty
   160      1  1.0E+00    161 (3.2E-11) 5.6E-06  1.7174813E+00   199 1.2E+00
   161      1  1.0E+00    162 (3.3E-11) 7.1E-06  1.7174813E+00   199 1.2E+00
   162      1  1.0E+00    163 (8.5E-12) 3.8E-06  1.7174813E+00   199 1.2E+00
   163      1  1.0E+00    164 (1.5E-11) 3.2E-06  1.7174813E+00   199 1.2E+00
   164      1  1.0E+00    165 (1.6E-11) 5.4E-06  1.7174813E+00   199 1.2E+00
   165      1  1.0E+00    166 (4.9E-11) 2.7E-06  1.7174813E+00   199 1.2E+00
   166      1  1.0E+00    167 (2.6E-12) 5.1E-06  1.7174813E+00   199 1.2E+00   R
   167      1  1.0E+00    168 (3.0E-12) 7.4E-06  1.7174813E+00   199 1.2E+00 s
   168      1  1.0E+00    169 (1.9E-13) 2.1E-06  1.7174813E+00   199 1.2E+00
   169      1  1.0E+00    170 (1.4E-13)(1.5E-06) 1.7174813E+00   199 1.2E+00
 
 SNOPTA EXIT   0 -- finished successfully
 SNOPTA INFO   1 -- optimality conditions satisfied

 Problem name
 No. of iterations                 502   Objective value      1.7174812921E+00
 No. of major iterations           169   Linear objective     0.0000000000E+00
 Penalty parameter           1.234E+00   Nonlinear objective  1.7174812921E+00
 No. of calls to funobj          86217   No. of calls to funcon          86217
 Calls with modes 1,2 (known g)    170   Calls with modes 1,2 (known g)    170
 Calls for forward differencing  85850   Calls for forward differencing  85850
 Calls for central differencing      0   Calls for central differencing      0
 No. of superbasics                199   No. of basic nonlinears           306
 No. of degenerate steps            67   Percentage                      13.35
 Max x                     101 1.0E+01   Max pi                    306 3.2E+00
 Max Primal infeas           0 0.0E+00   Max Dual infeas           487 6.4E-06
 Nonlinear constraint violn    7.6E-12

 Solution not printed
