
 
 ===>  WARNING - variable      103 has no Jacobian entries.
 ===>  WARNING - variable      104 has no Jacobian entries.
 ===>  WARNING - variable      105 has no Jacobian entries.
 

 Nonlinear constraints       3     Linear constraints       0
 Nonlinear variables       102     Linear variables         3
 Jacobian  variables       102     Objective variables    102
 Total constraints           3     Total variables        105
 

 
 The user has defined       0   out of     408   first  derivatives
 

 Major Minors     Step   nCon Feasible  Optimal  MeritFunction    nS Penalty
     0     10               1 (0.0E+00) 8.8E+01  2.9350000E+02    10           r
     1      1  1.4E-01      2 (0.0E+00) 4.8E+01  1.2391094E+01    10         n r
     2      2  7.1E-03      3 (0.0E+00) 7.8E+00  7.8558175E+00    10         s
     3      1  1.0E+00      4 (0.0E+00) 4.9E+00  7.6316886E+00    10
     4      1  1.0E+00      5 (0.0E+00) 7.3E+00  7.3039885E+00    10
     5      1  1.0E+00      6 (0.0E+00) 1.1E+01  6.7714176E+00    10
     6      1  1.0E+00      7 (0.0E+00) 9.2E+00  6.3379683E+00    10
     7      1  1.0E+00      8 (0.0E+00) 3.2E+00  6.1393830E+00    10
     8      1  1.0E+00      9 (0.0E+00) 2.3E+00  6.0886413E+00    10
     9      1  1.0E+00     10 (0.0E+00) 4.7E+00  6.0156359E+00    10

 Major Minors     Step   nCon Feasible  Optimal  MeritFunction    nS Penalty
    10      1  1.0E+00     11 (0.0E+00) 7.3E+00  5.8618159E+00    10
    11      1  1.0E+00     12 (0.0E+00) 8.7E+00  5.6472621E+00    10
    12      1  1.0E+00     13 (0.0E+00) 6.3E+00  5.4669860E+00    10           R
    13      1  1.0E+00     14 (0.0E+00) 1.9E+00  5.4174292E+00    10         s
    14      1  1.0E+00     15 (0.0E+00) 1.4E+00  5.4076328E+00    10
    15      1  1.0E+00     16 (0.0E+00) 1.6E+00  5.3761534E+00    10
    16      1  1.0E+00     17 (0.0E+00) 1.1E+00  5.3654087E+00    10
    17      1  1.0E+00     18 (0.0E+00) 7.5E-01  5.3597416E+00    10
    18      1  1.0E+00     19 (0.0E+00) 8.4E-01  5.3547153E+00    10
    19      1  1.0E+00     20 (0.0E+00) 2.0E+00  5.3423174E+00    10

 Major Minors     Step   nCon Feasible  Optimal  MeritFunction    nS Penalty
    20      1  1.0E+00     21 (0.0E+00) 2.7E+00  5.3227603E+00    10
    21      1  1.0E+00     22 (0.0E+00) 2.4E+00  5.3013612E+00    10
    22      1  1.0E+00     23 (0.0E+00) 1.4E+00  5.2898499E+00    10
    23      1  1.0E+00     24 (0.0E+00) 6.1E-01  5.2853878E+00    10           R
    24      1  1.0E+00     25 (0.0E+00) 5.7E-01  5.2834549E+00    10         s
    25      1  1.0E+00     26 (0.0E+00) 2.4E-01  5.2618981E+00    10
    26      1  1.0E+00     27 (0.0E+00) 1.8E+00  5.2616631E+00    10
    27      1  1.4E-01     28 (0.0E+00) 1.0E+00  5.2575250E+00    10
    28      1  1.0E+00     29 (0.0E+00) 4.6E-01  5.2469790E+00    10
    29      1  1.0E+00     30 (0.0E+00) 5.5E-01  5.2394736E+00    10

 Major Minors     Step   nCon Feasible  Optimal  MeritFunction    nS Penalty
    30      1  1.0E+00     31 (0.0E+00) 4.1E-01  5.2275796E+00    10
    31      1  1.0E+00     32 (0.0E+00) 4.0E-01  5.2192144E+00    10
    32      1  1.0E+00     33 (0.0E+00) 5.3E-01  5.2033773E+00    10
    33      1  1.0E+00     34 (0.0E+00) 9.3E-01  5.1823211E+00    10
    34      1  1.0E+00     35 (0.0E+00) 8.7E-01  5.1524694E+00    10           R
    35      1  1.0E+00     36 (0.0E+00) 1.4E+00  5.1499881E+00    10         s
    36      1  1.0E+00     37 (0.0E+00) 5.6E-01  5.1413939E+00    10
    37      1  1.0E+00     38 (0.0E+00) 6.5E-01  5.1334767E+00    10
    38      1  1.0E+00     39 (0.0E+00) 1.0E+00  5.1255882E+00    10
    39      1  1.0E+00     40 (0.0E+00) 9.1E-01  5.1174280E+00    10

 Major Minors     Step   nCon Feasible  Optimal  MeritFunction    nS Penalty
    40      1  1.0E+00     41 (0.0E+00) 3.8E-01  5.1128644E+00    10
    41      1  1.0E+00     42 (0.0E+00) 2.2E-01  5.1106708E+00    10
    42      1  1.0E+00     43 (0.0E+00) 4.1E-01  5.1087398E+00    10
    43      1  1.0E+00     44 (0.0E+00) 6.7E-01  5.1055641E+00    10
    44      1  1.0E+00     45 (0.0E+00) 7.8E-01  5.1020895E+00    10
    45      1  1.0E+00     46 (0.0E+00) 6.3E-01  5.0994288E+00    10           R
    46      1  1.0E+00     47 (0.0E+00) 3.3E-01  5.0983463E+00    10         s
    47      1  1.0E+00     48 (0.0E+00) 8.1E-01  5.0978678E+00    10
    48      1  1.0E+00     49 (0.0E+00) 4.5E-01  5.0947384E+00    10
    49      1  1.0E+00     50 (0.0E+00) 3.9E-01  5.0931649E+00    10

 Major Minors     Step   nCon Feasible  Optimal  MeritFunction    nS Penalty
    50      1  1.0E+00     51 (0.0E+00) 1.7E-01  5.0906337E+00    10
    51      1  1.0E+00     52 (0.0E+00) 1.6E-01  5.0893359E+00    10
    52      1  1.0E+00     53 (0.0E+00) 2.5E-01  5.0879278E+00    10
    53      1  1.0E+00     54 (0.0E+00) 2.1E-01  5.0870534E+00    10
    54      1  1.0E+00     55 (0.0E+00) 1.1E-01  5.0863456E+00    10
    55      1  1.0E+00     56 (0.0E+00) 7.7E-02  5.0857399E+00    10
    56      1  1.0E+00     57 (0.0E+00) 1.3E-01  5.0851772E+00    10           R
    57      1  1.0E+00     58 (0.0E+00) 1.5E-01  5.0850389E+00    10         s
    58      1  1.0E+00     59 (0.0E+00) 3.8E-02  5.0848082E+00    10
    59      1  1.0E+00     60 (0.0E+00) 2.3E-02  5.0846359E+00    10

 Major Minors     Step   nCon Feasible  Optimal  MeritFunction    nS Penalty
    60      1  1.0E+00     61 (0.0E+00) 3.9E-02  5.0845644E+00    10
    61      1  1.0E+00     62 (0.0E+00) 3.4E-02  5.0845387E+00    10
    62      1  1.0E+00     63 (0.0E+00) 2.0E-02  5.0844534E+00    10
    63      1  1.0E+00     64 (0.0E+00) 1.1E-02  5.0844130E+00    10
    64      1  1.0E+00     65 (0.0E+00) 1.6E-02  5.0843994E+00    10
    65      1  1.0E+00     66 (0.0E+00) 1.4E-02  5.0843972E+00    10
    66      1  1.0E+00     67 (0.0E+00) 1.1E-02  5.0843956E+00    10
    67      1  1.0E+00     68 (0.0E+00) 7.6E-03  5.0843929E+00    10           R
    68      1  1.0E+00     69 (0.0E+00) 1.1E-02  5.0843920E+00    10         s
    69      1  1.0E+00     70 (0.0E+00) 2.3E-02  5.0843917E+00    10

 Major Minors     Step   nCon Feasible  Optimal  MeritFunction    nS Penalty
    70      1  1.0E+00     71 (0.0E+00) 5.6E-03  5.0843902E+00    10
    71      1  1.0E+00     72 (0.0E+00) 9.1E-03  5.0843893E+00    10
    72      1  1.0E+00     73 (0.0E+00) 7.9E-03  5.0843886E+00    10
    73      1  1.0E+00     74 (0.0E+00) 4.7E-03  5.0843881E+00    10
    74      1  1.0E+00     75 (0.0E+00) 3.9E-03  5.0843876E+00    10
    75      1  1.0E+00     76 (0.0E+00) 6.2E-03  5.0843873E+00    10
    76      1  1.0E+00     77 (0.0E+00) 6.3E-03  5.0843871E+00    10
    77      1  1.0E+00     78 (0.0E+00) 4.6E-03  5.0843869E+00    10
    78      1  1.0E+00     79 (0.0E+00) 2.8E-03  5.0843866E+00    10           R
    79      1  1.0E+00     80 (0.0E+00) 4.4E-03  5.0843865E+00    10         s

 Major Minors     Step   nCon Feasible  Optimal  MeritFunction    nS Penalty
    80      1  1.0E+00     81 (0.0E+00) 6.1E-03  5.0843863E+00    10
    81      1  1.0E+00     82 (0.0E+00) 2.2E-03  5.0843862E+00    10
    82      1  1.0E+00     83 (0.0E+00) 1.4E-03  5.0843862E+00    10
    83      1  1.0E+00     84 (0.0E+00) 9.7E-04  5.0843861E+00    10
    84      1  1.0E+00     85 (0.0E+00) 2.0E-03  5.0843861E+00    10
    85      1  1.0E+00     86 (0.0E+00) 1.8E-03  5.0843860E+00    10
    86      1  1.0E+00     87 (0.0E+00) 9.2E-04  5.0843860E+00    10
    87      1  1.0E+00     88 (0.0E+00) 6.8E-04  5.0843859E+00    10
    88      1  1.0E+00     89 (0.0E+00) 6.5E-04  5.0843859E+00    10
    89      1  1.0E+00     90 (0.0E+00) 3.4E-04  5.0843859E+00    10           R

 Major Minors     Step   nCon Feasible  Optimal  MeritFunction    nS Penalty
    90      1  1.0E+00     91 (0.0E+00) 1.0E-03  5.0843859E+00    10         s
    91      1  1.0E+00     92 (0.0E+00) 4.5E-04  5.0843859E+00    10
    92      1  1.0E+00     93 (0.0E+00) 1.9E-04  5.0843859E+00    10
    93      1  1.0E+00     94 (0.0E+00) 1.9E-04  5.0843859E+00    10
    94      1  1.0E+00     95 (0.0E+00) 1.3E-04  5.0843859E+00    10
    94      2  1.0E+00     95 (0.0E+00) 3.7E-04  5.0843859E+00    10               c
    95      1  1.0E+00     96 (0.0E+00) 2.1E-04  5.0843859E+00    10
    96      1  1.0E+00     97 (0.0E+00) 1.9E-04  5.0843859E+00    10
    96      2  1.0E+00     97 (0.0E+00) 2.3E-04  5.0843859E+00    10               c
    97      1  1.0E+00     98 (0.0E+00) 2.2E-04  5.0843859E+00    10
    98      1  1.0E+00     99 (0.0E+00) 1.0E-04  5.0843859E+00    10
    98      2              99 (0.0E+00) 1.7E-04  5.0843859E+00    10               c
    99      1  1.0E+00    100 (0.0E+00) 1.7E-04  5.0843859E+00    10

 Major Minors     Step   nCon Feasible  Optimal  MeritFunction    nS Penalty
   100      1  1.0E+00    101 (0.0E+00) 2.6E-04  5.0843859E+00    10           R

 Major Minors     Step   nCon Feasible  Optimal  MeritFunction    nS Penalty
   100      2  1.0E+00    101 (0.0E+00) 1.2E-04  5.0843859E+00    10           R   c
   101      1  1.0E+00    102 (0.0E+00) 6.8E-05  5.0843859E+00    10         s
   102      1  2.9E-01    103 (0.0E+00) 3.8E-04  5.0843859E+00    10
   103      1  2.1E-01    104 (0.0E+00) 3.2E-04  5.0843859E+00    10
   104      1  1.0E+00    105 (0.0E+00) 2.5E-04  5.0843859E+00    10
   104      2             105 (0.0E+00) 1.9E-04  5.0843859E+00    10               c
   105      1  1.0E+00    106 (0.0E+00) 1.8E-04  5.0843859E+00    10
   106      1  1.0E+00    107 (0.0E+00) 2.6E-04  5.0843859E+00    10
   107      1  4.0E-01    108 (0.0E+00) 3.2E-04  5.0843859E+00    10
   108      1  4.2E-01    109 (0.0E+00) 2.5E-04  5.0843859E+00    10
   108      2             109 (0.0E+00) 1.7E-04  5.0843859E+00    10               c
   109      1  1.0E+00    110 (0.0E+00) 8.6E-05  5.0843859E+00    10
   109      1  1.0E+00    110 (0.0E+00) 8.6E-05  5.0843859E+00    10               c

 Major Minors     Step   nCon Feasible  Optimal  MeritFunction    nS Penalty
   110      1  1.0E+00    111 (0.0E+00) 1.2E-04  5.0843859E+00    10
   111      1  1.0E+00    112 (0.0E+00) 2.7E-04  5.0843859E+00    10           R
   112      1  4.0E-01    113 (0.0E+00) 2.1E-04  5.0843859E+00    10         s
   112      2             113 (0.0E+00) 7.3E-05  5.0843859E+00    10         s     c
   113      1  1.0E+00    114 (0.0E+00) 5.0E-05  5.0843859E+00    10
   113      1  1.0E+00    114 (0.0E+00) 5.0E-05  5.0843859E+00    10               c
   114      1  1.0E+00    115 (0.0E+00) 3.9E-05  5.0843859E+00    10
   114      1  1.0E+00    115 (0.0E+00) 3.9E-05  5.0843859E+00    10               c
   115      1  1.0E+00    116 (0.0E+00) 7.7E-05  5.0843859E+00    10
   115      1  1.0E+00    116 (0.0E+00) 7.7E-05  5.0843859E+00    10               c
   116      1  1.0E+00    117 (0.0E+00) 9.9E-05  5.0843859E+00    10
   116      1  1.0E+00    117 (0.0E+00) 9.9E-05  5.0843859E+00    10               c
   117      1  1.0E+00    118 (0.0E+00) 6.9E-05  5.0843859E+00    10
   117      1  1.0E+00    118 (0.0E+00) 6.9E-05  5.0843859E+00    10               c
   118      1  1.0E+00    119 (0.0E+00) 2.5E-05  5.0843859E+00    10               c
   119      1  1.0E+00    120 (0.0E+00) 2.2E-05  5.0843859E+00    10               c

 Major Minors     Step   nCon Feasible  Optimal  MeritFunction    nS Penalty
   120      1  1.0E+00    121 (0.0E+00) 3.0E-05  5.0843859E+00    10               c
   121      1  1.0E+00    122 (0.0E+00) 3.8E-05  5.0843859E+00    10
   121      1  1.0E+00    122 (0.0E+00) 3.8E-05  5.0843859E+00    10               c
   122      1  1.0E+00    123 (0.0E+00) 3.0E-05  5.0843859E+00    10           R   c
   123      1  1.0E+00    124 (0.0E+00) 2.0E-05  5.0843859E+00    10         s     c
   124      1  1.0E+00    125 (0.0E+00) 1.7E-05  5.0843859E+00    10               c
   125      1  1.0E+00    126 (0.0E+00) 5.9E-06  5.0843859E+00    10               c
   126      1  1.0E+00    127 (0.0E+00) 6.6E-06  5.0843859E+00    10               c
   127      1  1.0E+00    128 (0.0E+00) 6.6E-06  5.0843859E+00    10               c
   128      1  1.0E+00    129 (0.0E+00) 5.9E-06  5.0843859E+00    10               c
   129      1  1.0E+00    130 (0.0E+00) 5.6E-06  5.0843859E+00    10               c

 Major Minors     Step   nCon Feasible  Optimal  MeritFunction    nS Penalty
   130      1  1.0E+00    131 (0.0E+00) 5.4E-06  5.0843859E+00    10               c
   131      1  1.0E+00    132 (0.0E+00) 3.9E-06  5.0843859E+00    10               c
   132      1  1.0E+00    133 (0.0E+00) 2.3E-06  5.0843859E+00    10               c
   133      1  1.0E+00    134 (0.0E+00) 2.3E-06  5.0843859E+00    10           R   c
   134      1  1.0E+00    135 (0.0E+00)(2.0E-06) 5.0843859E+00    10         s     c
 
 SNOPTA EXIT   0 -- finished successfully
 SNOPTA INFO   1 -- optimality conditions satisfied

 Problem name
 No. of iterations                 152   Objective value      5.0843858848E+00
 No. of major iterations           134   Linear objective     0.0000000000E+00
 Penalty parameter           0.000E+00   Nonlinear objective  5.0843858848E+00
 No. of calls to funobj          19896   No. of calls to funcon          19896
 Calls with modes 1,2 (known g)    135   Calls with modes 1,2 (known g)    135
 Calls for forward differencing  10812   Calls for forward differencing  10812
 Calls for central differencing   8772   Calls for central differencing   8772
 No. of superbasics                 10   No. of basic nonlinears             0
 No. of degenerate steps             0   Percentage                        .00
 Max x       (scaled)       52 6.9E-01   Max pi      (scaled)        1 0.0E+00
 Max x                      52 6.9E-01   Max pi                      1 0.0E+00
 Max Prim inf(scaled)        0 0.0E+00   Max Dual inf(scaled)       52 3.9E-06
 Max Primal infeas           0 0.0E+00   Max Dual infeas            52 3.9E-06
 Nonlinear constraint violn    0.0E+00

 Solution not printed
