 

 Nonlinear constraints      12     Linear constraints       0
 Nonlinear variables        56     Linear variables         0
 Jacobian  variables        56     Objective variables     56
 Total constraints          12     Total variables         56
 

 
 The user has defined       0   out of     728   first  derivatives
 

 Major Minors     Step   nCon Feasible  Optimal  MeritFunction    nS Penalty
     0     41               1  6.0E+00  3.2E-01  5.5975000E+02    39           r
     1      2  1.7E-01      2  2.5E+00  3.6E-01  1.7294543E+03    40 8.0E+01 n rl
     2      1  1.7E-01      3  1.4E+00  3.3E-01  1.3834939E+03    40 8.0E+01 s  l
     3      1  2.4E-01      4  4.4E-01  1.9E+00  5.1241523E+02    40 9.0E+00    l
     4      1  3.9E-01      5  4.3E-01  5.2E+00  1.1954727E+02    40 4.3E+00    l
     5      1  7.6E-02      6  3.6E-01  4.1E-01  1.5332335E+01    40 4.3E+00
     6      1  1.6E-01      7  3.4E-01  1.8E+00  2.5539646E+01    40 4.3E+00
     7      1  9.0E-02      8  3.6E-01  1.8E+00 -1.5026564E+01    40 4.3E+00
     8      1  1.7E-01      9  3.3E-01  1.1E+00  6.0455310E+01    40 5.1E+00
     9      2  2.4E-02     11  3.7E-01  1.4E+00  3.3365729E+01    40 5.1E+00  m

 Major Minors     Step   nCon Feasible  Optimal  MeritFunction    nS Penalty
    10      2  3.7E-02     12  3.5E-01  1.5E+00  2.4331865E+01    40 5.1E+00
    11      2  3.2E-03     14  3.5E-01  2.4E+00  5.0090896E+01    40 5.5E+00  m
    12      2  5.8E-02     15  3.3E-01  2.5E+00  2.0124582E+02    40 9.0E+00
    13      2  4.9E-03     17  3.4E-01  6.2E+00  1.9847260E+02    40 9.0E+00  m
    14      2  7.9E-03     18  3.5E-01  1.6E+00  1.9764366E+02    40 9.0E+00
    15      2  2.5E-03     20  3.5E-01  4.5E+00  1.9578315E+02    40 9.0E+00  m
    16      2  2.8E-02     21  3.4E-01  3.7E+00  1.9203060E+02    40 9.0E+00
    17      2  3.5E-02     22  3.4E-01  1.3E+00  1.8776610E+02    40 9.0E+00
    18      2  1.2E-02     24  3.4E-01  2.1E+00  1.8519831E+02    40 9.0E+00  m
    19      2  1.3E-03     25  3.4E-01  3.2E+00  1.8500335E+02    40 9.0E+00

 Major Minors     Step   nCon Feasible  Optimal  MeritFunction    nS Penalty
    20      2  1.4E-02     26  3.4E-01  5.5E+00  1.8427229E+02    40 9.0E+00
    21      1  5.2E-02     27  3.4E-01  1.7E+00  1.7916140E+02    40 9.0E+00
    22      1  4.7E-02     28  3.4E-01  6.5E-01  1.7830074E+02    40 9.0E+00
    23      2  2.3E-02     29  3.5E-01  6.2E+00  1.7530303E+02    40 9.0E+00
    24      2  1.7E-01     30  3.0E-01  4.4E+00  1.6373456E+02    40 9.0E+00
    25      2  9.5E-03     31  2.9E-01  4.0E+00  1.5860149E+02    40 9.0E+00
    26      2  1.0E-01     32  2.8E-01  5.5E+00  1.5424320E+02    40 9.0E+00
    27      2  6.2E-02     33  2.7E-01  4.2E+00  1.4868100E+02    40 9.0E+00
    28      1  3.2E-02     34  2.6E-01  3.7E+00  1.4564918E+02    40 9.0E+00
    29      1  3.2E-02     35  2.6E-01  8.8E+00  1.4262860E+02    40 9.0E+00

 Major Minors     Step   nCon Feasible  Optimal  MeritFunction    nS Penalty
    30      1  9.8E-02     36  2.4E-01  6.3E+00  1.3540020E+02    40 9.0E+00
    31      2  7.3E-02     37  2.3E-01  2.6E+00  1.3344666E+02    40 9.0E+00
    32      1  3.5E-02     38  2.3E-01  5.8E+00  1.2990149E+02    40 9.0E+00
    33      2  1.5E-02     39  2.3E-01  1.9E+00  1.2858140E+02    40 9.0E+00
    34      2  6.1E-03     40  2.3E-01  1.0E+00  1.2725784E+02    40 9.0E+00
    35      2  5.0E-04     41  2.3E-01  2.9E+00  1.2673148E+02    40 9.0E+00
    36      2  1.9E-02     42  2.3E-01  8.4E+00  1.2544525E+02    40 9.0E+00
    37      1  1.0E+00     43  1.4E-01  8.7E+00  1.2515971E+02    40 9.0E+00
    38      1  1.0E+00     44  3.3E-02  4.9E+00  1.1667180E+02    40 9.0E+00
    39      2  1.5E-02     45  3.3E-02  5.2E+00  1.1532624E+02    40 9.0E+00

 Major Minors     Step   nCon Feasible  Optimal  MeritFunction    nS Penalty
    40      1  3.4E-01     46  3.9E-02  5.4E+00  1.0722070E+02    40 9.0E+00
    41      1  1.0E+00     47  3.9E-02  3.2E+00  9.9482730E+01    40 9.0E+00
    42      1  1.0E+00     48  1.8E-02  2.8E+00  9.5617135E+01    40 9.0E+00
    43      1  4.8E-01     49  9.4E-03  5.2E+00  8.8502555E+01    40 9.0E+00
    44      1  1.0E+00     50  2.2E-02  6.0E+00  8.0638979E+01    40 9.0E+00
    45      1  1.0E+00     51  4.4E-02  3.3E+00  7.4814905E+01    40 9.0E+00
    46      1  3.8E-01     52  2.8E-02  6.2E+00  7.0175942E+01    40 9.0E+00
    47      1  1.0E+00     53  2.0E-02  4.1E+00  6.2006935E+01    40 9.0E+00
    48      1  1.0E+00     54  3.1E-02  3.7E+00  5.6053012E+01    40 9.0E+00
    49      1  1.0E+00     55  2.2E-02  1.4E+00  5.1534136E+01    40 9.0E+00

 Major Minors     Step   nCon Feasible  Optimal  MeritFunction    nS Penalty
    50      1  1.0E+00     56  1.0E-02  1.9E+00  4.8344903E+01    40 9.0E+00
    51      1  1.0E+00     57  4.9E-03  1.7E+00  4.6050566E+01    40 9.0E+00
    52      1  1.0E+00     58  5.7E-03  1.7E+00  4.2553843E+01    40 9.0E+00
    53      1  1.0E+00     59  4.9E-03  1.1E+00  3.8570052E+01    40 9.0E+00
    54      1  1.0E+00     60  7.1E-02  8.2E-01  3.6977535E+01    40 9.0E+00
    55      1  1.0E+00     61  1.2E-02  2.1E+00  3.2551209E+01    40 9.0E+00
    56      1  3.3E-01     62  1.1E-02  1.3E+00  3.1104033E+01    40 9.0E+00
    57      1  1.0E+00     63  7.2E-03  9.8E-01  2.8595695E+01    40 9.0E+00
    58      1  1.0E+00     64  2.8E-03  1.1E+00  2.5874762E+01    40 9.0E+00
    59      1  1.0E+00     65  1.8E-02  1.5E+00  2.1720938E+01    40 9.0E+00

 Major Minors     Step   nCon Feasible  Optimal  MeritFunction    nS Penalty
    60      1  1.0E+00     66  3.5E-03  1.5E+00  1.8935113E+01    40 9.0E+00
    61      1  1.0E+00     67  1.4E-02  1.3E+00  1.6546933E+01    40 9.0E+00
    62      1  1.0E+00     68  2.3E-03  1.8E+00  1.5244491E+01    40 9.0E+00
    63      1  1.0E+00     69  1.5E-03  1.5E+00  1.4081466E+01    40 9.0E+00
    64      1  1.0E+00     70  2.7E-03  1.5E+00  1.2990937E+01    40 9.0E+00
    65      1  1.0E+00     71  1.4E-03  1.4E+00  1.2362998E+01    40 9.0E+00
    66      1  1.0E+00     72  8.8E-04  1.5E+00  1.1915814E+01    40 9.0E+00
    67      1  1.0E+00     73  1.0E-03  1.4E+00  1.1352855E+01    40 9.0E+00
    68      1  1.0E+00     74  1.1E-03  1.2E+00  1.0824754E+01    40 9.0E+00
    69      1  1.0E+00     75  6.6E-04  1.1E+00  1.0482613E+01    40 9.0E+00

 Major Minors     Step   nCon Feasible  Optimal  MeritFunction    nS Penalty
    70      1  1.0E+00     76  8.0E-04  9.6E-01  1.0196731E+01    40 9.0E+00
    71      1  1.0E+00     77  8.3E-04  8.9E-01  9.8652859E+00    40 9.0E+00
    72      1  1.0E+00     78  1.5E-03  8.2E-01  9.4769861E+00    40 9.0E+00
    73      1  1.0E+00     79  1.3E-03  8.7E-01  9.0912513E+00    40 9.0E+00
    74      1  1.0E+00     80  1.2E-03  8.5E-01  8.7989668E+00    40 9.0E+00
    75      1  1.0E+00     81  3.3E-04  8.1E-01  8.5564256E+00    40 9.0E+00
    76      1  1.0E+00     82  5.1E-04  7.3E-01  8.2807799E+00    40 9.0E+00
    77      1  1.0E+00     83  5.1E-04  6.7E-01  7.9408327E+00    40 9.0E+00
    78      1  1.0E+00     84  4.5E-04  5.9E-01  7.5261204E+00    40 9.0E+00
    79      1  1.0E+00     85  6.6E-04  4.9E-01  6.9658366E+00    40 9.0E+00

 Major Minors     Step   nCon Feasible  Optimal  MeritFunction    nS Penalty
    80      1  1.0E+00     86  1.2E-03  4.3E-01  6.3449753E+00    40 9.0E+00
    81      1  1.0E+00     87  6.3E-04  3.7E-01  5.8757009E+00    40 9.0E+00
    82      1  1.0E+00     88  6.7E-04  3.7E-01  5.5852080E+00    40 9.0E+00
    83      1  1.0E+00     89  8.1E-04  4.1E-01  5.3454833E+00    40 9.0E+00
    84      1  1.0E+00     90  6.4E-04  4.1E-01  5.0979957E+00    40 9.0E+00
    85      1  1.0E+00     91  1.0E-03  3.9E-01  4.8391806E+00    40 9.0E+00
    86      1  1.0E+00     92  4.2E-04  3.5E-01  4.6406584E+00    40 9.0E+00
    87      1  1.0E+00     93  3.9E-04  3.4E-01  4.4283367E+00    40 9.0E+00
    88      1  1.0E+00     94  8.0E-04  3.1E-01  4.1990134E+00    40 9.0E+00
    89      1  1.0E+00     95  1.3E-03  2.7E-01  3.9585034E+00    40 9.0E+00

 Major Minors     Step   nCon Feasible  Optimal  MeritFunction    nS Penalty
    90      1  1.0E+00     96  5.7E-04  2.5E-01  3.7962423E+00    40 9.0E+00
    91      1  1.0E+00     97  1.5E-04  2.4E-01  3.7122202E+00    40 9.0E+00
    92      1  1.0E+00     98  1.9E-04  2.7E-01  3.6494768E+00    40 9.0E+00
    93      1  1.0E+00     99  7.5E-05  3.1E-01  3.5704869E+00    40 9.0E+00
    94      1  1.0E+00    100  3.8E-04  3.1E-01  3.4750479E+00    40 9.0E+00
    95      1  1.0E+00    101  5.7E-04  2.7E-01  3.3877250E+00    40 9.0E+00
    96      1  1.0E+00    102  3.7E-04  2.4E-01  3.3180185E+00    40 9.0E+00
    97      1  1.0E+00    103  1.4E-04  2.0E-01  3.2532518E+00    40 9.0E+00
    98      1  1.0E+00    104  1.2E-04  1.9E-01  3.1900862E+00    40 9.0E+00
    99      1  1.0E+00    105  1.0E-04  1.8E-01  3.1391019E+00    40 9.0E+00

 Major Minors     Step   nCon Feasible  Optimal  MeritFunction    nS Penalty
   100      1  1.0E+00    106  6.5E-05  1.9E-01  3.1020551E+00    40 9.0E+00
   101      1  1.0E+00    107  6.8E-05  1.7E-01  3.0707590E+00    40 9.0E+00
   102      1  1.0E+00    108  9.9E-05  1.7E-01  3.0381059E+00    40 9.0E+00
   103      1  1.0E+00    109  1.5E-04  1.8E-01  3.0017779E+00    40 9.0E+00
   104      1  1.0E+00    110  2.1E-04  1.7E-01  2.9641259E+00    40 9.0E+00
   105      1  1.0E+00    111  1.7E-04  1.6E-01  2.9292074E+00    40 9.0E+00
   106      1  1.0E+00    112  8.6E-05  2.0E-01  2.8979183E+00    40 9.0E+00
   107      1  1.0E+00    113  8.3E-05  2.5E-01  2.8655168E+00    40 9.0E+00
   108      1  1.0E+00    114  8.3E-05  3.0E-01  2.8249364E+00    40 9.0E+00
   109      1  1.0E+00    115  5.3E-05  3.0E-01  2.7743571E+00    40 9.0E+00

 Major Minors     Step   nCon Feasible  Optimal  MeritFunction    nS Penalty
   110      1  1.0E+00    116  1.7E-04  2.8E-01  2.7224727E+00    40 9.0E+00
   111      1  1.0E+00    117  5.7E-05  2.3E-01  2.6831865E+00    40 9.0E+00
   112      1  1.0E+00    118  6.5E-05  2.0E-01  2.6598698E+00    40 9.0E+00
   113      1  1.0E+00    119  5.9E-05  1.9E-01  2.6428215E+00    40 9.0E+00
   114      1  1.0E+00    120  4.3E-05  1.9E-01  2.6228963E+00    40 9.0E+00
   115      1  1.0E+00    121  2.3E-05  2.0E-01  2.6006679E+00    40 9.0E+00
   116      1  1.0E+00    122  1.6E-05  2.2E-01  2.5812831E+00    40 9.0E+00
   117      1  1.0E+00    123  6.0E-05  2.0E-01  2.5672916E+00    40 9.0E+00
   118      1  1.0E+00    124  4.8E-05  1.7E-01  2.5567995E+00    40 9.0E+00
   119      1  1.0E+00    125  1.9E-05  1.3E-01  2.5480295E+00    40 9.0E+00

 Major Minors     Step   nCon Feasible  Optimal  MeritFunction    nS Penalty
   120      1  1.0E+00    126  8.1E-06  1.1E-01  2.5402722E+00    40 9.0E+00
   121      1  1.0E+00    127  9.1E-06  1.1E-01  2.5327482E+00    40 9.0E+00
   122      1  1.0E+00    128  2.3E-05  1.1E-01  2.5243298E+00    40 9.0E+00
   123      1  1.0E+00    129  2.6E-05  1.3E-01  2.5142942E+00    40 9.0E+00
   124      1  1.0E+00    130  1.6E-05  1.5E-01  2.5029082E+00    40 9.0E+00
   125      1  1.0E+00    131  1.2E-05  1.7E-01  2.4902741E+00    40 9.0E+00
   126      1  1.0E+00    132  3.8E-05  1.7E-01  2.4752076E+00    40 9.0E+00
   127      1  1.0E+00    133  7.6E-05  1.5E-01  2.4569570E+00    40 9.0E+00
   128      1  1.0E+00    134  4.9E-05  1.1E-01  2.4400326E+00    40 9.0E+00
   129      1  1.0E+00    135  2.5E-05  7.2E-02  2.4298512E+00    40 9.0E+00

 Major Minors     Step   nCon Feasible  Optimal  MeritFunction    nS Penalty
   130      1  1.0E+00    136  1.7E-05  4.8E-02  2.4246079E+00    40 9.0E+00
   131      1  1.0E+00    137  1.4E-05  6.5E-02  2.4208974E+00    40 9.0E+00
   132      1  1.0E+00    138  1.2E-05  6.9E-02  2.4173470E+00    40 9.0E+00
   133      1  1.0E+00    139  3.7E-06  5.6E-02  2.4145150E+00    40 9.0E+00
   134      1  1.0E+00    140  2.1E-06  4.4E-02  2.4124321E+00    40 9.0E+00
   135      1  1.0E+00    141  3.1E-06  3.3E-02  2.4103912E+00    40 9.0E+00
   136      1  1.0E+00    142  6.2E-06  2.9E-02  2.4079911E+00    40 9.0E+00
   137      1  1.0E+00    143  3.7E-06  2.3E-02  2.4059423E+00    40 9.0E+00
   138      1  1.0E+00    144  2.2E-06  2.7E-02  2.4050267E+00    40 9.0E+00
   139      1  1.0E+00    145 (7.8E-07) 2.9E-02  2.4047795E+00    40 9.0E+00

 Major Minors     Step   nCon Feasible  Optimal  MeritFunction    nS Penalty
   140      1  1.0E+00    146 (2.4E-07) 3.0E-02  2.4046430E+00    40 9.0E+00
   141      1  1.0E+00    147 (4.0E-07) 2.9E-02  2.4044551E+00    40 9.0E+00
   142      1  1.0E+00    148 (1.7E-07) 2.8E-02  2.4042597E+00    40 9.0E+00
   143      1  1.0E+00    149 (1.9E-07) 2.6E-02  2.4040874E+00    40 9.0E+00
   144      1  1.0E+00    150 (2.7E-07) 2.5E-02  2.4038897E+00    40 9.0E+00
   145      1  1.0E+00    151 (4.2E-07) 2.2E-02  2.4035247E+00    40 9.0E+00
   146      1  1.0E+00    152 (6.3E-07) 2.0E-02  2.4027454E+00    40 9.0E+00
   147      1  1.0E+00    153  1.4E-06  1.8E-02  2.4011266E+00    40 9.0E+00
   148      1  1.0E+00    154  1.0E-05  1.7E-02  2.3982398E+00    40 9.0E+00
   149      1  1.0E+00    155  2.8E-05  1.2E-02  2.3944214E+00    40 9.0E+00

 Major Minors     Step   nCon Feasible  Optimal  MeritFunction    nS Penalty
   150      1  1.0E+00    156  2.4E-05  9.2E-03  2.3912766E+00    40 9.0E+00
   151      1  1.0E+00    157  5.3E-06  4.5E-03  2.3897857E+00    40 9.0E+00
   152      1  1.0E+00    158 (9.8E-07) 2.7E-03  2.3892895E+00    40 9.0E+00
   153      1  1.0E+00    159 (1.9E-07) 1.8E-03  2.3891045E+00    40 9.0E+00
   154      1  1.0E+00    160 (1.2E-07) 1.8E-03  2.3890230E+00    40 9.0E+00
   155      1  1.0E+00    161 (6.6E-08) 1.8E-03  2.3889911E+00    40 9.0E+00
   156      1  1.0E+00    162 (7.7E-08) 1.0E-03  2.3889792E+00    40 9.0E+00
   157      1  1.0E+00    163 (5.0E-09) 2.6E-04  2.3889759E+00    40 9.0E+00
   158      1  1.0E+00    164 (2.7E-09) 8.3E-05  2.3889753E+00    40 9.0E+00
   159      1  1.0E+00    165 (1.5E-10) 1.2E-04  2.3889752E+00    40 9.0E+00

 Major Minors     Step   nCon Feasible  Optimal  MeritFunction    nS Penalty
   160      1  1.0E+00    166 (1.3E-10) 9.9E-05  2.3889752E+00    40 9.0E+00
   161      1  1.0E+00    167 (2.0E-11) 5.7E-05  2.3889751E+00    40 9.0E+00
   162      1  1.0E+00    168 (1.4E-11) 2.1E-05  2.3889751E+00    40 9.0E+00
   163      1  1.0E+00    169 (1.6E-11) 1.1E-05  2.3889751E+00    40 9.0E+00
   164      1  1.0E+00    170 (9.8E-13) 3.2E-06  2.3889751E+00    40 9.0E+00
   164      2  1.0E+00    170 (9.8E-13) 5.8E-06  2.3889751E+00    40 9.0E+00       c
   165      1  1.0E+00    171 (5.0E-13) 2.3E-06  2.3889751E+00    40 9.0E+00       c
   166      1  1.0E+00    172 (3.3E-14)(3.0E-07) 2.3889751E+00    40 9.0E+00       c
 
 SNOPTA EXIT   0 -- finished successfully
 SNOPTA INFO   1 -- optimality conditions satisfied

 Problem name
 No. of iterations                 232   Objective value      2.3889751299E+00
 No. of major iterations           166   Linear objective     0.0000000000E+00
 Penalty parameter           8.964E+00   Nonlinear objective  2.3889751299E+00
 No. of calls to funobj          10241   No. of calls to funcon          10241
 Calls with modes 1,2 (known g)    172   Calls with modes 1,2 (known g)    172
 Calls for forward differencing   9520   Calls for forward differencing   9520
 Calls for central differencing    336   Calls for central differencing    336
 No. of superbasics                 40   No. of basic nonlinears            12
 No. of degenerate steps             0   Percentage                        .00
 Max x                      10 1.0E+01   Max pi                      2 4.1E+00
 Max Primal infeas           0 0.0E+00   Max Dual infeas             3 1.5E-06
 Nonlinear constraint violn    3.1E-13

 Solution not printed
