
 
 ===>  WARNING - variable      203 has no Jacobian entries.
 ===>  WARNING - variable      204 has no Jacobian entries.
 ===>  WARNING - variable      205 has no Jacobian entries.
 

 Nonlinear constraints       3     Linear constraints       0
 Nonlinear variables       202     Linear variables         3
 Jacobian  variables       202     Objective variables    202
 Total constraints           3     Total variables        205
 

 
 The user has defined       0   out of     808   first  derivatives
 

 Major Minors     Step   nCon Feasible  Optimal  MeritFunction    nS Penalty
     0     10               1 (0.0E+00) 8.8E+01  2.9350000E+02    10           r
     1      1  1.0E-01      2 (0.0E+00) 4.8E+01  1.2391094E+01    10         n r
     2      2  5.2E-03      3 (0.0E+00) 8.3E+00  7.8834708E+00    10         s
     3      1  1.0E+00      4 (0.0E+00) 4.9E+00  7.6321308E+00    10
     4      1  1.0E+00      5 (0.0E+00) 6.6E+00  7.3537390E+00    10
     5      1  1.0E+00      6 (0.0E+00) 1.1E+01  6.7997167E+00    10
     6      1  1.0E+00      7 (0.0E+00) 9.6E+00  6.3641965E+00    10
     7      1  1.0E+00      8 (0.0E+00) 3.5E+00  6.1428901E+00    10
     8      1  1.0E+00      9 (0.0E+00) 2.3E+00  6.0897187E+00    10
     9      1  1.0E+00     10 (0.0E+00) 4.5E+00  6.0225634E+00    10

 Major Minors     Step   nCon Feasible  Optimal  MeritFunction    nS Penalty
    10      1  1.0E+00     11 (0.0E+00) 7.2E+00  5.8729170E+00    10
    11      1  1.0E+00     12 (0.0E+00) 8.6E+00  5.6618565E+00    10
    12      1  1.0E+00     13 (0.0E+00) 6.5E+00  5.4738489E+00    10           R
    13      1  1.0E+00     14 (0.0E+00) 1.9E+00  5.4190103E+00    10         s
    14      1  1.0E+00     15 (0.0E+00) 1.3E+00  5.4093934E+00    10
    15      1  1.0E+00     16 (0.0E+00) 1.7E+00  5.3783336E+00    10
    16      1  1.0E+00     17 (0.0E+00) 1.2E+00  5.3667715E+00    10
    17      1  1.0E+00     18 (0.0E+00) 7.6E-01  5.3606609E+00    10
    18      1  1.0E+00     19 (0.0E+00) 8.4E-01  5.3556246E+00    10
    19      1  1.0E+00     20 (0.0E+00) 1.9E+00  5.3434715E+00    10

 Major Minors     Step   nCon Feasible  Optimal  MeritFunction    nS Penalty
    20      1  1.0E+00     21 (0.0E+00) 2.7E+00  5.3242778E+00    10
    21      1  1.0E+00     22 (0.0E+00) 2.4E+00  5.3030990E+00    10
    22      1  1.0E+00     23 (0.0E+00) 1.4E+00  5.2914914E+00    10
    23      1  1.0E+00     24 (0.0E+00) 6.2E-01  5.2867791E+00    10           R
    24      1  1.0E+00     25 (0.0E+00) 5.8E-01  5.2846636E+00    10         s
    25      1  1.0E+00     26 (0.0E+00) 2.9E-01  5.2630240E+00    10
    26      1  1.4E-01     27 (0.0E+00) 5.8E-01  5.2621421E+00    10
    27      1  1.0E+00     28 (0.0E+00) 1.1E+00  5.2604473E+00    10
    28      1  1.0E+00     29 (0.0E+00) 2.6E-01  5.2478357E+00    10
    29      1  1.0E+00     30 (0.0E+00) 2.4E-01  5.2402130E+00    10

 Major Minors     Step   nCon Feasible  Optimal  MeritFunction    nS Penalty
    30      1  1.0E+00     31 (0.0E+00) 3.7E-01  5.2309073E+00    10
    31      1  1.0E+00     32 (0.0E+00) 4.1E-01  5.2221845E+00    10
    32      1  1.0E+00     33 (0.0E+00) 3.9E-01  5.2090141E+00    10
    33      1  1.0E+00     34 (0.0E+00) 5.2E-01  5.1901373E+00    10
    34      1  1.0E+00     35 (0.0E+00) 6.8E-01  5.1629602E+00    10           R
    35      1  1.0E+00     36 (0.0E+00) 7.9E-01  5.1563624E+00    10         s
    36      1  4.8E-01     37 (0.0E+00) 7.9E-01  5.1457562E+00    10
    37      1  1.0E+00     38 (0.0E+00) 2.5E-01  5.1310735E+00    10
    38      1  1.0E+00     39 (0.0E+00) 2.7E-01  5.1193420E+00    10
    39      1  1.0E+00     40 (0.0E+00) 1.9E-01  5.1157416E+00    10

 Major Minors     Step   nCon Feasible  Optimal  MeritFunction    nS Penalty
    40      1  1.0E+00     41 (0.0E+00) 2.6E-01  5.1097407E+00    10
    41      1  1.0E+00     42 (0.0E+00) 1.7E-01  5.1052579E+00    10
    42      1  1.0E+00     43 (0.0E+00) 2.2E-01  5.1013041E+00    10
    43      1  1.0E+00     44 (0.0E+00) 3.2E-01  5.0979720E+00    10
    44      1  1.0E+00     45 (0.0E+00) 3.7E-01  5.0939774E+00    10
    45      1  1.0E+00     46 (0.0E+00) 2.8E-01  5.0900284E+00    10           R
    46      1  1.0E+00     47 (0.0E+00) 3.2E-01  5.0889811E+00    10         s
    47      1  4.9E-01     48 (0.0E+00) 2.2E-01  5.0879951E+00    10
    48      1  1.0E+00     49 (0.0E+00) 1.0E-01  5.0868955E+00    10
    49      1  1.0E+00     50 (0.0E+00) 1.5E-01  5.0862804E+00    10

 Major Minors     Step   nCon Feasible  Optimal  MeritFunction    nS Penalty
    50      1  1.0E+00     51 (0.0E+00) 1.3E-01  5.0856931E+00    10
    51      1  1.0E+00     52 (0.0E+00) 6.3E-02  5.0851691E+00    10
    52      1  1.0E+00     53 (0.0E+00) 8.9E-02  5.0848686E+00    10
    53      1  1.0E+00     54 (0.0E+00) 1.0E-01  5.0846943E+00    10
    54      1  1.0E+00     55 (0.0E+00) 7.4E-02  5.0845976E+00    10
    55      1  1.0E+00     56 (0.0E+00) 3.4E-02  5.0845402E+00    10
    56      1  1.0E+00     57 (0.0E+00) 2.3E-02  5.0844947E+00    10           R
    57      1  1.0E+00     58 (0.0E+00) 2.1E-02  5.0844776E+00    10         s
    58      1  1.0E-01     59 (0.0E+00) 7.7E-02  5.0844613E+00    10
    59      1  4.5E-01     60 (0.0E+00) 2.8E-02  5.0844233E+00    10

 Major Minors     Step   nCon Feasible  Optimal  MeritFunction    nS Penalty
    60      1  3.3E-01     61 (0.0E+00) 2.1E-02  5.0844053E+00    10
    61      1  1.0E+00     62 (0.0E+00) 1.8E-02  5.0844032E+00    10
    62      1  4.1E-01     63 (0.0E+00) 8.5E-03  5.0843968E+00    10
    63      1  1.0E+00     64 (0.0E+00) 8.0E-03  5.0843928E+00    10
    64      1  1.0E+00     65 (0.0E+00) 6.7E-03  5.0843905E+00    10
    65      1  1.0E+00     66 (0.0E+00) 2.6E-03  5.0843865E+00    10
    66      1  1.0E+00     67 (0.0E+00) 1.6E-03  5.0843862E+00    10
    67      1  1.0E+00     68 (0.0E+00) 8.9E-04  5.0843859E+00    10           R
    68      1  1.0E+00     69 (0.0E+00) 6.3E-04  5.0843859E+00    10         s
    69      1  2.9E-01     70 (0.0E+00) 1.2E-03  5.0843859E+00    10

 Major Minors     Step   nCon Feasible  Optimal  MeritFunction    nS Penalty
    70      1  1.0E+00     71 (0.0E+00) 4.2E-04  5.0843859E+00    10
    71      1  1.0E+00     72 (0.0E+00) 3.2E-04  5.0843859E+00    10
    72      1  1.0E+00     73 (0.0E+00) 8.0E-05  5.0843859E+00    10
    72      2  1.0E+00     73 (0.0E+00) 2.8E-04  5.0843859E+00    10               c
    73      1  1.0E+00     74 (0.0E+00) 2.0E-04  5.0843859E+00    10
    73      1  1.0E+00     74 (0.0E+00) 2.0E-04  5.0843859E+00    10               c
    74      1  1.0E+00     75 (0.0E+00) 1.5E-04  5.0843859E+00    10
    75      1  1.0E+00     76 (0.0E+00) 2.8E-04  5.0843859E+00    10
    76      1  1.0E+00     77 (0.0E+00) 1.8E-04  5.0843859E+00    10
    76      2              77 (0.0E+00) 1.1E-04  5.0843859E+00    10               c
    77      1  1.0E+00     78 (0.0E+00) 7.8E-05  5.0843859E+00    10
    77      1  1.0E+00     78 (0.0E+00) 7.8E-05  5.0843859E+00    10               c
    78      1  1.0E+00     79 (0.0E+00) 6.6E-05  5.0843859E+00    10           R
    78      1  1.0E+00     79 (0.0E+00) 6.6E-05  5.0843859E+00    10           R   c
    79      1  1.0E+00     80 (0.0E+00) 6.2E-05  5.0843859E+00    10         s

 Major Minors     Step   nCon Feasible  Optimal  MeritFunction    nS Penalty
    80      1  1.5E-01     81 (0.0E+00) 4.5E-04  5.0843859E+00    10
    81      1  1.3E-01     82 (0.0E+00) 4.0E-04  5.0843859E+00    10
    82      1  3.3E-01     83 (0.0E+00) 3.4E-04  5.0843859E+00    10
    82      2              83 (0.0E+00) 1.7E-04  5.0843859E+00    10               c
    83      1  1.9E-01     84 (0.0E+00) 1.1E-04  5.0843859E+00    10
    83      1              84 (0.0E+00) 1.1E-04  5.0843859E+00    10               c
    84      1  4.2E-01     85 (0.0E+00) 8.5E-05  5.0843859E+00    10
    85      1  1.0E+00     86 (0.0E+00) 2.3E-04  5.0843859E+00    10
    85      2              86 (0.0E+00) 8.4E-05  5.0843859E+00    10               c
    86      1  4.2E-01     87 (0.0E+00) 7.4E-05  5.0843859E+00    10
    86      1  1.0E+00     87 (0.0E+00) 7.4E-05  5.0843859E+00    10               c
    87      1  1.0E+00     88 (0.0E+00) 6.1E-05  5.0843859E+00    10
    87      1  1.0E+00     88 (0.0E+00) 6.1E-05  5.0843859E+00    10               c
    88      1  1.0E+00     89 (0.0E+00) 5.1E-05  5.0843859E+00    10
    88      1  1.0E+00     89 (0.0E+00) 5.1E-05  5.0843859E+00    10               c
    89      1  1.0E+00     90 (0.0E+00) 4.5E-05  5.0843859E+00    10           R
    89      1  1.0E+00     90 (0.0E+00) 4.5E-05  5.0843859E+00    10           R   c

 Major Minors     Step   nCon Feasible  Optimal  MeritFunction    nS Penalty
    90      1  1.0E+00     91 (0.0E+00) 3.2E-05  5.0843859E+00    10         s     c
    91      1  1.0E+00     92 (0.0E+00) 4.7E-05  5.0843859E+00    10
    91      1              92 (0.0E+00) 4.7E-05  5.0843859E+00    10               c
    92      1  3.1E-01     93 (0.0E+00) 4.3E-05  5.0843859E+00    10
    92      1  1.0E+00     93 (0.0E+00) 4.3E-05  5.0843859E+00    10               c
    93      1  1.0E+00     94 (0.0E+00) 1.8E-05  5.0843859E+00    10               c
    94      1  1.0E+00     95 (0.0E+00) 2.0E-05  5.0843859E+00    10               c
    95      1  1.0E+00     96 (0.0E+00) 1.0E-05  5.0843859E+00    10               c
    96      1  1.0E+00     97 (0.0E+00) 1.1E-05  5.0843859E+00    10               c
    97      1  1.0E+00     98 (0.0E+00) 7.6E-06  5.0843859E+00    10               c
    98      1  1.0E+00     99 (0.0E+00) 3.7E-06  5.0843859E+00    10               c
    99      1  1.0E+00    100 (0.0E+00) 6.8E-06  5.0843859E+00    10               c

 Major Minors     Step   nCon Feasible  Optimal  MeritFunction    nS Penalty
   100      1  1.0E+00    101 (0.0E+00) 8.0E-06  5.0843859E+00    10           R   c
   101      1  1.0E+00    102 (0.0E+00) 2.9E-06  5.0843859E+00    10         s     c
   102      1  4.9E-01    103 (0.0E+00) 7.2E-06  5.0843859E+00    10               c
   103      1  1.0E+00    104 (0.0E+00) 3.4E-06  5.0843859E+00    10               c
   104      1  1.0E+00    105 (0.0E+00) 2.1E-06  5.0843859E+00    10               c
   105      1  1.0E+00    106 (0.0E+00) 2.5E-06  5.0843859E+00    10               c
   106      1  1.0E+00    107 (0.0E+00)(1.7E-06) 5.0843859E+00    10               c
 
 SNOPTA EXIT   0 -- finished successfully
 SNOPTA INFO   1 -- optimality conditions satisfied

 Problem name
 No. of iterations                 121   Objective value      5.0843858848E+00
 No. of major iterations           106   Linear objective     0.0000000000E+00
 Penalty parameter           0.000E+00   Nonlinear objective  5.0843858848E+00
 No. of calls to funobj          33186   No. of calls to funcon          33186
 Calls with modes 1,2 (known g)    107   Calls with modes 1,2 (known g)    107
 Calls for forward differencing  15958   Calls for forward differencing  15958
 Calls for central differencing  16968   Calls for central differencing  16968
 No. of superbasics                 10   No. of basic nonlinears             0
 No. of degenerate steps             0   Percentage                        .00
 Max x       (scaled)      102 6.9E-01   Max pi      (scaled)        1 0.0E+00
 Max x                     102 6.9E-01   Max pi                      1 0.0E+00
 Max Prim inf(scaled)        0 0.0E+00   Max Dual inf(scaled)        1 3.5E-06
 Max Primal infeas           0 0.0E+00   Max Dual infeas             1 3.5E-06
 Nonlinear constraint violn    0.0E+00

 Solution not printed
