 

 Nonlinear constraints     606     Linear constraints       0
 Nonlinear variables      1005     Linear variables         0
 Jacobian  variables      1005     Objective variables   1005
 Total constraints         606     Total variables       1005
 

 
 The user has defined       0   out of  610035   first  derivatives
 

        Minor   QPmult   nInf   SumInf   rgNorm    QPobjective       cgItns
          100 -3.8E+01                           6.0916667E+01
          200 -1.5E-01                  8.8E-09  3.1727405E+01    38
          300 -7.0E-02                  4.3E-08  2.9025852E+01    88

 Major Minors     Step   nCon Feasible  Optimal  MeritFunction    nS Penalty
     0    324               1 (7.0E-10) 1.8E-02  6.0916667E+01    99           r  T

        Minor   QPmult   nInf   SumInf   rgNorm    QPobjective    nS cgItns
          100  3.7E-02                  6.1E-16  2.3310582E+01   196

 Major Minors     Step   nCon Feasible  Optimal  MeritFunction    nS Penalty
     1    101  8.0E-02      2  7.6E-06  2.0E-02  5.5884630E+01   197         n rl T

        Minor   QPmult   nInf   SumInf   rgNorm    QPobjective    nS cgItns
          100 -1.4E-02                  1.9E-15  3.9574218E+00   296

 Major Minors     Step   nCon Feasible  Optimal  MeritFunction    nS Penalty
     2    100  6.9E-02      3  3.5E-05  2.9E-02  5.1515959E+01   296         s  l T
     3     91  1.0E+00      4  1.6E-02  1.0E-01  5.6656463E+00   382
     4     13  2.2E-01      5  1.3E-02  2.3E-02  2.3283593E+00   394
     5      6  4.2E-01      6  7.8E-03  1.8E-02  1.3924545E+00   399
     6      1  2.0E-01      7  6.4E-03  3.3E-02  1.7523164E+00   399 7.5E-01
     7      2  1.6E-01      8  5.4E-03  6.6E-03  1.5471795E+00   399 7.5E-01   R
     8      1  1.0E+00      9  5.3E-04  9.7E-03  1.9764778E+00   399 2.9E+00 s
     9      1  1.0E+00     10  2.7E-04  9.0E-03  1.8762805E+00   399 2.9E+00

 Major Minors     Step   nCon Feasible  Optimal  MeritFunction    nS Penalty
    10      1  1.0E+00     11  1.5E-04  7.0E-03  1.8080820E+00   399 2.9E+00
    11      1  1.0E+00     12  8.0E-05  8.8E-03  1.7747847E+00   399 2.9E+00
    12      1  1.0E+00     13  5.9E-05  6.8E-03  1.7614260E+00   399 2.9E+00
    13      1  1.0E+00     14  5.6E-05  4.1E-03  1.7371108E+00   399 2.9E+00   R
    14      1  3.1E-01     15  3.9E-05  9.1E-04  1.7244302E+00   399 2.9E+00 s
    15      1  1.0E+00     16 (6.1E-07) 4.1E-04  1.7229971E+00   399 2.9E+00
    16      1  1.0E+00     17  1.2E-06  6.6E-04  1.7217877E+00   399 2.9E+00
    17      1  1.0E+00     18  4.1E-06  6.9E-04  1.7198629E+00   399 2.9E+00
    18      1  1.0E+00     19  3.3E-06  6.4E-04  1.7179928E+00   399 2.9E+00
    19      1  1.0E+00     20  2.7E-06  3.2E-04  1.7165733E+00   399 2.9E+00   R

 Major Minors     Step   nCon Feasible  Optimal  MeritFunction    nS Penalty
    20      1  1.0E+00     21 (9.3E-08) 2.1E-04  1.7161001E+00   399 2.9E+00 s
    21      1  1.0E+00     22  1.2E-06  5.7E-04  1.7155706E+00   399 2.9E+00
    22      1  1.0E+00     23 (4.8E-07) 6.4E-04  1.7152228E+00   399 2.9E+00
    23      1  1.0E+00     24 (1.9E-07) 3.8E-04  1.7149680E+00   399 2.9E+00
    24      1  1.0E+00     25 (8.1E-07) 3.5E-04  1.7146315E+00   399 2.9E+00
    25      1  1.0E+00     26 (4.1E-07) 4.2E-04  1.7143314E+00   399 2.9E+00   R
    26      1  4.9E-01     27 (1.7E-07) 1.7E-04  1.7141881E+00   399 2.9E+00 s
    27      1  1.0E+00     28 (6.2E-08) 1.3E-04  1.7141259E+00   399 2.9E+00
    28      1  1.0E+00     29 (9.4E-07) 1.0E-04  1.7140002E+00   399 2.9E+00
    29      1  1.0E+00     30 (2.4E-07) 1.2E-04  1.7139402E+00   399 2.9E+00

 Major Minors     Step   nCon Feasible  Optimal  MeritFunction    nS Penalty
    30      1  1.0E+00     31 (9.9E-07) 1.2E-04  1.7138096E+00   399 2.9E+00
    31      1  1.0E+00     32 (2.2E-07) 1.8E-04  1.7137086E+00   399 2.9E+00   R
    32      1  1.0E+00     33 (3.8E-08) 9.5E-05  1.7136575E+00   399 2.9E+00 s
    33      1  1.0E+00     34  1.9E-06  3.5E-04  1.7135696E+00   399 2.9E+00
    34      1  1.0E+00     35 (1.6E-07) 2.7E-04  1.7135158E+00   399 2.9E+00
    35      1  1.0E+00     36 (1.4E-07) 4.4E-04  1.7135013E+00   399 2.9E+00
    36      1  1.0E+00     37 (3.1E-08) 1.3E-04  1.7134581E+00   399 2.9E+00
    37      1  1.0E+00     38 (3.5E-07) 2.1E-04  1.7134010E+00   399 2.9E+00   R
    38      1  4.8E-01     39 (1.7E-07) 6.2E-05  1.7133801E+00   399 2.9E+00 s
    39      1  1.0E+00     40 (8.4E-09) 5.3E-05  1.7133713E+00   399 2.9E+00

 Major Minors     Step   nCon Feasible  Optimal  MeritFunction    nS Penalty
    40      1  1.0E+00     41 (2.2E-08) 1.2E-04  1.7133551E+00   399 2.9E+00
    41      1  1.0E+00     42 (3.5E-08) 1.7E-04  1.7133178E+00   399 2.9E+00
    42      1  1.0E+00     43 (1.7E-07) 1.8E-04  1.7132698E+00   399 2.9E+00
    43      1  1.0E+00     44 (3.4E-07) 1.4E-04  1.7132266E+00   399 2.9E+00   R
    44      1  1.0E+00     45 (1.5E-08) 1.0E-04  1.7132078E+00   399 2.9E+00 s
    45      1  1.0E+00     46 (4.1E-08) 8.5E-05  1.7131868E+00   399 2.9E+00
    46      1  1.0E+00     47 (4.4E-08) 5.3E-05  1.7131719E+00   399 2.9E+00
    47      1  1.0E+00     48 (4.3E-08) 4.6E-05  1.7131664E+00   399 2.9E+00
    48      1  1.0E+00     49 (2.8E-09) 3.6E-05  1.7131631E+00   399 2.9E+00
    49      1  1.0E+00     50 (1.9E-08) 4.4E-05  1.7131593E+00   399 2.9E+00   R

 Major Minors     Step   nCon Feasible  Optimal  MeritFunction    nS Penalty
    50      1  1.0E+00     51 (2.7E-09) 3.5E-05  1.7131576E+00   399 2.9E+00 s
    51      1  1.0E+00     52 (1.2E-09) 2.7E-05  1.7131556E+00   399 2.9E+00
    52      1  1.0E+00     53 (2.5E-08) 3.7E-05  1.7131487E+00   399 2.9E+00
    53      1  1.0E+00     54 (3.8E-08) 5.8E-05  1.7131401E+00   399 2.9E+00
    54      1  1.0E+00     55 (3.9E-08) 8.2E-05  1.7131282E+00   399 2.9E+00
    55      1  1.0E+00     56 (3.4E-08) 4.7E-05  1.7131177E+00   399 2.9E+00   R
    56      1  1.0E+00     57 (1.4E-09) 4.7E-05  1.7131126E+00   399 2.9E+00 s
    57      1  1.0E+00     58 (1.0E-08) 3.8E-05  1.7131034E+00   399 2.9E+00
    58      1  1.0E+00     59 (9.9E-09) 3.4E-05  1.7130995E+00   399 2.9E+00
    59      1  1.0E+00     60 (1.2E-09) 2.5E-05  1.7130983E+00   399 2.9E+00

 Major Minors     Step   nCon Feasible  Optimal  MeritFunction    nS Penalty
    60      1  1.0E+00     61 (1.1E-09) 1.5E-05  1.7130975E+00   399 2.9E+00
    61      1  1.0E+00     62 (8.8E-09) 1.9E-05  1.7130959E+00   399 2.9E+00   R
    62      1  1.0E+00     63 (2.1E-10) 1.5E-05  1.7130953E+00   399 2.9E+00 s
    63      1  1.0E+00     64 (1.3E-09) 2.3E-05  1.7130944E+00   399 2.9E+00
    64      1  1.0E+00     65 (1.4E-08) 4.1E-05  1.7130924E+00   399 2.9E+00
    65      1  1.0E+00     66 (4.2E-08) 6.3E-05  1.7130892E+00   399 2.9E+00
    66      1  1.0E+00     67 (1.5E-07) 7.6E-05  1.7130830E+00   399 2.9E+00
    67      1  1.0E+00     68 (1.1E-07) 5.8E-05  1.7130756E+00   399 2.9E+00   R
    68      1  1.0E+00     69 (2.3E-09) 7.6E-05  1.7130727E+00   399 2.9E+00 s
    69      1  1.0E+00     70 (3.5E-09) 2.2E-05  1.7130702E+00   399 2.9E+00

 Major Minors     Step   nCon Feasible  Optimal  MeritFunction    nS Penalty
    70      1  1.0E+00     71 (2.7E-09) 1.9E-05  1.7130695E+00   399 2.9E+00
    71      1  1.0E+00     72 (2.1E-09) 1.5E-05  1.7130690E+00   399 2.9E+00
    72      1  1.0E+00     73 (3.0E-10) 7.2E-06  1.7130687E+00   399 2.9E+00
    73      1  1.0E+00     74 (1.5E-09) 9.9E-06  1.7130685E+00   399 2.9E+00   R
    74      1  1.0E+00     75 (3.0E-10) 6.0E-06  1.7130683E+00   399 2.9E+00 s
    75      1  1.0E+00     76 (1.2E-08) 2.1E-05  1.7130681E+00   399 2.9E+00
    76      1  1.0E+00     77 (2.4E-10) 1.4E-05  1.7130676E+00   399 2.9E+00
    77      1  1.0E+00     78 (7.4E-09) 5.3E-05  1.7130673E+00   399 2.9E+00
    78      1  1.0E+00     79 (4.0E-09) 3.7E-05  1.7130664E+00   399 2.9E+00
    79      1  1.0E+00     80 (1.6E-08) 5.5E-05  1.7130652E+00   399 2.9E+00   R

 Major Minors     Step   nCon Feasible  Optimal  MeritFunction    nS Penalty
    80      1  3.3E-01     81 (1.1E-08) 1.4E-05  1.7130644E+00   399 2.9E+00 s
    81      1  1.0E+00     82 (2.5E-11) 6.3E-06  1.7130643E+00   399 2.9E+00
    82      1  1.0E+00     83 (8.1E-11) 9.4E-06  1.7130642E+00   399 2.9E+00
    83      1  1.0E+00     84 (9.7E-10) 1.8E-05  1.7130639E+00   399 2.9E+00
    84      1  1.0E+00     85 (9.5E-10) 1.6E-05  1.7130637E+00   399 2.9E+00
    85      1  1.0E+00     86 (9.1E-10) 5.3E-06  1.7130636E+00   399 2.9E+00   R
    86      1  1.0E+00     87 (3.0E-11) 4.7E-06  1.7130635E+00   399 2.9E+00 s
    87      1  4.7E-01     88 (1.6E-09) 9.6E-06  1.7130632E+00   399 2.9E+00
    88      1  4.9E-01     89 (2.6E-09) 7.6E-06  1.7130631E+00   399 2.9E+00
    89      1  4.1E-01     90 (2.0E-09) 9.5E-06  1.7130630E+00   399 2.9E+00

 Major Minors     Step   nCon Feasible  Optimal  MeritFunction    nS Penalty
    90      1  1.0E+00     91 (4.1E-09) 3.0E-05  1.7130628E+00   399 2.9E+00
    91      1  1.0E+00     92 (5.9E-08) 4.1E-05  1.7130622E+00   399 2.9E+00   R
    92      1  2.8E-01     93 (4.2E-08) 1.4E-05  1.7130617E+00   399 2.9E+00 s
    93      1  1.0E+00     94 (6.1E-10) 7.3E-06  1.7130615E+00   399 2.9E+00
    94      1  1.0E+00     95 (7.6E-10) 8.9E-06  1.7130614E+00   399 2.9E+00
    95      1  1.0E+00     96 (2.7E-09) 1.0E-05  1.7130613E+00   399 2.9E+00
    96      1  1.0E+00     97 (1.4E-09) 4.8E-06  1.7130612E+00   399 2.9E+00
    97      1  1.0E+00     98 (6.3E-10) 4.3E-06  1.7130611E+00   399 2.9E+00   R
    98      1  1.0E+00     99 (3.1E-10) 4.3E-06  1.7130611E+00   399 2.9E+00 s
    99      1  3.4E-01    100 (7.6E-09) 1.1E-05  1.7130609E+00   399 2.9E+00

 Major Minors     Step   nCon Feasible  Optimal  MeritFunction    nS Penalty
   100      1  4.7E-01    101 (7.3E-09) 1.0E-05  1.7130608E+00   399 2.9E+00
   101      1  1.0E+00    102 (3.9E-09) 3.1E-05  1.7130607E+00   399 2.9E+00
   102      1  1.0E+00    103 (3.6E-09) 3.8E-05  1.7130606E+00   399 2.9E+00
   103      1  1.0E+00    104 (4.2E-10) 5.1E-05  1.7130603E+00   399 2.9E+00   R
   104      1  2.2E-01    105 (2.9E-10) 1.8E-05  1.7130595E+00   399 2.9E+00 s
   105      1  1.0E+00    106 (2.7E-10) 5.4E-06  1.7130593E+00   399 2.9E+00
   106      1  1.0E+00    107 (3.4E-11) 4.8E-06  1.7130593E+00   399 2.9E+00
   107      1  1.0E+00    108 (4.7E-11) 8.4E-06  1.7130592E+00   399 2.9E+00
   108      1  1.0E+00    109 (6.0E-10) 1.2E-05  1.7130590E+00   399 2.9E+00
   109      1  1.0E+00    110 (1.4E-09) 1.1E-05  1.7130588E+00   399 2.9E+00   R

 Major Minors     Step   nCon Feasible  Optimal  MeritFunction    nS Penalty
   110      1  1.0E+00    111 (2.0E-11) 4.7E-06  1.7130587E+00   399 2.9E+00 s
   111      1  1.0E+00    112 (1.1E-10) 1.0E-05  1.7130585E+00   399 2.9E+00
   112      1  1.0E+00    113 (1.2E-10) 8.1E-06  1.7130584E+00   399 2.9E+00
   113      1  1.0E+00    114 (9.0E-10) 7.4E-06  1.7130582E+00   399 2.9E+00
   114      1  1.0E+00    115 (3.3E-09) 1.4E-05  1.7130579E+00   399 2.9E+00
   115      1  1.0E+00    116 (9.8E-10) 2.8E-05  1.7130577E+00   399 2.9E+00   R
   116      1  1.0E+00    117 (6.2E-10) 3.1E-05  1.7130574E+00   399 2.9E+00 s
   117      1  1.0E+00    118 (2.3E-10) 2.0E-05  1.7130572E+00   399 2.9E+00
   118      1  1.0E+00    119 (2.9E-10) 1.7E-05  1.7130569E+00   399 2.9E+00
   119      1  1.0E+00    120 (2.3E-10) 9.8E-06  1.7130568E+00   399 2.9E+00

 Major Minors     Step   nCon Feasible  Optimal  MeritFunction    nS Penalty
   120      1  1.0E+00    121 (1.4E-10) 5.0E-06  1.7130566E+00   399 2.9E+00
   121      1  1.0E+00    122 (6.7E-10) 7.3E-06  1.7130565E+00   399 2.9E+00   R
   122      1  1.0E+00    123 (8.1E-11) 6.0E-06  1.7130564E+00   399 2.9E+00 s
   123      1  1.0E+00    124 (9.6E-10) 1.3E-05  1.7130561E+00   399 2.9E+00
   124      1  1.0E+00    125 (1.1E-09) 8.7E-06  1.7130559E+00   399 2.9E+00
   125      1  1.0E+00    126 (3.7E-09) 1.1E-05  1.7130557E+00   399 2.9E+00
   126      1  1.0E+00    127 (2.4E-09) 1.3E-05  1.7130554E+00   399 2.9E+00
   127      1  1.0E+00    128 (8.5E-10) 2.7E-05  1.7130546E+00   399 2.9E+00   R
   128      1  1.0E+00    129 (1.0E-09) 2.7E-05  1.7130544E+00   399 2.9E+00 s
   129      1  1.0E+00    130 (5.0E-11) 1.4E-05  1.7130541E+00   399 2.9E+00

 Major Minors     Step   nCon Feasible  Optimal  MeritFunction    nS Penalty
   130      1  1.0E+00    131 (6.3E-11) 6.0E-06  1.7130540E+00   399 2.9E+00
   131      1  1.0E+00    132 (8.3E-10) 1.2E-05  1.7130538E+00   399 2.9E+00
   132      1  1.0E+00    133 (9.3E-10) 9.7E-06  1.7130536E+00   399 2.9E+00
   133      1  1.0E+00    134 (4.4E-10) 7.4E-06  1.7130535E+00   399 2.9E+00   R
   134      1  1.0E+00    135 (3.4E-11) 6.6E-06  1.7130534E+00   399 2.9E+00 s
   135      1  1.0E+00    136 (4.7E-09) 2.2E-05  1.7130532E+00   399 2.9E+00
   136      1  1.0E+00    137 (1.3E-09) 2.8E-05  1.7130531E+00   399 2.9E+00
   137      1  1.0E+00    138 (4.2E-10) 1.3E-05  1.7130529E+00   399 2.9E+00
   138      1  1.0E+00    139 (7.0E-10) 2.9E-05  1.7130528E+00   399 2.9E+00
   139      1  1.0E+00    140 (3.2E-09) 2.2E-05  1.7130525E+00   399 2.9E+00   R

 Major Minors     Step   nCon Feasible  Optimal  MeritFunction    nS Penalty
   140      1  4.2E-01    141 (1.6E-09) 5.0E-06  1.7130524E+00   399 2.9E+00 s
   141      1  1.0E+00    142 (8.9E-11) 5.2E-06  1.7130524E+00   399 2.9E+00
   142      1  1.0E+00    143 (1.9E-10) 1.4E-05  1.7130523E+00   399 2.9E+00
   143      1  1.0E+00    144 (3.1E-10) 2.8E-05  1.7130520E+00   399 2.9E+00
   144      1  1.0E+00    145 (5.0E-10) 2.8E-05  1.7130518E+00   399 2.9E+00
   145      1  1.0E+00    146 (1.1E-09) 1.4E-05  1.7130516E+00   399 2.9E+00   R
   146      1  1.0E+00    147 (1.4E-11) 7.8E-06  1.7130516E+00   399 2.9E+00 s
   147      1  1.0E+00    148 (2.4E-11) 6.8E-06  1.7130515E+00   399 2.9E+00
   148      1  1.0E+00    149 (1.7E-10) 1.0E-05  1.7130514E+00   399 2.9E+00
   149      1  1.0E+00    150 (3.5E-11) 4.0E-06  1.7130514E+00   399 2.9E+00

 Major Minors     Step   nCon Feasible  Optimal  MeritFunction    nS Penalty
   150      1  1.0E+00    151 (7.3E-11) 2.3E-06  1.7130514E+00   399 2.9E+00
   151      1  1.0E+00    152 (2.9E-10) 8.4E-06  1.7130514E+00   399 2.9E+00   R
   152      1  1.0E+00    153 (8.2E-12) 2.6E-06  1.7130514E+00   399 2.9E+00 s
   153      1  1.0E+00    154 (1.1E-10) 1.8E-05  1.7130513E+00   399 2.9E+00
   154      1  1.0E+00    155 (5.0E-10) 1.4E-05  1.7130512E+00   399 2.9E+00
   155      1  1.0E+00    156 (5.1E-11) 1.3E-05  1.7130512E+00   399 2.9E+00
   156      1  1.0E+00    157 (4.0E-10) 1.6E-05  1.7130511E+00   399 2.9E+00
   157      1  1.0E+00    158 (9.4E-10) 1.8E-05  1.7130510E+00   399 2.9E+00   R
   158      1  3.4E-01    159 (6.4E-10) 1.0E-05  1.7130508E+00   399 2.9E+00 s
   159      1  1.0E+00    160 (8.9E-12) 5.3E-06  1.7130508E+00   399 2.9E+00

 Major Minors     Step   nCon Feasible  Optimal  MeritFunction    nS Penalty
   160      1  1.0E+00    161 (3.5E-11) 3.4E-06  1.7130508E+00   399 2.9E+00
   161      1  1.0E+00    162 (3.3E-11) 8.2E-06  1.7130508E+00   399 2.9E+00
   162      1  1.0E+00    163 (4.8E-11) 9.7E-06  1.7130508E+00   399 2.9E+00
   163      1  1.0E+00    164 (1.6E-11) 6.4E-06  1.7130507E+00   399 2.9E+00   R
   164      1  1.0E+00    165 (1.4E-11) 3.3E-06  1.7130507E+00   399 2.9E+00 s
   165      1  1.0E+00    166 (1.3E-10) 1.0E-05  1.7130507E+00   399 2.9E+00
   166      1  4.4E-01    167 (1.2E-10) 9.8E-06  1.7130507E+00   399 2.9E+00
   167      1  1.0E+00    168 (1.1E-10) 7.9E-06  1.7130507E+00   399 2.9E+00
   168      1  1.0E+00    169 (1.2E-10) 5.5E-06  1.7130507E+00   399 2.9E+00
   169      1  4.0E-01    170 (1.6E-10) 2.8E-06  1.7130507E+00   399 2.9E+00   R

 Major Minors     Step   nCon Feasible  Optimal  MeritFunction    nS Penalty
   170      1  3.2E-01    171 (1.1E-10)(9.9E-07) 1.7130507E+00   399 2.9E+00 s     c

 Major Minors     Step   nCon Feasible  Optimal  MeritFunction    nS Penalty
   170      2  3.2E-01    171 (1.1E-10)(9.9E-07) 1.7130507E+00   399 2.9E+00 s     c
 
 SNOPTA EXIT   0 -- finished successfully
 SNOPTA INFO   1 -- optimality conditions satisfied

 Problem name
 No. of iterations                 802   Objective value      1.7130506517E+00
 No. of major iterations           170   Linear objective     0.0000000000E+00
 Penalty parameter           2.882E+00   Nonlinear objective  1.7130506517E+00
 No. of calls to funobj         174231   No. of calls to funcon         174231
 Calls with modes 1,2 (known g)    171   Calls with modes 1,2 (known g)    171
 Calls for forward differencing 171855   Calls for forward differencing 171855
 Calls for central differencing   2010   Calls for central differencing   2010
 No. of superbasics                399   No. of basic nonlinears           606
 No. of degenerate steps            99   Percentage                      12.34
 Max x                     202 6.0E+00   Max pi                    606 3.2E+00
 Max Primal infeas           0 0.0E+00   Max Dual infeas           861 4.1E-06
 Nonlinear constraint violn    6.3E-09

 Solution not printed
