
 
 ===>  WARNING - variable      203 has no Jacobian entries.
 ===>  WARNING - variable      204 has no Jacobian entries.
 ===>  WARNING - variable      205 has no Jacobian entries.
 

 Nonlinear constraints       3     Linear constraints       0
 Nonlinear variables       202     Linear variables         3
 Jacobian  variables       202     Objective variables    202
 Total constraints           3     Total variables        205
 

 
 The user has defined       0   out of     808   first  derivatives
 

 Major Minors     Step   nCon Feasible  Optimal  MeritFunction    nS Penalty
     0     99               1 (0.0E+00) 5.5E+00  3.9408750E+02    99           r  T

        Minor   QPmult   nInf   SumInf   rgNorm    QPobjective    nS
          100 -2.4E-01                  2.8E-17 -3.7834276E+02   198

 Major Minors     Step   nCon Feasible  Optimal  MeritFunction    nS Penalty
     1    100  1.1E-01      2 (0.0E+00) 5.5E+00  2.6520449E+02   198         n rl T
     2      3  7.8E-02      3 (0.0E+00) 4.3E+00  1.7366073E+02   200         s  l
     3      1  1.0E+00      4 (0.0E+00) 8.9E+00  2.4572421E+01   200
     4      1  5.6E-02      5 (0.0E+00) 1.9E+00  9.2229204E+00   200
     5      1  1.0E+00      6 (0.0E+00) 3.5E-01  4.9560872E+00   200
     6      1  1.0E+00      7 (0.0E+00) 1.9E-01  4.3612939E+00   200
     7      1  1.0E+00      8 (0.0E+00) 7.7E-01  3.0223297E+00   200
     8      1  1.0E+00      9 (0.0E+00) 3.9E-01  2.5200141E+00   200
     9      1  1.0E+00     10 (0.0E+00) 7.2E-02  2.3604821E+00   200

 Major Minors     Step   nCon Feasible  Optimal  MeritFunction    nS Penalty
    10      1  1.0E+00     11 (0.0E+00) 1.0E-01  2.2906668E+00   200
    11      1  1.0E+00     12 (0.0E+00) 2.9E-01  2.0735103E+00   200
    12      1  1.0E+00     13 (0.0E+00) 2.5E-01  1.9802330E+00   200           R
    13      1  6.6E-02     14 (0.0E+00) 6.4E-02  1.9695164E+00   200         s
    14      1  1.0E+00     15 (0.0E+00) 6.0E-02  1.9666749E+00   200
    15      1  1.0E+00     16 (0.0E+00) 4.6E-02  1.9405745E+00   200
    16      1  1.0E+00     17 (0.0E+00) 4.6E-02  1.9397701E+00   200
    17      1  1.0E+00     18 (0.0E+00) 4.3E-02  1.8945352E+00   200
    18      1  1.0E+00     19 (0.0E+00) 2.0E-02  1.8926255E+00   200
    19      1  1.0E+00     20 (0.0E+00) 1.8E-02  1.8921476E+00   200

 Major Minors     Step   nCon Feasible  Optimal  MeritFunction    nS Penalty
    20      1  1.0E+00     21 (0.0E+00) 1.8E-02  1.8915494E+00   200
    21      1  1.0E+00     22 (0.0E+00) 2.0E-02  1.8895770E+00   200
    22      1  1.0E+00     23 (0.0E+00) 2.7E-02  1.8858419E+00   200
    23      1  1.0E+00     24 (0.0E+00) 3.3E-02  1.8794643E+00   200           R
    24      1  1.0E+00     25 (0.0E+00) 3.1E-02  1.8785742E+00   200         s
    25      1  8.5E-02     26 (0.0E+00) 9.8E-02  1.8755354E+00   200
    26      1  1.0E+00     27 (0.0E+00) 4.2E-02  1.8662817E+00   200
    27      1  1.0E+00     28 (0.0E+00) 3.1E-02  1.8633363E+00   200
    28      1  1.0E+00     29 (0.0E+00) 3.6E-02  1.8451898E+00   200
    29      1  1.0E+00     30 (0.0E+00) 3.1E-02  1.8414127E+00   200

 Major Minors     Step   nCon Feasible  Optimal  MeritFunction    nS Penalty
    30      1  1.0E+00     31 (0.0E+00) 2.0E-02  1.8288252E+00   200
    31      1  1.0E+00     32 (0.0E+00) 2.6E-02  1.8174398E+00   200
    32      1  1.0E+00     33 (0.0E+00) 2.7E-02  1.8084039E+00   200
    33      1  1.0E+00     34 (0.0E+00) 1.5E-02  1.8053269E+00   200
    34      1  1.0E+00     35 (0.0E+00) 1.0E-02  1.8036107E+00   200           R
    35      1  1.0E+00     36 (0.0E+00) 5.8E-02  1.8034288E+00   200         s
    36      1  1.0E+00     37 (0.0E+00) 1.9E-02  1.8005469E+00   200
    37      1  1.0E+00     38 (0.0E+00) 8.5E-03  1.7999298E+00   200
    38      1  1.0E+00     39 (0.0E+00) 1.7E-02  1.7992542E+00   200
    39      1  1.0E+00     40 (0.0E+00) 2.0E-02  1.7988613E+00   200

 Major Minors     Step   nCon Feasible  Optimal  MeritFunction    nS Penalty
    40      1  1.0E+00     41 (0.0E+00) 2.0E-02  1.7980063E+00   200
    41      1  1.0E+00     42 (0.0E+00) 1.6E-02  1.7968476E+00   200
    42      1  1.0E+00     43 (0.0E+00) 1.1E-02  1.7953902E+00   200
    43      1  1.0E+00     44 (0.0E+00) 8.7E-03  1.7943477E+00   200
    44      1  1.0E+00     45 (0.0E+00) 7.5E-03  1.7937867E+00   200
    45      1  1.0E+00     46 (0.0E+00) 8.1E-03  1.7933795E+00   200           R
    46      1  1.0E+00     47 (0.0E+00) 2.8E-02  1.7932534E+00   200         s
    47      1  1.0E+00     48 (0.0E+00) 1.6E-02  1.7925015E+00   200
    48      1  1.0E+00     49 (0.0E+00) 1.3E-02  1.7922109E+00   200
    49      1  1.0E+00     50 (0.0E+00) 6.4E-03  1.7911351E+00   200

 Major Minors     Step   nCon Feasible  Optimal  MeritFunction    nS Penalty
    50      1  1.0E+00     51 (0.0E+00) 6.0E-03  1.7909930E+00   200
    51      1  1.0E+00     52 (0.0E+00) 7.2E-03  1.7905772E+00   200
    52      1  1.0E+00     53 (0.0E+00) 8.8E-03  1.7903200E+00   200
    53      1  1.0E+00     54 (0.0E+00) 1.0E-02  1.7897448E+00   200
    54      1  1.0E+00     55 (0.0E+00) 8.0E-03  1.7892432E+00   200
    55      1  1.0E+00     56 (0.0E+00) 7.8E-03  1.7889021E+00   200
    56      1  1.0E+00     57 (0.0E+00) 6.9E-03  1.7887225E+00   200           R
    57      1  1.0E+00     58 (0.0E+00) 7.3E-03  1.7886254E+00   200         s
    58      1  3.3E-02     59 (0.0E+00) 1.8E-02  1.7885504E+00   200
    59      1  1.4E-01     60 (0.0E+00) 7.2E-03  1.7878530E+00   200

 Major Minors     Step   nCon Feasible  Optimal  MeritFunction    nS Penalty
    60      1  1.0E+00     61 (0.0E+00) 2.0E-02  1.7876153E+00   200
    61      1  4.7E-01     62 (0.0E+00) 1.2E-02  1.7870366E+00   200
    62      1  1.0E+00     63 (0.0E+00) 4.6E-03  1.7863551E+00   200
    63      1  1.0E+00     64 (0.0E+00) 4.7E-03  1.7858329E+00   200
    64      1  1.0E+00     65 (0.0E+00) 5.2E-03  1.7839172E+00   200
    65      1  1.0E+00     66 (0.0E+00) 4.5E-03  1.7832963E+00   200
    66      1  1.0E+00     67 (0.0E+00) 3.1E-03  1.7825998E+00   200
    67      1  1.0E+00     68 (0.0E+00) 2.9E-03  1.7824918E+00   200           R
    68      1  1.0E+00     69 (0.0E+00) 4.1E-03  1.7824663E+00   200         s
    69      1  1.0E-02     70 (0.0E+00) 9.2E-03  1.7824360E+00   200

 Major Minors     Step   nCon Feasible  Optimal  MeritFunction    nS Penalty
    70      1  2.9E-01     71 (0.0E+00) 5.2E-03  1.7821772E+00   200
    71      1  1.0E+00     72 (0.0E+00) 3.8E-03  1.7821250E+00   200
    72      1  3.4E-01     73 (0.0E+00) 2.3E-03  1.7821014E+00   200
    73      1  3.0E-01     74 (0.0E+00) 2.9E-03  1.7820709E+00   200
    74      1  1.0E+00     75 (0.0E+00) 2.9E-03  1.7820292E+00   200
    75      1  1.0E+00     76 (0.0E+00) 2.3E-03  1.7819469E+00   200
    76      1  1.0E+00     77 (0.0E+00) 2.0E-03  1.7818245E+00   200
    77      1  1.0E+00     78 (0.0E+00) 1.4E-03  1.7817625E+00   200
    78      1  1.0E+00     79 (0.0E+00) 7.1E-04  1.7816952E+00   200           R
    79      1  1.3E-01     80 (0.0E+00) 2.7E-03  1.7816933E+00   200         s

 Major Minors     Step   nCon Feasible  Optimal  MeritFunction    nS Penalty
    80      1  1.0E+00     81 (0.0E+00) 6.5E-04  1.7816724E+00   200
    81      1  1.0E+00     82 (0.0E+00) 2.1E-03  1.7816549E+00   200
    82      1  1.0E+00     83 (0.0E+00) 2.2E-03  1.7816454E+00   200
    83      1  1.0E+00     84 (0.0E+00) 1.7E-03  1.7816350E+00   200
    84      1  1.0E+00     85 (0.0E+00) 9.5E-04  1.7816253E+00   200
    85      1  1.0E+00     86 (0.0E+00) 9.3E-04  1.7816190E+00   200
    86      1  1.0E+00     87 (0.0E+00) 7.1E-04  1.7816168E+00   200
    87      1  1.0E+00     88 (0.0E+00) 5.3E-04  1.7816157E+00   200
    88      1  1.0E+00     89 (0.0E+00) 6.5E-04  1.7816143E+00   200
    89      1  1.0E+00     90 (0.0E+00) 8.3E-04  1.7816127E+00   200           R

 Major Minors     Step   nCon Feasible  Optimal  MeritFunction    nS Penalty
    90      1  1.0E+00     91 (0.0E+00) 5.3E-04  1.7816119E+00   200         s
    91      1  1.3E-01     92 (0.0E+00) 1.1E-03  1.7816117E+00   200
    92      1  1.0E+00     93 (0.0E+00) 1.1E-03  1.7816104E+00   200
    93      1  1.0E+00     94 (0.0E+00) 6.9E-04  1.7816094E+00   200
    94      1  1.0E+00     95 (0.0E+00) 9.7E-04  1.7816077E+00   200
    95      1  1.0E+00     96 (0.0E+00) 1.0E-03  1.7816063E+00   200
    96      1  1.0E+00     97 (0.0E+00) 1.0E-03  1.7816041E+00   200
    97      1  1.0E+00     98 (0.0E+00) 5.8E-04  1.7816024E+00   200
    98      1  1.0E+00     99 (0.0E+00) 5.3E-04  1.7816010E+00   200
    99      1  1.0E+00    100 (0.0E+00) 7.8E-04  1.7815996E+00   200

 Major Minors     Step   nCon Feasible  Optimal  MeritFunction    nS Penalty
   100      1  1.0E+00    101 (0.0E+00) 9.2E-04  1.7815975E+00   200           R
   101      1  3.2E-01    102 (0.0E+00) 1.0E-03  1.7815972E+00   200         s
   102      1  1.0E+00    103 (0.0E+00) 5.8E-04  1.7815961E+00   200
   103      1  1.0E+00    104 (0.0E+00) 5.8E-04  1.7815957E+00   200
   104      1  1.0E+00    105 (0.0E+00) 5.7E-04  1.7815941E+00   200
   105      1  1.0E+00    106 (0.0E+00) 5.6E-04  1.7815939E+00   200
   106      1  1.0E+00    107 (0.0E+00) 5.3E-04  1.7815932E+00   200
   107      1  1.0E+00    108 (0.0E+00) 5.7E-04  1.7815927E+00   200
   108      1  1.0E+00    109 (0.0E+00) 5.9E-04  1.7815920E+00   200
   109      1  1.0E+00    110 (0.0E+00) 5.5E-04  1.7815916E+00   200

 Major Minors     Step   nCon Feasible  Optimal  MeritFunction    nS Penalty
   110      1  1.0E+00    111 (0.0E+00) 4.9E-04  1.7815912E+00   200
   111      1  1.0E+00    112 (0.0E+00) 4.4E-04  1.7815908E+00   200           R
   112      1  1.0E+00    113 (0.0E+00) 1.1E-03  1.7815908E+00   200         s
   113      1  1.0E+00    114 (0.0E+00) 6.9E-04  1.7815906E+00   200
   114      1  1.0E+00    115 (0.0E+00) 6.5E-04  1.7815903E+00   200
   115      1  1.0E+00    116 (0.0E+00) 6.9E-04  1.7815903E+00   200
   116      1  1.0E+00    117 (0.0E+00) 6.2E-04  1.7815901E+00   200
   117      1  1.0E+00    118 (0.0E+00) 5.0E-04  1.7815900E+00   200
   118      1  1.0E+00    119 (0.0E+00) 4.4E-04  1.7815897E+00   200
   119      1  1.0E+00    120 (0.0E+00) 5.3E-04  1.7815894E+00   200

 Major Minors     Step   nCon Feasible  Optimal  MeritFunction    nS Penalty
   120      1  1.0E+00    121 (0.0E+00) 6.1E-04  1.7815889E+00   200
   121      1  1.0E+00    122 (0.0E+00) 5.3E-04  1.7815882E+00   200
   122      1  1.0E+00    123 (0.0E+00) 4.1E-04  1.7815877E+00   200           R
   123      1  1.0E+00    124 (0.0E+00) 4.7E-04  1.7815874E+00   200         s
   124      1  1.2E-01    125 (0.0E+00) 1.0E-03  1.7815872E+00   200
   125      1  3.5E-01    126 (0.0E+00) 4.4E-04  1.7815863E+00   200
   126      1  1.0E+00    127 (0.0E+00) 5.8E-04  1.7815860E+00   200
   127      1  1.0E+00    128 (0.0E+00) 4.8E-04  1.7815855E+00   200
   128      1  1.0E+00    129 (0.0E+00) 4.6E-04  1.7815840E+00   200
   129      1  1.0E+00    130 (0.0E+00) 6.1E-04  1.7815834E+00   200

 Major Minors     Step   nCon Feasible  Optimal  MeritFunction    nS Penalty
   130      1  1.0E+00    131 (0.0E+00) 4.8E-04  1.7815825E+00   200
   131      1  1.0E+00    132 (0.0E+00) 6.4E-04  1.7815812E+00   200
   132      1  1.0E+00    133 (0.0E+00) 9.3E-04  1.7815793E+00   200
   133      1  1.0E+00    134 (0.0E+00) 1.2E-03  1.7815753E+00   200           R
   134      1  1.0E+00    135 (0.0E+00) 2.8E-03  1.7815748E+00   200         s
   135      1  2.0E-01    136 (0.0E+00) 1.4E-03  1.7815734E+00   200
   136      1  1.0E+00    137 (0.0E+00) 6.7E-04  1.7815717E+00   200
   137      1  1.0E+00    138 (0.0E+00) 7.1E-04  1.7815711E+00   200
   138      1  1.0E+00    139 (0.0E+00) 4.3E-04  1.7815702E+00   200
   139      1  1.0E+00    140 (0.0E+00) 4.0E-04  1.7815699E+00   200

 Major Minors     Step   nCon Feasible  Optimal  MeritFunction    nS Penalty
   140      1  1.0E+00    141 (0.0E+00) 5.4E-04  1.7815693E+00   200
   141      1  1.0E+00    142 (0.0E+00) 5.3E-04  1.7815690E+00   200
   142      1  1.0E+00    143 (0.0E+00) 4.1E-04  1.7815688E+00   200
   143      1  1.0E+00    144 (0.0E+00) 3.0E-04  1.7815687E+00   200
   144      1  1.0E+00    145 (0.0E+00) 4.1E-04  1.7815685E+00   200           R
   145      1  4.5E-01    146 (0.0E+00) 4.7E-04  1.7815685E+00   200         s
   146      1  1.0E+00    147 (0.0E+00) 4.0E-04  1.7815684E+00   200
   147      1  1.0E+00    148 (0.0E+00) 3.4E-04  1.7815683E+00   200
   148      1  1.0E+00    149 (0.0E+00) 2.7E-04  1.7815682E+00   200
   149      1  1.0E+00    150 (0.0E+00) 3.3E-04  1.7815681E+00   200

 Major Minors     Step   nCon Feasible  Optimal  MeritFunction    nS Penalty
   150      1  1.0E+00    151 (0.0E+00) 3.7E-04  1.7815679E+00   200
   151      1  1.0E+00    152 (0.0E+00) 3.4E-04  1.7815677E+00   200
   152      1  1.0E+00    153 (0.0E+00) 2.8E-04  1.7815675E+00   200
   153      1  1.0E+00    154 (0.0E+00) 3.6E-04  1.7815673E+00   200
   154      1  1.0E+00    155 (0.0E+00) 4.3E-04  1.7815669E+00   200
   155      1  1.0E+00    156 (0.0E+00) 4.5E-04  1.7815665E+00   200           R
   156      1  1.0E+00    157 (0.0E+00) 5.1E-04  1.7815662E+00   200         s
   157      1  1.7E-01    158 (0.0E+00) 5.2E-04  1.7815661E+00   200
   158      1  1.0E+00    159 (0.0E+00) 4.6E-04  1.7815659E+00   200
   159      1  1.0E+00    160 (0.0E+00) 5.6E-04  1.7815657E+00   200

 Major Minors     Step   nCon Feasible  Optimal  MeritFunction    nS Penalty
   160      1  1.0E+00    161 (0.0E+00) 6.4E-04  1.7815653E+00   200
   161      1  1.0E+00    162 (0.0E+00) 5.3E-04  1.7815650E+00   200
   162      1  1.0E+00    163 (0.0E+00) 3.5E-04  1.7815648E+00   200
   163      1  1.0E+00    164 (0.0E+00) 2.7E-04  1.7815647E+00   200
   164      1  1.0E+00    165 (0.0E+00) 3.5E-04  1.7815645E+00   200
   165      1  1.0E+00    166 (0.0E+00) 3.6E-04  1.7815644E+00   200
   166      1  1.0E+00    167 (0.0E+00) 3.2E-04  1.7815642E+00   200           R
   167      1  3.8E-01    168 (0.0E+00) 4.0E-04  1.7815641E+00   200         s
   168      1  1.0E+00    169 (0.0E+00) 3.2E-04  1.7815640E+00   200
   169      1  1.0E+00    170 (0.0E+00) 2.7E-04  1.7815638E+00   200

 Major Minors     Step   nCon Feasible  Optimal  MeritFunction    nS Penalty
   170      1  1.0E+00    171 (0.0E+00) 2.7E-04  1.7815638E+00   200
   171      1  1.0E+00    172 (0.0E+00) 2.4E-04  1.7815636E+00   200
   172      1  1.0E+00    173 (0.0E+00) 3.2E-04  1.7815636E+00   200
   173      1  1.0E+00    174 (0.0E+00) 4.0E-04  1.7815634E+00   200
   174      1  1.0E+00    175 (0.0E+00) 4.1E-04  1.7815633E+00   200
   175      1  1.0E+00    176 (0.0E+00) 3.5E-04  1.7815632E+00   200
   176      1  1.0E+00    177 (0.0E+00) 2.6E-04  1.7815631E+00   200
   177      1  1.0E+00    178 (0.0E+00) 2.6E-04  1.7815630E+00   200           R
   178      1  1.0E+00    179 (0.0E+00) 2.5E-04  1.7815629E+00   200         s
   179      1  2.8E-01    180 (0.0E+00) 6.1E-04  1.7815628E+00   200

 Major Minors     Step   nCon Feasible  Optimal  MeritFunction    nS Penalty
   180      1  3.9E-01    181 (0.0E+00) 3.1E-04  1.7815627E+00   200
   181      1  1.0E+00    182 (0.0E+00) 2.8E-04  1.7815626E+00   200
   182      1  1.0E+00    183 (0.0E+00) 3.1E-04  1.7815621E+00   200
   183      1  1.0E+00    184 (0.0E+00) 3.1E-04  1.7815620E+00   200
   184      1  1.0E+00    185 (0.0E+00) 2.7E-04  1.7815616E+00   200
   185      1  1.0E+00    186 (0.0E+00) 2.2E-04  1.7815613E+00   200
   186      1  1.0E+00    187 (0.0E+00) 2.4E-04  1.7815609E+00   200
   187      1  1.0E+00    188 (0.0E+00) 2.7E-04  1.7815605E+00   200
   188      1  1.0E+00    189 (0.0E+00) 2.9E-04  1.7815598E+00   200           R
   189      1  1.0E+00    190 (0.0E+00) 4.3E-04  1.7815595E+00   200         s

 Major Minors     Step   nCon Feasible  Optimal  MeritFunction    nS Penalty
   190      1  3.4E-02    191 (0.0E+00) 7.9E-04  1.7815592E+00   200
   191      1  4.1E-01    192 (0.0E+00) 2.3E-04  1.7815587E+00   200
   192      1  1.0E+00    193 (0.0E+00) 2.4E-04  1.7815586E+00   200
   193      1  1.0E+00    194 (0.0E+00) 2.8E-04  1.7815581E+00   200
   194      1  1.0E+00    195 (0.0E+00) 2.2E-04  1.7815580E+00   200
   195      1  1.0E+00    196 (0.0E+00) 2.5E-04  1.7815579E+00   200
   196      1  1.0E+00    197 (0.0E+00) 1.5E-04  1.7815577E+00   200
   197      1  1.0E+00    198 (0.0E+00) 1.9E-04  1.7815576E+00   200
   198      1  1.0E+00    199 (0.0E+00) 2.3E-04  1.7815573E+00   200
   199      1  1.0E+00    200 (0.0E+00) 2.2E-04  1.7815563E+00   200           R

 Major Minors     Step   nCon Feasible  Optimal  MeritFunction    nS Penalty
   200      1  1.0E-01    201 (0.0E+00) 7.1E-04  1.7815562E+00   200         s
   201      1  1.0E+00    202 (0.0E+00) 3.9E-04  1.7815559E+00   200
   202      1  1.0E+00    203 (0.0E+00) 1.9E-04  1.7815558E+00   200
   203      1  1.0E+00    204 (0.0E+00) 2.1E-04  1.7815557E+00   200
   204      1  1.0E+00    205 (0.0E+00) 2.0E-04  1.7815556E+00   200
   205      1  1.0E+00    206 (0.0E+00) 1.3E-04  1.7815556E+00   200
   206      1  1.0E+00    207 (0.0E+00) 1.8E-04  1.7815555E+00   200
   207      1  1.0E+00    208 (0.0E+00) 2.0E-04  1.7815555E+00   200
   208      1  1.0E+00    209 (0.0E+00) 1.8E-04  1.7815554E+00   200
   209      1  1.0E+00    210 (0.0E+00) 1.2E-04  1.7815554E+00   200

 Major Minors     Step   nCon Feasible  Optimal  MeritFunction    nS Penalty
   210      1  1.0E+00    211 (0.0E+00) 1.6E-04  1.7815553E+00   200           R
   211      1  1.0E+00    212 (0.0E+00) 1.2E-04  1.7815553E+00   200         s
   212      1  1.1E-01    213 (0.0E+00) 2.9E-04  1.7815553E+00   200
   213      1  1.0E+00    214 (0.0E+00) 1.6E-04  1.7815553E+00   200
   214      1  1.0E+00    215 (0.0E+00) 1.9E-04  1.7815552E+00   200
   215      1  1.0E+00    216 (0.0E+00) 1.2E-04  1.7815552E+00   200
   216      1  1.0E+00    217 (0.0E+00) 1.1E-04  1.7815551E+00   200
   217      1  1.0E+00    218 (0.0E+00) 1.3E-04  1.7815550E+00   200
   218      1  1.0E+00    219 (0.0E+00) 1.6E-04  1.7815547E+00   200
   219      1  1.0E+00    220 (0.0E+00) 1.7E-04  1.7815543E+00   200

 Major Minors     Step   nCon Feasible  Optimal  MeritFunction    nS Penalty
   220      1  1.0E+00    221 (0.0E+00) 1.6E-04  1.7815540E+00   200
   221      1  1.0E+00    222 (0.0E+00) 1.9E-04  1.7815538E+00   200           R
   222      1  1.0E+00    223 (0.0E+00) 6.8E-04  1.7815537E+00   200         s
   223      1  1.0E+00    224 (0.0E+00) 2.7E-04  1.7815535E+00   200
   224      1  1.0E+00    225 (0.0E+00) 2.1E-04  1.7815533E+00   200
   225      1  1.0E+00    226 (0.0E+00) 1.3E-04  1.7815531E+00   200
   226      1  1.0E+00    227 (0.0E+00) 1.3E-04  1.7815530E+00   200
   227      1  1.0E+00    228 (0.0E+00) 1.2E-04  1.7815529E+00   200
   228      1  1.0E+00    229 (0.0E+00) 1.1E-04  1.7815529E+00   200
   229      1  1.0E+00    230 (0.0E+00) 9.4E-05  1.7815529E+00   200

 Major Minors     Step   nCon Feasible  Optimal  MeritFunction    nS Penalty
   230      1  1.0E+00    231 (0.0E+00) 9.0E-05  1.7815529E+00   200
   231      1  1.0E+00    232 (0.0E+00) 8.6E-05  1.7815528E+00   200
   232      1  1.0E+00    233 (0.0E+00) 8.1E-05  1.7815528E+00   200           R
   233      1  1.0E+00    234 (0.0E+00) 1.3E-04  1.7815528E+00   200         s
   234      1  8.6E-02    235 (0.0E+00) 1.6E-04  1.7815528E+00   200
   235      1  1.0E+00    236 (0.0E+00) 8.3E-05  1.7815528E+00   200
   236      1  1.0E+00    237 (0.0E+00) 1.1E-04  1.7815528E+00   200
   237      1  1.0E+00    238 (0.0E+00) 9.8E-05  1.7815528E+00   200
   238      1  1.0E+00    239 (0.0E+00) 1.1E-04  1.7815527E+00   200
   239      1  1.0E+00    240 (0.0E+00) 1.1E-04  1.7815526E+00   200

 Major Minors     Step   nCon Feasible  Optimal  MeritFunction    nS Penalty
   240      1  1.0E+00    241 (0.0E+00) 1.5E-04  1.7815525E+00   200
   241      1  1.0E+00    242 (0.0E+00) 1.8E-04  1.7815524E+00   200
   242      1  1.0E+00    243 (0.0E+00) 1.6E-04  1.7815523E+00   200
   243      1  1.0E+00    244 (0.0E+00) 1.5E-04  1.7815522E+00   200           R
   244      1  1.0E+00    245 (0.0E+00) 2.4E-04  1.7815522E+00   200         s
   245      1  6.1E-02    246 (0.0E+00) 2.3E-04  1.7815522E+00   200
   246      1  1.0E+00    247 (0.0E+00) 2.1E-04  1.7815521E+00   200
   247      1  1.0E+00    248 (0.0E+00) 2.3E-04  1.7815521E+00   200
   248      1  1.0E+00    249 (0.0E+00) 9.8E-05  1.7815520E+00   200
   249      1  1.0E+00    250 (0.0E+00) 1.5E-04  1.7815520E+00   200

 Major Minors     Step   nCon Feasible  Optimal  MeritFunction    nS Penalty
   250      1  1.0E+00    251 (0.0E+00) 1.6E-04  1.7815519E+00   200
   251      1  1.0E+00    252 (0.0E+00) 8.9E-05  1.7815519E+00   200
   252      1  1.0E+00    253 (0.0E+00) 7.5E-05  1.7815519E+00   200
   253      1  1.0E+00    254 (0.0E+00) 9.5E-05  1.7815519E+00   200
   254      1  1.0E+00    255 (0.0E+00) 7.3E-05  1.7815519E+00   200           R
   255      1  1.8E-01    256 (0.0E+00) 1.1E-04  1.7815519E+00   200         s
   256      1  1.0E+00    257 (0.0E+00) 5.2E-05  1.7815519E+00   200
   257      1  1.0E+00    258 (0.0E+00) 6.6E-05  1.7815519E+00   200
   258      1  1.0E+00    259 (0.0E+00) 7.6E-05  1.7815519E+00   200
   259      1  1.0E+00    260 (0.0E+00) 7.4E-05  1.7815519E+00   200

 Major Minors     Step   nCon Feasible  Optimal  MeritFunction    nS Penalty
   260      1  1.0E+00    261 (0.0E+00) 6.0E-05  1.7815519E+00   200
   261      1  1.0E+00    262 (0.0E+00) 5.3E-05  1.7815519E+00   200
   262      1  1.0E+00    263 (0.0E+00) 6.2E-05  1.7815518E+00   200
   263      1  1.0E+00    264 (0.0E+00) 6.5E-05  1.7815518E+00   200
   264      1  1.0E+00    265 (0.0E+00) 6.0E-05  1.7815518E+00   200
   265      1  1.0E+00    266 (0.0E+00) 4.6E-05  1.7815518E+00   200           R
   266      1  1.0E+00    267 (0.0E+00) 1.2E-04  1.7815518E+00   200         s
   267      1  1.0E+00    268 (0.0E+00) 5.4E-05  1.7815518E+00   200
   268      1  1.0E+00    269 (0.0E+00) 5.9E-05  1.7815518E+00   200
   269      1  1.0E+00    270 (0.0E+00) 5.0E-05  1.7815518E+00   200

 Major Minors     Step   nCon Feasible  Optimal  MeritFunction    nS Penalty
   270      1  1.0E+00    271 (0.0E+00) 4.1E-05  1.7815518E+00   200
   271      1  1.0E+00    272 (0.0E+00) 5.6E-05  1.7815518E+00   200
   272      1  1.0E+00    273 (0.0E+00) 5.9E-05  1.7815518E+00   200
   273      1  1.0E+00    274 (0.0E+00) 5.3E-05  1.7815518E+00   200
   274      1  1.0E+00    275 (0.0E+00) 4.4E-05  1.7815518E+00   200
   275      1  1.0E+00    276 (0.0E+00) 5.2E-05  1.7815518E+00   200
   276      1  1.0E+00    277 (0.0E+00) 6.9E-05  1.7815518E+00   200           R
   277      1  1.0E+00    278 (0.0E+00) 6.5E-05  1.7815518E+00   200         s
   278      1  3.0E-01    279 (0.0E+00) 6.2E-05  1.7815518E+00   200
   279      1  1.0E+00    280 (0.0E+00) 5.4E-05  1.7815518E+00   200

 Major Minors     Step   nCon Feasible  Optimal  MeritFunction    nS Penalty
   280      1  1.0E+00    281 (0.0E+00) 6.0E-05  1.7815518E+00   200
   281      1  1.0E+00    282 (0.0E+00) 5.6E-05  1.7815518E+00   200
   282      1  1.0E+00    283 (0.0E+00) 4.3E-05  1.7815518E+00   200
   283      1  1.0E+00    284 (0.0E+00) 3.8E-05  1.7815518E+00   200
   284      1  1.0E+00    285 (0.0E+00) 4.9E-05  1.7815518E+00   200
   285      1  1.0E+00    286 (0.0E+00) 5.4E-05  1.7815518E+00   200
   286      1  1.0E+00    287 (0.0E+00) 5.4E-05  1.7815518E+00   200
   287      1  1.0E+00    288 (0.0E+00) 5.0E-05  1.7815517E+00   200           R
   288      1  4.3E-01    289 (0.0E+00) 1.4E-04  1.7815517E+00   200         s
   289      1  1.0E+00    290 (0.0E+00) 7.5E-05  1.7815517E+00   200

 Major Minors     Step   nCon Feasible  Optimal  MeritFunction    nS Penalty
   290      1  1.0E+00    291 (0.0E+00) 5.1E-05  1.7815517E+00   200
   291      1  1.0E+00    292 (0.0E+00) 5.6E-05  1.7815517E+00   200
   292      1  1.0E+00    293 (0.0E+00) 4.7E-05  1.7815517E+00   200
   293      1  1.0E+00    294 (0.0E+00) 3.7E-05  1.7815517E+00   200
   294      1  1.0E+00    295 (0.0E+00) 5.9E-05  1.7815517E+00   200
   295      1  1.0E+00    296 (0.0E+00) 6.6E-05  1.7815517E+00   200
   296      1  1.0E+00    297 (0.0E+00) 5.3E-05  1.7815517E+00   200
   297      1  1.0E+00    298 (0.0E+00) 3.5E-05  1.7815517E+00   200
   298      1  1.0E+00    299 (0.0E+00) 4.5E-05  1.7815517E+00   200           R
   298      2  1.0E+00    299 (0.0E+00) 4.7E-05  1.7815517E+00   200           R   c
   299      1  1.0E+00    300 (0.0E+00) 3.9E-05  1.7815517E+00   200         s

 Major Minors     Step   nCon Feasible  Optimal  MeritFunction    nS Penalty
   300      1  1.5E-01    301 (0.0E+00) 7.1E-05  1.7815517E+00   200
   301      1  1.0E+00    302 (0.0E+00) 6.7E-05  1.7815517E+00   200
   302      1  1.0E+00    303 (0.0E+00) 6.7E-05  1.7815517E+00   200
   303      1  1.0E+00    304 (0.0E+00) 4.0E-05  1.7815517E+00   200
   304      1  1.0E+00    305 (0.0E+00) 5.7E-05  1.7815517E+00   200
   305      1  1.0E+00    306 (0.0E+00) 1.1E-04  1.7815516E+00   200
   306      1  1.0E+00    307 (0.0E+00) 1.4E-04  1.7815516E+00   200
   307      1  1.0E+00    308 (0.0E+00) 1.4E-04  1.7815515E+00   200
   308      1  1.0E+00    309 (0.0E+00) 1.0E-04  1.7815515E+00   200
   309      1  1.0E+00    310 (0.0E+00) 5.2E-05  1.7815514E+00   200           R

 Major Minors     Step   nCon Feasible  Optimal  MeritFunction    nS Penalty
   310      1  1.0E+00    311 (0.0E+00) 9.8E-05  1.7815514E+00   200         s
   311      1  5.0E-02    312 (0.0E+00) 9.2E-05  1.7815514E+00   200
   312      1  3.9E-01    313 (0.0E+00) 6.8E-05  1.7815514E+00   200
   313      1  1.0E+00    314 (0.0E+00) 7.5E-05  1.7815514E+00   200
   314      1  1.0E+00    315 (0.0E+00) 6.0E-05  1.7815514E+00   200
   315      1  1.0E+00    316 (0.0E+00) 4.5E-05  1.7815514E+00   200
   316      1  1.0E+00    317 (0.0E+00) 2.6E-05  1.7815514E+00   200
   317      1  1.0E+00    318 (0.0E+00) 1.9E-05  1.7815514E+00   200
   318      1  1.0E+00    319 (0.0E+00) 1.6E-05  1.7815514E+00   200
   319      1  1.0E+00    320 (0.0E+00) 7.0E-06  1.7815514E+00   200

 Major Minors     Step   nCon Feasible  Optimal  MeritFunction    nS Penalty
   320      1  1.0E+00    321 (0.0E+00) 1.0E-05  1.7815514E+00   200           R
   321      1  1.4E-01    322 (0.0E+00) 1.8E-05  1.7815514E+00   200         s
   322      1  1.0E+00    323 (0.0E+00) 7.2E-06  1.7815514E+00   200
   322      2  1.0E+00    323 (0.0E+00) 7.7E-06  1.7815514E+00   200               c
   323      1  1.0E+00    324 (0.0E+00) 8.8E-06  1.7815514E+00   200               c
   324      1  1.0E+00    325 (0.0E+00) 1.0E-05  1.7815514E+00   200               c
   325      1  1.0E+00    326 (0.0E+00) 1.1E-05  1.7815514E+00   200               c
   326      1  1.0E+00    327 (0.0E+00) 1.0E-05  1.7815514E+00   200               c
   327      1  1.0E+00    328 (0.0E+00) 1.0E-05  1.7815514E+00   200               c
   328      1  1.0E+00    329 (0.0E+00) 1.1E-05  1.7815514E+00   200               c
   329      1  1.0E+00    330 (0.0E+00) 1.1E-05  1.7815514E+00   200               c

 Major Minors     Step   nCon Feasible  Optimal  MeritFunction    nS Penalty
   330      1  1.0E+00    331 (0.0E+00) 9.8E-06  1.7815514E+00   200               c
   331      1  1.0E+00    332 (0.0E+00) 8.6E-06  1.7815514E+00   200           R   c
   332      1  1.0E+00    333 (0.0E+00) 1.0E-05  1.7815514E+00   200         s     c
   333      1  2.4E-01    334 (0.0E+00) 1.4E-05  1.7815514E+00   200               c
   334      1  1.0E+00    335 (0.0E+00) 1.7E-05  1.7815514E+00   200
   335      1  1.0E+00    336 (0.0E+00) 1.2E-05  1.7815514E+00   200
   336      1  1.0E+00    337 (0.0E+00) 1.1E-05  1.7815514E+00   200
   337      1  1.0E+00    338 (0.0E+00) 1.2E-05  1.7815514E+00   200
   338      1  1.0E+00    339 (0.0E+00) 1.2E-05  1.7815514E+00   200
   339      1  1.0E+00    340 (0.0E+00) 1.0E-05  1.7815514E+00   200

 Major Minors     Step   nCon Feasible  Optimal  MeritFunction    nS Penalty
   340      1  1.0E+00    341 (0.0E+00) 1.0E-05  1.7815514E+00   200
   341      1  1.0E+00    342 (0.0E+00) 1.0E-05  1.7815514E+00   200
   342      1  1.0E+00    343 (0.0E+00) 1.1E-05  1.7815514E+00   200           R
   343      1  1.7E-01    344 (0.0E+00) 1.2E-05  1.7815514E+00   200         s
   343      2  1.0E+00    344 (0.0E+00) 1.5E-05  1.7815514E+00   200         s     c
   344      1  1.0E+00    345 (0.0E+00) 1.4E-05  1.7815514E+00   200               c
   345      1  1.0E+00    346 (0.0E+00) 9.6E-06  1.7815514E+00   200               c
   346      1  1.0E+00    347 (0.0E+00) 9.8E-06  1.7815514E+00   200               c
   347      1  1.0E+00    348 (0.0E+00) 1.1E-05  1.7815514E+00   200               c
   348      1  1.0E+00    349 (0.0E+00) 9.4E-06  1.7815514E+00   200               c
   349      1  1.0E+00    350 (0.0E+00) 7.0E-06  1.7815514E+00   200               c

 Major Minors     Step   nCon Feasible  Optimal  MeritFunction    nS Penalty
   350      1  1.0E+00    351 (0.0E+00) 6.6E-06  1.7815514E+00   200               c
   351      1  1.0E+00    352 (0.0E+00) 8.3E-06  1.7815514E+00   200               c
   352      1  1.0E+00    353 (0.0E+00) 9.0E-06  1.7815514E+00   200               c
   353      1  1.0E+00    354 (0.0E+00) 8.6E-06  1.7815514E+00   200           R   c
   354      1  1.0E+00    355 (0.0E+00) 8.0E-06  1.7815514E+00   200         s     c
   355      1  1.0E+00    356 (0.0E+00) 6.6E-06  1.7815514E+00   200               c
   356      1  1.0E+00    357 (0.0E+00) 1.5E-05  1.7815514E+00   200               c
   357      1  1.8E-01    358 (0.0E+00) 9.0E-06  1.7815514E+00   200               c
   358      1  1.0E+00    359 (0.0E+00) 7.0E-06  1.7815514E+00   200               c
   359      1  1.0E+00    360 (0.0E+00) 7.9E-06  1.7815514E+00   200               c

 Major Minors     Step   nCon Feasible  Optimal  MeritFunction    nS Penalty
   360      1  1.0E+00    361 (0.0E+00) 9.2E-06  1.7815514E+00   200               c
   361      1  1.0E+00    362 (0.0E+00) 1.0E-05  1.7815514E+00   200               c
   362      1  1.0E+00    363 (0.0E+00) 9.4E-06  1.7815514E+00   200               c
   363      1  1.0E+00    364 (0.0E+00) 6.9E-06  1.7815514E+00   200               c
   364      1  1.0E+00    365 (0.0E+00) 7.9E-06  1.7815514E+00   200           R   c
   365      1  1.0E+00    366 (0.0E+00) 2.2E-05  1.7815514E+00   200         s
   366      1  9.8E-02    367 (0.0E+00) 1.2E-05  1.7815514E+00   200
   367      1  1.0E+00    368 (0.0E+00) 8.4E-06  1.7815514E+00   200
   368      1  1.0E+00    369 (0.0E+00) 9.7E-06  1.7815514E+00   200
   369      1  1.0E+00    370 (0.0E+00) 6.8E-06  1.7815514E+00   200

 Major Minors     Step   nCon Feasible  Optimal  MeritFunction    nS Penalty
   370      1  1.0E+00    371 (0.0E+00) 7.2E-06  1.7815514E+00   200
   371      1  1.0E+00    372 (0.0E+00) 6.9E-06  1.7815514E+00   200
   372      1  1.0E+00    373 (0.0E+00) 5.8E-06  1.7815514E+00   200
   373      1  1.0E+00    374 (0.0E+00) 4.1E-06  1.7815514E+00   200
   374      1  1.0E+00    375 (0.0E+00) 5.4E-06  1.7815514E+00   200
   375      1  1.0E+00    376 (0.0E+00) 5.7E-06  1.7815514E+00   200           R
   375      2  1.0E+00    376 (0.0E+00) 7.8E-06  1.7815514E+00   200           R   c
   376      1  1.0E+00    377 (0.0E+00) 1.3E-05  1.7815514E+00   200         s     c
   377      1  1.4E-01    378 (0.0E+00) 5.5E-06  1.7815514E+00   200               c
   378      1  1.0E+00    379 (0.0E+00) 5.7E-06  1.7815514E+00   200               c
   379      1  1.0E+00    380 (0.0E+00) 4.1E-06  1.7815514E+00   200               c

 Major Minors     Step   nCon Feasible  Optimal  MeritFunction    nS Penalty
   380      1  1.0E+00    381 (0.0E+00) 4.9E-06  1.7815514E+00   200               c
   381      1  1.0E+00    382 (0.0E+00) 4.8E-06  1.7815514E+00   200               c
   382      1  1.0E+00    383 (0.0E+00) 4.4E-06  1.7815514E+00   200               c
   383      1  1.0E+00    384 (0.0E+00) 4.8E-06  1.7815514E+00   200               c
   384      1  1.0E+00    385 (0.0E+00) 5.2E-06  1.7815514E+00   200               c
   385      1  1.0E+00    386 (0.0E+00) 4.8E-06  1.7815514E+00   200               c
   386      1  1.0E+00    387 (0.0E+00) 4.5E-06  1.7815514E+00   200           R   c
   387      1  1.0E+00    388 (0.0E+00) 8.2E-06  1.7815514E+00   200         s     c
   388      1  5.2E-02    389 (0.0E+00) 1.3E-05  1.7815514E+00   200               c
   389      1  3.1E-01    390 (0.0E+00) 4.7E-06  1.7815514E+00   200               c

 Major Minors     Step   nCon Feasible  Optimal  MeritFunction    nS Penalty
   390      1  1.0E+00    391 (0.0E+00) 5.0E-06  1.7815514E+00   200               c
   391      1  1.0E+00    392 (0.0E+00) 1.1E-05  1.7815514E+00   200               c
   392      1  1.0E+00    393 (0.0E+00) 6.6E-06  1.7815514E+00   200               c
   393      1  1.0E+00    394 (0.0E+00) 8.4E-06  1.7815514E+00   200               c
   394      1  1.0E+00    395 (0.0E+00) 5.7E-06  1.7815514E+00   200               c
   395      1  1.0E+00    396 (0.0E+00) 7.2E-06  1.7815514E+00   200               c
   396      1  1.0E+00    397 (0.0E+00) 5.4E-06  1.7815514E+00   200               c
   397      1  1.0E+00    398 (0.0E+00) 8.4E-06  1.7815514E+00   200           R   c
   398      1  2.0E-01    399 (0.0E+00) 1.2E-05  1.7815514E+00   200         s     c
   399      1  4.9E-01    400 (0.0E+00) 5.1E-06  1.7815514E+00   200               c

 Major Minors     Step   nCon Feasible  Optimal  MeritFunction    nS Penalty
   400      1  1.0E+00    401 (0.0E+00) 4.9E-06  1.7815514E+00   200               c
   401      1  1.0E+00    402 (0.0E+00) 3.8E-06  1.7815514E+00   200               c
   402      1  1.0E+00    403 (0.0E+00) 3.5E-06  1.7815514E+00   200               c
   403      1  1.0E+00    404 (0.0E+00) 3.2E-06  1.7815514E+00   200               c
   404      1  1.0E+00    405 (0.0E+00) 3.4E-06  1.7815514E+00   200               c
   405      1  1.0E+00    406 (0.0E+00) 3.3E-06  1.7815514E+00   200               c
   406      1  1.0E+00    407 (0.0E+00) 3.3E-06  1.7815514E+00   200               c
   407      1  1.0E+00    408 (0.0E+00) 3.5E-06  1.7815514E+00   200               c
   408      1  1.0E+00    409 (0.0E+00) 3.8E-06  1.7815514E+00   200           R   c
   409      1  1.0E+00    410 (0.0E+00) 3.9E-06  1.7815514E+00   200         s     c

 Major Minors     Step   nCon Feasible  Optimal  MeritFunction    nS Penalty
   410      1  3.4E-01    411 (0.0E+00) 7.2E-06  1.7815514E+00   200               c
   411      1  2.5E-01    412 (0.0E+00) 3.2E-06  1.7815514E+00   200               c
   412      1  1.0E+00    413 (0.0E+00) 3.5E-06  1.7815514E+00   200               c
   413      1  1.0E+00    414 (0.0E+00) 3.7E-06  1.7815514E+00   200               c
   414      1  1.0E+00    415 (0.0E+00) 4.9E-06  1.7815514E+00   200               c
   415      1  1.0E+00    416 (0.0E+00) 4.6E-06  1.7815514E+00   200               c
   416      1  1.0E+00    417 (0.0E+00) 5.3E-06  1.7815514E+00   200               c
   417      1  1.0E+00    418 (0.0E+00) 5.8E-06  1.7815514E+00   200               c
   418      1  1.0E+00    419 (0.0E+00) 5.5E-06  1.7815514E+00   200               c
   419      1  1.0E+00    420 (0.0E+00) 4.5E-06  1.7815514E+00   200           R   c

 Major Minors     Step   nCon Feasible  Optimal  MeritFunction    nS Penalty
   420      1  1.0E+00    421 (0.0E+00) 4.8E-06  1.7815514E+00   200         s     c
   421      1  1.3E-01    422 (0.0E+00) 1.1E-05  1.7815514E+00   200               c
   422      1  3.8E-01    423 (0.0E+00) 4.6E-06  1.7815514E+00   200               c
   423      1  1.0E+00    424 (0.0E+00) 5.8E-06  1.7815514E+00   200               c
   424      1  1.0E+00    425 (0.0E+00) 3.4E-06  1.7815514E+00   200               c
   425      1  1.0E+00    426 (0.0E+00) 3.4E-06  1.7815514E+00   200               c
   426      1  1.0E+00    427 (0.0E+00) 3.3E-06  1.7815514E+00   200               c
   427      1  1.0E+00    428 (0.0E+00) 2.5E-06  1.7815514E+00   200               c
   428      1  1.0E+00    429 (0.0E+00) 2.9E-06  1.7815514E+00   200               c
   429      1  1.0E+00    430 (0.0E+00) 2.7E-06  1.7815514E+00   200               c

 Major Minors     Step   nCon Feasible  Optimal  MeritFunction    nS Penalty
   430      1  1.0E+00    431 (0.0E+00) 2.6E-06  1.7815514E+00   200           R   c
   431      1  1.0E+00    432 (0.0E+00) 3.2E-06  1.7815514E+00   200         s     c
   432      1  2.2E-01    433 (0.0E+00) 3.5E-06  1.7815514E+00   200               c
   433      1  4.1E-01    434 (0.0E+00) 2.1E-06  1.7815514E+00   200               c
   434      1  1.0E+00    435 (0.0E+00) 2.3E-06  1.7815514E+00   200               c
   435      1  1.0E+00    436 (0.0E+00) 3.5E-06  1.7815514E+00   200               c
   436      1  1.0E+00    437 (0.0E+00) 3.3E-06  1.7815514E+00   200               c
   437      1  1.0E+00    438 (0.0E+00) 3.2E-06  1.7815514E+00   200               c
   438      1  1.0E+00    439 (0.0E+00) 2.6E-06  1.7815514E+00   200               c
   439      1  1.0E+00    440 (0.0E+00) 2.4E-06  1.7815514E+00   200               c

 Major Minors     Step   nCon Feasible  Optimal  MeritFunction    nS Penalty
   440      1  1.0E+00    441 (0.0E+00) 2.9E-06  1.7815514E+00   200               c
   441      1  1.0E+00    442 (0.0E+00) 3.0E-06  1.7815514E+00   200           R   c
   442      1  1.0E+00    443 (0.0E+00) 2.5E-06  1.7815514E+00   200         s     c
   443      1  1.0E+00    444 (0.0E+00) 6.3E-06  1.7815514E+00   200               c
   444      1  6.5E-02    445 (0.0E+00) 4.8E-06  1.7815514E+00   200               c
   445      1  1.0E+00    446 (0.0E+00) 4.7E-06  1.7815514E+00   200               c
   446      1  1.0E+00    447 (0.0E+00) 2.2E-06  1.7815514E+00   200               c
   447      1  1.0E+00    448 (0.0E+00) 2.8E-06  1.7815514E+00   200               c
   448      1  1.0E+00    449 (0.0E+00) 2.6E-06  1.7815514E+00   200               c
   449      1  1.0E+00    450 (0.0E+00)(1.8E-06) 1.7815514E+00   200               c
 
 SNOPTA EXIT   0 -- finished successfully
 SNOPTA INFO   1 -- optimality conditions satisfied

 Problem name
 No. of iterations                 653   Objective value      1.7815513526E+00
 No. of major iterations           449   Linear objective     0.0000000000E+00
 Penalty parameter           0.000E+00   Nonlinear objective  1.7815513526E+00
 No. of calls to funobj         115520   No. of calls to funcon         115520
 Calls with modes 1,2 (known g)    450   Calls with modes 1,2 (known g)    450
 Calls for forward differencing  68882   Calls for forward differencing  68882
 Calls for central differencing  45652   Calls for central differencing  45652
 No. of superbasics                200   No. of basic nonlinears             0
 No. of degenerate steps             0   Percentage                        .00
 Max x       (scaled)      105 1.2E+00   Max pi      (scaled)        1 0.0E+00
 Max x                     105 1.2E+00   Max pi                      1 0.0E+00
 Max Prim inf(scaled)        0 0.0E+00   Max Dual inf(scaled)        5 3.6E-06
 Max Primal infeas           0 0.0E+00   Max Dual infeas             5 3.6E-06
 Nonlinear constraint violn    0.0E+00

 Solution not printed
