 

 Nonlinear constraints     156     Linear constraints       0
 Nonlinear variables       255     Linear variables         0
 Jacobian  variables       255     Objective variables    255
 Total constraints         156     Total variables        255
 

 
 The user has defined       0   out of   40035   first  derivatives
 

        Minor   QPmult   nInf   SumInf   rgNorm    QPobjective    nS
          100  3.8E+00                  3.8E-14  2.7594843E+02    16

 Major Minors     Step   nCon Feasible  Optimal  MeritFunction    nS Penalty
     0    184               1 (3.2E-12) 1.9E-01  3.9683333E+02    99           r
     1      5  1.4E-01      2 (1.7E-09) 2.1E-01  3.5905920E+02    99         n rl
     2      2  1.3E-01      3  1.1E-04  7.5E-01  3.2511615E+02    99         s  l
     3      2  1.0E+00      4  4.6E-02  1.1E-01  4.4861047E+01    99
     4      2  1.0E+00      5  3.6E-02  1.7E-01  5.4344362E-01    99
     5      2  4.5E-01      6  1.9E-02  7.5E-02  7.6104941E+00    99 4.3E+00
     6      2  1.0E+00      7  3.1E-03  9.4E-02  4.2706495E+00    99 4.3E+00
     7      1  1.0E+00      8  1.4E-03  7.9E-02  2.9810426E+00    99 4.3E+00
     8      1  1.0E+00      9  7.0E-04  1.2E-01  2.9069577E+00    99 4.3E+00
     9      1  1.0E+00     10  4.3E-04  8.5E-02  2.4117862E+00    99 4.3E+00

 Major Minors     Step   nCon Feasible  Optimal  MeritFunction    nS Penalty
    10      2  1.0E+00     11  7.0E-04  7.6E-02  2.3710568E+00    99 4.3E+00
    11      1  1.0E+00     12  6.0E-04  5.1E-02  2.0465632E+00    99 4.3E+00
    12      1  4.7E-01     13  3.2E-04  1.8E-02  1.8969718E+00    99 4.3E+00   R
    13      1  4.1E-01     14  2.2E-04  9.2E-03  1.8473022E+00    99 4.3E+00 s
    14      1  1.0E+00     15  8.0E-06  8.1E-03  1.8329891E+00    99 4.3E+00
    15      1  1.0E+00     16  5.9E-05  6.5E-03  1.7956276E+00    99 4.3E+00
    16      1  1.0E+00     17  1.8E-05  8.2E-03  1.7693164E+00    99 4.3E+00
    17      1  1.0E+00     18  2.8E-05  4.6E-03  1.7533890E+00    99 4.3E+00
    18      1  1.0E+00     19  8.5E-06  4.0E-03  1.7455313E+00    99 4.3E+00
    19      1  1.0E+00     20  4.9E-06  3.7E-03  1.7387319E+00    99 4.3E+00

 Major Minors     Step   nCon Feasible  Optimal  MeritFunction    nS Penalty
    20      1  1.0E+00     21  4.2E-06  4.3E-03  1.7322700E+00    99 4.3E+00
    21      1  1.0E+00     22  8.3E-06  2.2E-03  1.7282177E+00    99 4.3E+00
    22      1  1.0E+00     23  4.5E-06  1.7E-03  1.7264138E+00    99 4.3E+00
    23      1  1.0E+00     24  1.8E-06  1.7E-03  1.7252386E+00    99 4.3E+00   R
    24      1  1.0E+00     25 (2.9E-07) 1.5E-03  1.7245687E+00    99 4.3E+00 s
    25      1  1.0E+00     26  4.4E-06  1.9E-03  1.7228452E+00    99 4.3E+00
    26      1  1.0E+00     27  8.5E-06  4.0E-03  1.7219435E+00    99 4.3E+00
    27      1  1.0E+00     28 (9.6E-07) 2.3E-03  1.7211013E+00    99 4.3E+00
    28      1  1.0E+00     29  1.3E-06  2.4E-03  1.7203962E+00    99 4.3E+00
    29      1  1.0E+00     30  1.4E-06  1.8E-03  1.7197577E+00    99 4.3E+00

 Major Minors     Step   nCon Feasible  Optimal  MeritFunction    nS Penalty
    30      1  1.0E+00     31  1.5E-06  2.4E-03  1.7194139E+00    99 4.3E+00
    31      1  1.0E+00     32 (2.2E-07) 1.0E-03  1.7190680E+00    99 4.3E+00
    32      1  1.0E+00     33 (4.6E-07) 1.0E-03  1.7188252E+00    99 4.3E+00
    33      1  1.0E+00     34 (5.6E-07) 1.0E-03  1.7185676E+00    99 4.3E+00
    34      1  1.0E+00     35  1.2E-06  1.2E-03  1.7183327E+00    99 4.3E+00   R
    35      1  4.6E-01     36 (6.4E-07) 4.7E-04  1.7182436E+00    99 4.3E+00 s
    36      1  1.0E+00     37 (1.6E-08) 3.4E-04  1.7182104E+00    99 4.3E+00
    37      1  1.0E+00     38 (2.4E-07) 3.3E-04  1.7181269E+00    99 4.3E+00
    38      1  1.0E+00     39 (1.3E-08) 3.0E-04  1.7180962E+00    99 4.3E+00
    39      1  1.0E+00     40 (1.3E-07) 2.7E-04  1.7180619E+00    99 4.3E+00

 Major Minors     Step   nCon Feasible  Optimal  MeritFunction    nS Penalty
    40      1  1.0E+00     41 (1.3E-07) 2.7E-04  1.7180322E+00    99 4.3E+00
    41      1  1.0E+00     42 (2.7E-07) 3.3E-04  1.7179842E+00    99 4.3E+00
    42      1  1.0E+00     43 (6.0E-08) 3.2E-04  1.7179376E+00    99 4.3E+00
    43      1  1.0E+00     44 (1.7E-07) 2.0E-04  1.7179026E+00    99 4.3E+00
    44      1  1.0E+00     45 (1.3E-07) 1.6E-04  1.7178809E+00    99 4.3E+00
    45      1  1.0E+00     46 (8.4E-08) 2.2E-04  1.7178624E+00    99 4.3E+00   R
    46      1  1.0E+00     47 (5.6E-09) 1.5E-04  1.7178530E+00    99 4.3E+00 s
    47      1  1.0E+00     48 (1.0E-07) 3.8E-04  1.7178288E+00    99 4.3E+00
    48      1  1.0E+00     49 (6.6E-08) 7.0E-04  1.7178197E+00    99 4.3E+00
    49      1  1.0E+00     50 (1.1E-08) 2.1E-04  1.7178015E+00    99 4.3E+00

 Major Minors     Step   nCon Feasible  Optimal  MeritFunction    nS Penalty
    50      1  1.0E+00     51 (1.4E-08) 4.1E-04  1.7177923E+00    99 4.3E+00
    51      1  1.0E+00     52 (1.1E-08) 4.0E-04  1.7177757E+00    99 4.3E+00
    52      1  1.0E+00     53 (8.6E-08) 3.7E-04  1.7177645E+00    99 4.3E+00
    53      1  1.0E+00     54 (2.8E-08) 2.5E-04  1.7177476E+00    99 4.3E+00
    54      1  1.0E+00     55 (1.6E-07) 3.4E-04  1.7177337E+00    99 4.3E+00
    55      1  1.0E+00     56 (6.6E-08) 3.7E-04  1.7177109E+00    99 4.3E+00
    56      1  1.0E+00     57 (1.8E-07) 5.7E-04  1.7176807E+00    99 4.3E+00   R
    57      1  4.3E-01     58 (1.0E-07) 1.5E-04  1.7176642E+00    99 4.3E+00 s
    58      1  1.0E+00     59 (8.8E-10) 1.4E-04  1.7176589E+00    99 4.3E+00
    59      1  1.0E+00     60 (1.8E-08) 3.7E-04  1.7176388E+00    99 4.3E+00

 Major Minors     Step   nCon Feasible  Optimal  MeritFunction    nS Penalty
    60      1  1.0E+00     61 (2.8E-09) 3.2E-04  1.7176283E+00    99 4.3E+00
    61      1  1.0E+00     62 (1.3E-08) 1.1E-04  1.7176198E+00    99 4.3E+00
    62      1  1.0E+00     63 (8.5E-09) 1.0E-04  1.7176147E+00    99 4.3E+00
    63      1  1.0E+00     64 (1.1E-08) 2.4E-04  1.7176083E+00    99 4.3E+00
    64      1  1.0E+00     65 (1.6E-09) 2.4E-04  1.7176021E+00    99 4.3E+00
    65      1  1.0E+00     66 (1.1E-08) 1.1E-04  1.7175966E+00    99 4.3E+00
    66      1  1.0E+00     67 (1.7E-08) 9.4E-05  1.7175915E+00    99 4.3E+00
    67      1  1.0E+00     68 (2.6E-08) 2.5E-04  1.7175847E+00    99 4.3E+00   R
    68      1  1.0E+00     69 (1.7E-09) 9.1E-05  1.7175804E+00    99 4.3E+00 s
    69      1  1.0E+00     70 (2.4E-08) 3.0E-04  1.7175720E+00    99 4.3E+00

 Major Minors     Step   nCon Feasible  Optimal  MeritFunction    nS Penalty
    70      1  1.0E+00     71 (1.1E-08) 2.2E-04  1.7175675E+00    99 4.3E+00
    71      1  1.0E+00     72 (8.6E-10) 1.6E-04  1.7175628E+00    99 4.3E+00
    72      1  1.0E+00     73 (2.1E-08) 1.8E-04  1.7175557E+00    99 4.3E+00
    73      1  1.0E+00     74 (2.0E-08) 2.3E-04  1.7175490E+00    99 4.3E+00
    74      1  1.0E+00     75 (5.3E-08) 2.3E-04  1.7175415E+00    99 4.3E+00
    75      1  1.0E+00     76 (3.0E-08) 2.6E-04  1.7175358E+00    99 4.3E+00
    76      1  1.0E+00     77 (1.5E-08) 1.7E-04  1.7175273E+00    99 4.3E+00
    77      1  1.0E+00     78 (1.3E-08) 2.1E-04  1.7175157E+00    99 4.3E+00
    78      1  1.0E+00     79 (7.3E-08) 3.2E-04  1.7175016E+00    99 4.3E+00   R
    79      1  1.0E+00     80 (2.4E-08) 2.7E-04  1.7174980E+00    99 4.3E+00 s

 Major Minors     Step   nCon Feasible  Optimal  MeritFunction    nS Penalty
    80      1  1.0E+00     81 (4.3E-09) 1.3E-04  1.7174938E+00    99 4.3E+00
    81      1  1.0E+00     82 (2.5E-09) 7.6E-05  1.7174922E+00    99 4.3E+00
    82      1  1.0E+00     83 (1.1E-09) 8.9E-05  1.7174914E+00    99 4.3E+00
    83      1  1.0E+00     84 (4.5E-10) 3.1E-05  1.7174909E+00    99 4.3E+00
    84      1  1.0E+00     85 (9.9E-10) 5.8E-05  1.7174903E+00    99 4.3E+00
    85      1  1.0E+00     86 (1.6E-09) 8.4E-05  1.7174894E+00    99 4.3E+00
    86      1  1.0E+00     87 (2.5E-09) 6.2E-05  1.7174886E+00    99 4.3E+00
    87      1  1.0E+00     88 (2.6E-09) 3.2E-05  1.7174879E+00    99 4.3E+00
    88      1  1.0E+00     89 (1.5E-09) 4.4E-05  1.7174871E+00    99 4.3E+00
    89      1  1.0E+00     90 (5.9E-09) 7.5E-05  1.7174865E+00    99 4.3E+00   R

 Major Minors     Step   nCon Feasible  Optimal  MeritFunction    nS Penalty
    90      1  1.0E+00     91 (2.2E-10) 4.9E-05  1.7174861E+00    99 4.3E+00 s
    91      1  1.0E+00     92 (5.0E-10) 4.8E-05  1.7174856E+00    99 4.3E+00
    92      1  1.0E+00     93 (2.3E-09) 5.9E-05  1.7174849E+00    99 4.3E+00
    93      1  1.0E+00     94 (9.2E-10) 4.4E-05  1.7174846E+00    99 4.3E+00
    94      1  1.0E+00     95 (4.2E-10) 2.9E-05  1.7174844E+00    99 4.3E+00
    95      1  1.0E+00     96 (1.0E-09) 3.4E-05  1.7174839E+00    99 4.3E+00
    96      1  1.0E+00     97 (1.3E-10) 3.2E-05  1.7174838E+00    99 4.3E+00
    97      1  1.0E+00     98 (1.4E-09) 3.7E-05  1.7174835E+00    99 4.3E+00
    98      1  1.0E+00     99 (2.6E-09) 5.2E-05  1.7174830E+00    99 4.3E+00
    99      1  1.0E+00    100 (1.1E-09) 2.8E-05  1.7174827E+00    99 4.3E+00

 Major Minors     Step   nCon Feasible  Optimal  MeritFunction    nS Penalty
   100      1  1.0E+00    101 (2.1E-09) 2.7E-05  1.7174823E+00    99 4.3E+00   R
   101      1  1.0E+00    102 (7.4E-11) 1.8E-05  1.7174821E+00    99 4.3E+00 s
   102      1  1.0E+00    103 (4.5E-10) 3.6E-05  1.7174820E+00    99 4.3E+00
   103      1  1.0E+00    104 (1.1E-10) 2.3E-05  1.7174818E+00    99 4.3E+00
   104      1  1.0E+00    105 (3.6E-10) 4.1E-05  1.7174818E+00    99 4.3E+00
   105      1  1.0E+00    106 (1.6E-10) 1.8E-05  1.7174817E+00    99 4.3E+00
   106      1  1.0E+00    107 (7.5E-10) 4.1E-05  1.7174817E+00    99 4.3E+00
   107      1  1.0E+00    108 (1.6E-10) 1.8E-05  1.7174816E+00    99 4.3E+00
   108      1  1.0E+00    109 (1.2E-10) 2.6E-05  1.7174816E+00    99 4.3E+00
   109      1  1.0E+00    110 (1.4E-11) 1.5E-05  1.7174815E+00    99 4.3E+00

 Major Minors     Step   nCon Feasible  Optimal  MeritFunction    nS Penalty
   110      1  1.0E+00    111 (3.8E-10) 2.6E-05  1.7174814E+00    99 4.3E+00
   111      1  1.0E+00    112 (6.4E-11) 1.3E-05  1.7174814E+00    99 4.3E+00   R
   112      1  4.3E-01    113 (2.7E-11) 7.1E-06  1.7174814E+00    99 4.3E+00 s
   113      1  1.0E+00    114 (1.6E-12) 4.6E-06  1.7174814E+00    99 4.3E+00
   114      1  1.0E+00    115 (1.0E-11) 5.5E-06  1.7174813E+00    99 4.3E+00
   115      1  1.0E+00    116 (3.4E-12) 3.9E-06  1.7174813E+00    99 4.3E+00
   116      1  1.0E+00    117 (3.3E-12) 2.6E-06  1.7174813E+00    99 4.3E+00
   117      1  1.0E+00    118 (3.4E-12) 2.8E-06  1.7174813E+00    99 4.3E+00
   118      1  1.0E+00    119 (9.7E-13) 3.4E-06  1.7174813E+00    99 4.3E+00
   119      1  1.0E+00    120 (1.1E-12) 2.9E-06  1.7174813E+00    99 4.3E+00

 Major Minors     Step   nCon Feasible  Optimal  MeritFunction    nS Penalty
   120      1  1.0E+00    121 (2.4E-12) 2.0E-06  1.7174813E+00    99 4.3E+00
   121      1  1.0E+00    122 (5.6E-13)(2.0E-06) 1.7174813E+00    99 4.3E+00
 
 SNOPTA EXIT   0 -- finished successfully
 SNOPTA INFO   1 -- optimality conditions satisfied

 Problem name
 No. of iterations                 315   Objective value      1.7174812977E+00
 No. of major iterations           121   Linear objective     0.0000000000E+00
 Penalty parameter           4.335E+00   Nonlinear objective  1.7174812977E+00
 No. of calls to funobj          31362   No. of calls to funcon          31362
 Calls with modes 1,2 (known g)    122   Calls with modes 1,2 (known g)    122
 Calls for forward differencing  31110   Calls for forward differencing  31110
 Calls for central differencing      0   Calls for central differencing      0
 No. of superbasics                 99   No. of basic nonlinears           156
 No. of degenerate steps            66   Percentage                      20.95
 Max x                      51 1.0E+01   Max pi                    156 3.2E+00
 Max Primal infeas           0 0.0E+00   Max Dual infeas           161 8.2E-06
 Nonlinear constraint violn    2.1E-11

 Solution not printed
