
 
 ===>  WARNING - variable      203 has no Jacobian entries.
 ===>  WARNING - variable      204 has no Jacobian entries.
 ===>  WARNING - variable      205 has no Jacobian entries.
 

 Nonlinear constraints       3     Linear constraints       0
 Nonlinear variables       202     Linear variables         3
 Jacobian  variables       202     Objective variables    202
 Total constraints           3     Total variables        205
 

 
 The user has defined       0   out of     808   first  derivatives
 

 Major Minors     Step   nCon Feasible  Optimal  MeritFunction    nS Penalty
     0     50               1 (0.0E+00) 2.1E+01  3.7510000E+02    50           r
     1      1  1.6E-01      2 (0.0E+00) 2.0E+01  5.5026923E+01    50         n rl
     2      2  2.5E-02      3 (0.0E+00) 2.3E+01  4.4216250E+01    50         s
     3      1  1.0E+00      4 (0.0E+00) 9.9E+00  2.5751495E+01    50
     4      1  1.0E+00      5 (0.0E+00) 8.8E+00  7.2752287E+00    50
     5      1  1.0E+00      6 (0.0E+00) 2.3E+00  5.2775979E+00    50
     6      1  1.0E+00      7 (0.0E+00) 9.6E-01  5.0985131E+00    50
     7      1  1.0E+00      8 (0.0E+00) 1.3E+00  4.9343244E+00    50
     8      1  1.0E+00      9 (0.0E+00) 2.1E+00  4.4112490E+00    50
     9      1  1.0E+00     10 (0.0E+00) 1.8E+00  3.9672642E+00    50

 Major Minors     Step   nCon Feasible  Optimal  MeritFunction    nS Penalty
    10      1  1.0E+00     11 (0.0E+00) 8.5E-01  3.7794555E+00    50
    11      1  1.0E+00     12 (0.0E+00) 8.5E-01  3.6222675E+00    50
    12      1  1.0E+00     13 (0.0E+00) 1.1E+00  3.3382517E+00    50           R
    13      1  1.0E+00     14 (0.0E+00) 2.6E+00  3.3088326E+00    50         s
    14      1  1.0E+00     15 (0.0E+00) 1.1E+00  3.2258045E+00    50
    15      1  1.0E+00     16 (0.0E+00) 4.9E-01  3.1574130E+00    50
    16      1  1.0E+00     17 (0.0E+00) 8.5E-01  3.0544322E+00    50
    17      1  1.0E+00     18 (0.0E+00) 7.3E-01  3.0089004E+00    50
    18      1  1.0E+00     19 (0.0E+00) 3.5E-01  2.9919657E+00    50
    19      1  1.0E+00     20 (0.0E+00) 4.4E-01  2.9789974E+00    50

 Major Minors     Step   nCon Feasible  Optimal  MeritFunction    nS Penalty
    20      1  1.0E+00     21 (0.0E+00) 8.3E-01  2.9459797E+00    50
    21      1  1.0E+00     22 (0.0E+00) 1.2E+00  2.8866336E+00    50
    22      1  1.0E+00     23 (0.0E+00) 1.5E+00  2.7974390E+00    50
    23      1  1.0E+00     24 (0.0E+00) 1.1E+00  2.7158217E+00    50           R
    24      1  1.0E+00     25 (0.0E+00) 9.8E-01  2.6872996E+00    50         s
    25      1  1.0E+00     26 (0.0E+00) 6.8E-01  2.6767665E+00    50
    26      1  1.0E+00     27 (0.0E+00) 5.2E-01  2.6416513E+00    50
    27      1  1.0E+00     28 (0.0E+00) 7.3E-01  2.6075025E+00    50
    28      1  1.0E+00     29 (0.0E+00) 4.9E-01  2.5840364E+00    50
    29      1  1.0E+00     30 (0.0E+00) 1.7E-01  2.5777789E+00    50

 Major Minors     Step   nCon Feasible  Optimal  MeritFunction    nS Penalty
    30      1  1.0E+00     31 (0.0E+00) 1.7E-01  2.5753701E+00    50
    31      1  1.0E+00     32 (0.0E+00) 3.4E-01  2.5708212E+00    50
    32      1  1.0E+00     33 (0.0E+00) 6.4E-01  2.5605715E+00    50
    33      1  1.0E+00     34 (0.0E+00) 9.4E-01  2.5398813E+00    50
    34      1  1.0E+00     35 (0.0E+00) 1.0E+00  2.5090060E+00    50           R
    35      1  1.0E+00     36 (0.0E+00) 4.2E-01  2.4863219E+00    50         s
    36      1  1.0E+00     37 (0.0E+00) 3.6E-01  2.4835062E+00    50
    37      1  1.0E+00     38 (0.0E+00) 2.2E-01  2.4605290E+00    50
    38      1  1.0E+00     39 (0.0E+00) 1.2E-01  2.4590290E+00    50
    39      1  1.0E+00     40 (0.0E+00) 1.2E-01  2.4577085E+00    50

 Major Minors     Step   nCon Feasible  Optimal  MeritFunction    nS Penalty
    40      1  1.0E+00     41 (0.0E+00) 2.2E-01  2.4551072E+00    50
    41      1  1.0E+00     42 (0.0E+00) 3.7E-01  2.4484193E+00    50
    42      1  1.0E+00     43 (0.0E+00) 5.2E-01  2.4350727E+00    50
    43      1  1.0E+00     44 (0.0E+00) 5.8E-01  2.4141486E+00    50
    44      1  1.0E+00     45 (0.0E+00) 4.2E-01  2.3939540E+00    50
    45      1  1.0E+00     46 (0.0E+00) 2.3E-01  2.3834168E+00    50           R
    46      1  1.0E+00     47 (0.0E+00) 2.9E-01  2.3806437E+00    50         s
    47      1  1.0E+00     48 (0.0E+00) 2.3E-01  2.3562323E+00    50
    48      1  1.0E+00     49 (0.0E+00) 5.6E-02  2.3530857E+00    50
    49      1  1.0E+00     50 (0.0E+00) 5.1E-02  2.3525484E+00    50

 Major Minors     Step   nCon Feasible  Optimal  MeritFunction    nS Penalty
    50      1  1.0E+00     51 (0.0E+00) 1.7E-01  2.3487742E+00    50
    51      1  1.0E+00     52 (0.0E+00) 2.5E-01  2.3446294E+00    50
    52      1  1.0E+00     53 (0.0E+00) 3.2E-01  2.3370547E+00    50
    53      1  1.0E+00     54 (0.0E+00) 3.2E-01  2.3269007E+00    50
    54      1  1.0E+00     55 (0.0E+00) 2.1E-01  2.3130401E+00    50
    55      1  1.0E+00     56 (0.0E+00) 1.7E-01  2.3005873E+00    50
    56      1  1.0E+00     57 (0.0E+00) 1.0E-01  2.2942896E+00    50           R
    57      1  4.7E-01     58 (0.0E+00) 1.2E-01  2.2938369E+00    50         s
    58      1  1.0E+00     59 (0.0E+00) 1.2E-01  2.2932605E+00    50
    59      1  1.0E+00     60 (0.0E+00) 8.9E-02  2.2902079E+00    50

 Major Minors     Step   nCon Feasible  Optimal  MeritFunction    nS Penalty
    60      1  1.0E+00     61 (0.0E+00) 8.7E-02  2.2899326E+00    50
    61      1  1.0E+00     62 (0.0E+00) 6.8E-02  2.2863699E+00    50
    62      1  1.0E+00     63 (0.0E+00) 6.2E-02  2.2851010E+00    50
    63      1  1.0E+00     64 (0.0E+00) 6.0E-02  2.2844668E+00    50
    64      1  1.0E+00     65 (0.0E+00) 5.8E-02  2.2841324E+00    50
    65      1  1.0E+00     66 (0.0E+00) 5.8E-02  2.2834711E+00    50
    66      1  1.0E+00     67 (0.0E+00) 5.4E-02  2.2825973E+00    50
    67      1  1.0E+00     68 (0.0E+00) 5.5E-02  2.2817592E+00    50           R
    68      1  1.0E+00     69 (0.0E+00) 8.1E-02  2.2815856E+00    50         s
    69      1  1.0E+00     70 (0.0E+00) 1.0E-01  2.2802293E+00    50

 Major Minors     Step   nCon Feasible  Optimal  MeritFunction    nS Penalty
    70      1  1.0E+00     71 (0.0E+00) 4.5E-02  2.2795865E+00    50
    71      1  1.0E+00     72 (0.0E+00) 6.1E-02  2.2789781E+00    50
    72      1  1.0E+00     73 (0.0E+00) 8.4E-02  2.2778399E+00    50
    73      1  1.0E+00     74 (0.0E+00) 6.6E-02  2.2769077E+00    50
    74      1  1.0E+00     75 (0.0E+00) 3.7E-02  2.2760965E+00    50
    75      1  1.0E+00     76 (0.0E+00) 6.7E-02  2.2753267E+00    50
    76      1  1.0E+00     77 (0.0E+00) 1.0E-01  2.2741364E+00    50
    77      1  1.0E+00     78 (0.0E+00) 1.2E-01  2.2720381E+00    50
    78      1  1.0E+00     79 (0.0E+00) 1.0E-01  2.2686159E+00    50           R
    79      1  3.4E-01     80 (0.0E+00) 1.8E-01  2.2679467E+00    50         s

 Major Minors     Step   nCon Feasible  Optimal  MeritFunction    nS Penalty
    80      1  1.0E+00     81 (0.0E+00) 1.4E-01  2.2669781E+00    50
    81      1  1.0E+00     82 (0.0E+00) 4.1E-02  2.2652951E+00    50
    82      1  1.0E+00     83 (0.0E+00) 4.4E-02  2.2652016E+00    50
    83      1  1.0E+00     84 (0.0E+00) 7.0E-02  2.2634214E+00    50
    84      1  1.0E+00     85 (0.0E+00) 4.4E-02  2.2630757E+00    50
    85      1  1.0E+00     86 (0.0E+00) 2.3E-02  2.2629266E+00    50
    86      1  1.0E+00     87 (0.0E+00) 4.3E-02  2.2628184E+00    50
    87      1  1.0E+00     88 (0.0E+00) 7.3E-02  2.2625438E+00    50
    88      1  1.0E+00     89 (0.0E+00) 8.7E-02  2.2622093E+00    50
    89      1  1.0E+00     90 (0.0E+00) 7.3E-02  2.2618847E+00    50           R

 Major Minors     Step   nCon Feasible  Optimal  MeritFunction    nS Penalty
    90      1  1.0E+00     91 (0.0E+00) 3.7E-02  2.2617769E+00    50         s
    91      1  1.0E+00     92 (0.0E+00) 3.4E-02  2.2610770E+00    50
    92      1  1.0E+00     93 (0.0E+00) 3.3E-02  2.2609388E+00    50
    93      1  1.0E+00     94 (0.0E+00) 2.4E-02  2.2604685E+00    50
    94      1  1.0E+00     95 (0.0E+00) 2.9E-02  2.2600297E+00    50
    95      1  1.0E+00     96 (0.0E+00) 3.1E-02  2.2595901E+00    50
    96      1  1.0E+00     97 (0.0E+00) 2.8E-02  2.2592547E+00    50
    97      1  1.0E+00     98 (0.0E+00) 2.3E-02  2.2588651E+00    50
    98      1  1.0E+00     99 (0.0E+00) 3.3E-02  2.2582988E+00    50
    99      1  1.0E+00    100 (0.0E+00) 4.3E-02  2.2573610E+00    50

 Major Minors     Step   nCon Feasible  Optimal  MeritFunction    nS Penalty
   100      1  1.0E+00    101 (0.0E+00) 5.4E-02  2.2558433E+00    50           R
   101      1  1.0E+00    102 (0.0E+00) 9.7E-02  2.2550410E+00    50         s
   102      1  2.6E-01    103 (0.0E+00) 9.1E-02  2.2539411E+00    50
   103      1  1.0E+00    104 (0.0E+00) 2.8E-02  2.2536113E+00    50
   104      1  1.0E+00    105 (0.0E+00) 3.9E-02  2.2533907E+00    50
   105      1  1.0E+00    106 (0.0E+00) 5.0E-02  2.2529186E+00    50
   106      1  1.0E+00    107 (0.0E+00) 4.0E-02  2.2525966E+00    50
   107      1  1.0E+00    108 (0.0E+00) 2.7E-02  2.2522984E+00    50
   108      1  1.0E+00    109 (0.0E+00) 2.7E-02  2.2520402E+00    50
   109      1  1.0E+00    110 (0.0E+00) 3.9E-02  2.2516357E+00    50

 Major Minors     Step   nCon Feasible  Optimal  MeritFunction    nS Penalty
   110      1  1.0E+00    111 (0.0E+00) 4.3E-02  2.2509741E+00    50
   111      1  1.0E+00    112 (0.0E+00) 3.9E-02  2.2500493E+00    50           R
   112      1  2.6E-01    113 (0.0E+00) 8.1E-02  2.2499040E+00    50         s
   113      1  1.0E+00    114 (0.0E+00) 7.2E-02  2.2497376E+00    50
   114      1  1.0E+00    115 (0.0E+00) 3.4E-02  2.2492745E+00    50
   115      1  1.0E+00    116 (0.0E+00) 3.4E-02  2.2492471E+00    50
   116      1  1.0E+00    117 (0.0E+00) 2.9E-02  2.2487445E+00    50
   117      1  1.0E+00    118 (0.0E+00) 2.3E-02  2.2486333E+00    50
   118      1  1.0E+00    119 (0.0E+00) 2.4E-02  2.2485724E+00    50
   119      1  1.0E+00    120 (0.0E+00) 3.1E-02  2.2485276E+00    50

 Major Minors     Step   nCon Feasible  Optimal  MeritFunction    nS Penalty
   120      1  1.0E+00    121 (0.0E+00) 3.4E-02  2.2484554E+00    50
   121      1  1.0E+00    122 (0.0E+00) 2.6E-02  2.2484060E+00    50
   122      1  1.0E+00    123 (0.0E+00) 1.4E-02  2.2483787E+00    50           R
   123      1  1.0E+00    124 (0.0E+00) 1.3E-02  2.2483660E+00    50         s
   124      1  5.8E-02    125 (0.0E+00) 5.3E-02  2.2483237E+00    50
   125      1  1.0E+00    126 (0.0E+00) 2.8E-02  2.2479857E+00    50
   126      1  1.0E+00    127 (0.0E+00) 1.9E-02  2.2478383E+00    50
   127      1  1.0E+00    128 (0.0E+00) 1.8E-02  2.2474944E+00    50
   128      1  1.0E+00    129 (0.0E+00) 3.0E-02  2.2471793E+00    50
   129      1  1.0E+00    130 (0.0E+00) 2.8E-02  2.2467235E+00    50

 Major Minors     Step   nCon Feasible  Optimal  MeritFunction    nS Penalty
   130      1  1.0E+00    131 (0.0E+00) 1.4E-02  2.2465795E+00    50
   131      1  1.0E+00    132 (0.0E+00) 1.4E-02  2.2464810E+00    50
   132      1  1.0E+00    133 (0.0E+00) 2.5E-02  2.2463545E+00    50
   133      1  1.0E+00    134 (0.0E+00) 3.3E-02  2.2461340E+00    50           R
   134      1  2.8E-01    135 (0.0E+00) 2.4E-02  2.2461086E+00    50         s
   135      1  1.0E+00    136 (0.0E+00) 1.3E-02  2.2460170E+00    50
   136      1  1.0E+00    137 (0.0E+00) 9.8E-03  2.2459717E+00    50
   137      1  1.0E+00    138 (0.0E+00) 1.1E-02  2.2459152E+00    50
   138      1  1.0E+00    139 (0.0E+00) 1.2E-02  2.2458519E+00    50
   139      1  1.0E+00    140 (0.0E+00) 9.4E-03  2.2458190E+00    50

 Major Minors     Step   nCon Feasible  Optimal  MeritFunction    nS Penalty
   140      1  1.0E+00    141 (0.0E+00) 1.0E-02  2.2458024E+00    50
   141      1  1.0E+00    142 (0.0E+00) 1.1E-02  2.2457847E+00    50
   142      1  1.0E+00    143 (0.0E+00) 1.0E-02  2.2457554E+00    50
   143      1  1.0E+00    144 (0.0E+00) 8.6E-03  2.2457222E+00    50
   144      1  1.0E+00    145 (0.0E+00) 6.7E-03  2.2456987E+00    50           R
   145      1  1.0E+00    146 (0.0E+00) 2.1E-02  2.2456948E+00    50         s
   146      1  1.0E+00    147 (0.0E+00) 1.3E-02  2.2456811E+00    50
   147      1  1.0E+00    148 (0.0E+00) 1.1E-02  2.2456661E+00    50
   148      1  1.0E+00    149 (0.0E+00) 1.2E-02  2.2456629E+00    50
   149      1  1.0E+00    150 (0.0E+00) 9.5E-03  2.2456533E+00    50

 Major Minors     Step   nCon Feasible  Optimal  MeritFunction    nS Penalty
   150      1  1.0E+00    151 (0.0E+00) 7.2E-03  2.2456493E+00    50
   151      1  1.0E+00    152 (0.0E+00) 8.1E-03  2.2456422E+00    50
   152      1  1.0E+00    153 (0.0E+00) 1.3E-02  2.2456299E+00    50
   153      1  1.0E+00    154 (0.0E+00) 2.0E-02  2.2456044E+00    50
   154      1  1.0E+00    155 (0.0E+00) 2.4E-02  2.2455685E+00    50
   155      1  1.0E+00    156 (0.0E+00) 2.0E-02  2.2455342E+00    50           R
   156      1  1.0E+00    157 (0.0E+00) 9.3E-03  2.2455233E+00    50         s
   157      1  1.0E+00    158 (0.0E+00) 9.9E-03  2.2454815E+00    50
   158      1  1.0E+00    159 (0.0E+00) 9.8E-03  2.2454512E+00    50
   159      1  1.0E+00    160 (0.0E+00) 1.1E-02  2.2454276E+00    50

 Major Minors     Step   nCon Feasible  Optimal  MeritFunction    nS Penalty
   160      1  1.0E+00    161 (0.0E+00) 7.7E-03  2.2454166E+00    50
   161      1  1.0E+00    162 (0.0E+00) 6.7E-03  2.2454103E+00    50
   162      1  1.0E+00    163 (0.0E+00) 9.9E-03  2.2454018E+00    50
   163      1  1.0E+00    164 (0.0E+00) 1.2E-02  2.2453894E+00    50
   164      1  1.0E+00    165 (0.0E+00) 1.2E-02  2.2453731E+00    50
   165      1  1.0E+00    166 (0.0E+00) 8.3E-03  2.2453522E+00    50
   166      1  1.0E+00    167 (0.0E+00) 8.6E-03  2.2453208E+00    50           R
   167      1  1.0E+00    168 (0.0E+00) 1.5E-02  2.2453047E+00    50         s
   168      1  2.9E-01    169 (0.0E+00) 1.4E-02  2.2452721E+00    50
   169      1  1.0E+00    170 (0.0E+00) 7.3E-03  2.2452598E+00    50

 Major Minors     Step   nCon Feasible  Optimal  MeritFunction    nS Penalty
   170      1  1.0E+00    171 (0.0E+00) 5.7E-03  2.2452510E+00    50
   171      1  1.0E+00    172 (0.0E+00) 8.2E-03  2.2452340E+00    50
   172      1  1.0E+00    173 (0.0E+00) 8.9E-03  2.2452188E+00    50
   173      1  1.0E+00    174 (0.0E+00) 7.9E-03  2.2452058E+00    50
   174      1  1.0E+00    175 (0.0E+00) 6.1E-03  2.2451920E+00    50
   175      1  1.0E+00    176 (0.0E+00) 7.1E-03  2.2451658E+00    50
   176      1  1.0E+00    177 (0.0E+00) 1.1E-02  2.2451128E+00    50
   177      1  1.0E+00    178 (0.0E+00) 1.4E-02  2.2450174E+00    50           R
   178      1  2.0E-01    179 (0.0E+00) 2.8E-02  2.2449991E+00    50         s
   179      1  1.0E+00    180 (0.0E+00) 2.3E-02  2.2449815E+00    50

 Major Minors     Step   nCon Feasible  Optimal  MeritFunction    nS Penalty
   180      1  1.0E+00    181 (0.0E+00) 5.3E-03  2.2449332E+00    50
   181      1  1.0E+00    182 (0.0E+00) 6.1E-03  2.2449291E+00    50
   182      1  1.0E+00    183 (0.0E+00) 6.5E-03  2.2449029E+00    50
   183      1  1.0E+00    184 (0.0E+00) 4.1E-03  2.2448992E+00    50
   184      1  1.0E+00    185 (0.0E+00) 5.7E-03  2.2448951E+00    50
   185      1  1.0E+00    186 (0.0E+00) 8.2E-03  2.2448894E+00    50
   186      1  1.0E+00    187 (0.0E+00) 9.4E-03  2.2448802E+00    50
   187      1  1.0E+00    188 (0.0E+00) 7.1E-03  2.2448729E+00    50
   188      1  1.0E+00    189 (0.0E+00) 4.2E-03  2.2448693E+00    50           R
   189      1  1.0E+00    190 (0.0E+00) 4.6E-03  2.2448683E+00    50         s

 Major Minors     Step   nCon Feasible  Optimal  MeritFunction    nS Penalty
   190      1  1.8E-01    191 (0.0E+00) 1.0E-02  2.2448666E+00    50
   191      1  1.0E+00    192 (0.0E+00) 7.7E-03  2.2448610E+00    50
   192      1  1.0E+00    193 (0.0E+00) 5.5E-03  2.2448577E+00    50
   193      1  1.0E+00    194 (0.0E+00) 6.1E-03  2.2448462E+00    50
   194      1  1.0E+00    195 (0.0E+00) 7.8E-03  2.2448379E+00    50
   195      1  1.0E+00    196 (0.0E+00) 1.0E-02  2.2448110E+00    50
   196      1  1.0E+00    197 (0.0E+00) 1.1E-02  2.2447698E+00    50
   197      1  1.0E+00    198 (0.0E+00) 9.4E-03  2.2447074E+00    50
   198      1  1.0E+00    199 (0.0E+00) 5.9E-03  2.2446476E+00    50
   199      1  1.0E+00    200 (0.0E+00) 6.6E-03  2.2446016E+00    50           R

 Major Minors     Step   nCon Feasible  Optimal  MeritFunction    nS Penalty
   200      1  1.0E+00    201 (0.0E+00) 1.9E-02  2.2445925E+00    50         s
   201      1  1.0E+00    202 (0.0E+00) 1.3E-02  2.2445582E+00    50
   202      1  1.0E+00    203 (0.0E+00) 2.9E-03  2.2445381E+00    50
   203      1  1.0E+00    204 (0.0E+00) 2.4E-03  2.2445329E+00    50
   204      1  1.0E+00    205 (0.0E+00) 3.4E-03  2.2445264E+00    50
   205      1  1.0E+00    206 (0.0E+00) 2.8E-03  2.2445240E+00    50
   206      1  1.0E+00    207 (0.0E+00) 1.9E-03  2.2445222E+00    50
   207      1  1.0E+00    208 (0.0E+00) 1.9E-03  2.2445202E+00    50
   208      1  1.0E+00    209 (0.0E+00) 1.9E-03  2.2445178E+00    50
   209      1  1.0E+00    210 (0.0E+00) 1.4E-03  2.2445160E+00    50

 Major Minors     Step   nCon Feasible  Optimal  MeritFunction    nS Penalty
   210      1  1.0E+00    211 (0.0E+00) 1.9E-03  2.2445150E+00    50           R
   211      1  1.0E+00    212 (0.0E+00) 2.0E-03  2.2445146E+00    50         s
   212      1  7.0E-02    213 (0.0E+00) 3.0E-03  2.2445144E+00    50
   213      1  3.3E-01    214 (0.0E+00) 1.3E-03  2.2445129E+00    50
   214      1  3.6E-01    215 (0.0E+00) 1.9E-03  2.2445121E+00    50
   215      1  1.0E+00    216 (0.0E+00) 1.6E-03  2.2445111E+00    50
   216      1  1.0E+00    217 (0.0E+00) 2.1E-03  2.2445110E+00    50
   217      1  1.0E+00    218 (0.0E+00) 2.0E-03  2.2445083E+00    50
   218      1  1.0E+00    219 (0.0E+00) 2.4E-03  2.2445060E+00    50
   219      1  1.0E+00    220 (0.0E+00) 1.7E-03  2.2445032E+00    50

 Major Minors     Step   nCon Feasible  Optimal  MeritFunction    nS Penalty
   220      1  1.0E+00    221 (0.0E+00) 1.8E-03  2.2444978E+00    50
   221      1  1.0E+00    222 (0.0E+00) 2.6E-03  2.2444947E+00    50           R
   222      1  1.0E+00    223 (0.0E+00) 6.2E-03  2.2444939E+00    50         s
   223      1  1.2E-01    224 (0.0E+00) 2.9E-03  2.2444935E+00    50
   224      1  1.0E+00    225 (0.0E+00) 2.6E-03  2.2444927E+00    50
   225      1  1.0E+00    226 (0.0E+00) 3.2E-03  2.2444919E+00    50
   226      1  1.0E+00    227 (0.0E+00) 3.0E-03  2.2444894E+00    50
   227      1  1.0E+00    228 (0.0E+00) 2.0E-03  2.2444885E+00    50
   228      1  1.0E+00    229 (0.0E+00) 1.5E-03  2.2444876E+00    50
   229      1  1.0E+00    230 (0.0E+00) 2.1E-03  2.2444870E+00    50

 Major Minors     Step   nCon Feasible  Optimal  MeritFunction    nS Penalty
   230      1  1.0E+00    231 (0.0E+00) 1.7E-03  2.2444864E+00    50
   231      1  1.0E+00    232 (0.0E+00) 9.3E-04  2.2444859E+00    50
   232      1  1.0E+00    233 (0.0E+00) 8.7E-04  2.2444855E+00    50           R
   233      1  1.0E+00    234 (0.0E+00) 2.3E-03  2.2444854E+00    50         s
   234      1  1.0E+00    235 (0.0E+00) 6.5E-04  2.2444852E+00    50
   235      1  1.0E+00    236 (0.0E+00) 6.8E-04  2.2444851E+00    50
   236      1  1.0E+00    237 (0.0E+00) 7.3E-04  2.2444851E+00    50
   237      1  1.0E+00    238 (0.0E+00) 8.0E-04  2.2444850E+00    50
   238      1  1.0E+00    239 (0.0E+00) 8.1E-04  2.2444848E+00    50
   239      1  1.0E+00    240 (0.0E+00) 7.3E-04  2.2444846E+00    50

 Major Minors     Step   nCon Feasible  Optimal  MeritFunction    nS Penalty
   240      1  1.0E+00    241 (0.0E+00) 5.6E-04  2.2444843E+00    50
   241      1  1.0E+00    242 (0.0E+00) 6.0E-04  2.2444841E+00    50
   242      1  1.0E+00    243 (0.0E+00) 7.9E-04  2.2444839E+00    50
   243      1  1.0E+00    244 (0.0E+00) 8.7E-04  2.2444836E+00    50           R
   244      1  1.0E+00    245 (0.0E+00) 2.1E-03  2.2444836E+00    50         s
   245      1  1.0E+00    246 (0.0E+00) 3.0E-03  2.2444835E+00    50
   246      1  1.0E+00    247 (0.0E+00) 7.7E-04  2.2444833E+00    50
   247      1  1.0E+00    248 (0.0E+00) 5.7E-04  2.2444832E+00    50
   248      1  1.0E+00    249 (0.0E+00) 1.1E-03  2.2444831E+00    50
   249      1  1.0E+00    250 (0.0E+00) 1.0E-03  2.2444830E+00    50

 Major Minors     Step   nCon Feasible  Optimal  MeritFunction    nS Penalty
   250      1  1.0E+00    251 (0.0E+00) 5.6E-04  2.2444828E+00    50
   251      1  1.0E+00    252 (0.0E+00) 7.3E-04  2.2444827E+00    50
   252      1  1.0E+00    253 (0.0E+00) 9.0E-04  2.2444826E+00    50
   253      1  1.0E+00    254 (0.0E+00) 7.9E-04  2.2444825E+00    50
   254      1  1.0E+00    255 (0.0E+00) 5.1E-04  2.2444824E+00    50           R
   255      1  1.0E+00    256 (0.0E+00) 5.9E-04  2.2444823E+00    50         s
   256      1  1.7E-01    257 (0.0E+00) 1.6E-03  2.2444823E+00    50
   257      1  1.7E-01    258 (0.0E+00) 8.0E-04  2.2444821E+00    50
   258      1  1.0E+00    259 (0.0E+00) 1.2E-03  2.2444821E+00    50
   259      1  1.0E+00    260 (0.0E+00) 7.0E-04  2.2444819E+00    50

 Major Minors     Step   nCon Feasible  Optimal  MeritFunction    nS Penalty
   260      1  1.0E+00    261 (0.0E+00) 8.2E-04  2.2444819E+00    50
   261      1  1.0E+00    262 (0.0E+00) 9.2E-04  2.2444817E+00    50
   262      1  1.0E+00    263 (0.0E+00) 6.9E-04  2.2444815E+00    50
   263      1  1.0E+00    264 (0.0E+00) 5.4E-04  2.2444812E+00    50
   264      1  1.0E+00    265 (0.0E+00) 9.5E-04  2.2444806E+00    50
   265      1  1.0E+00    266 (0.0E+00) 6.8E-04  2.2444799E+00    50           R
   266      1  1.0E+00    267 (0.0E+00) 6.0E-04  2.2444797E+00    50         s
   267      1  2.4E-01    268 (0.0E+00) 1.8E-03  2.2444796E+00    50
   268      1  1.0E+00    269 (0.0E+00) 7.9E-04  2.2444792E+00    50
   269      1  1.0E+00    270 (0.0E+00) 6.8E-04  2.2444789E+00    50

 Major Minors     Step   nCon Feasible  Optimal  MeritFunction    nS Penalty
   270      1  1.0E+00    271 (0.0E+00) 6.0E-04  2.2444788E+00    50
   271      1  1.0E+00    272 (0.0E+00) 4.2E-04  2.2444787E+00    50
   272      1  1.0E+00    273 (0.0E+00) 4.1E-04  2.2444786E+00    50
   273      1  1.0E+00    274 (0.0E+00) 5.0E-04  2.2444786E+00    50
   274      1  1.0E+00    275 (0.0E+00) 5.3E-04  2.2444785E+00    50
   275      1  1.0E+00    276 (0.0E+00) 4.9E-04  2.2444784E+00    50
   276      1  1.0E+00    277 (0.0E+00) 3.9E-04  2.2444783E+00    50           R
   277      1  1.0E+00    278 (0.0E+00) 6.1E-04  2.2444783E+00    50         s
   278      1  7.4E-02    279 (0.0E+00) 1.1E-03  2.2444783E+00    50
   279      1  4.4E-01    280 (0.0E+00) 4.0E-04  2.2444782E+00    50

 Major Minors     Step   nCon Feasible  Optimal  MeritFunction    nS Penalty
   280      1  1.0E+00    281 (0.0E+00) 3.3E-04  2.2444781E+00    50
   281      1  1.0E+00    282 (0.0E+00) 5.1E-04  2.2444781E+00    50
   282      1  1.0E+00    283 (0.0E+00) 5.0E-04  2.2444780E+00    50
   283      1  1.0E+00    284 (0.0E+00) 3.1E-04  2.2444778E+00    50
   284      1  1.0E+00    285 (0.0E+00) 5.2E-04  2.2444777E+00    50
   285      1  1.0E+00    286 (0.0E+00) 5.7E-04  2.2444776E+00    50
   286      1  1.0E+00    287 (0.0E+00) 5.0E-04  2.2444771E+00    50
   287      1  1.0E+00    288 (0.0E+00) 5.1E-04  2.2444764E+00    50           R
   288      1  1.0E+00    289 (0.0E+00) 9.6E-04  2.2444762E+00    50         s
   289      1  1.2E-01    290 (0.0E+00) 7.8E-04  2.2444762E+00    50

 Major Minors     Step   nCon Feasible  Optimal  MeritFunction    nS Penalty
   290      1  1.0E+00    291 (0.0E+00) 3.6E-04  2.2444760E+00    50
   291      1  1.0E+00    292 (0.0E+00) 5.1E-04  2.2444759E+00    50
   292      1  1.0E+00    293 (0.0E+00) 4.6E-04  2.2444757E+00    50
   293      1  1.0E+00    294 (0.0E+00) 3.2E-04  2.2444757E+00    50
   294      1  1.0E+00    295 (0.0E+00) 2.2E-04  2.2444756E+00    50
   295      1  1.0E+00    296 (0.0E+00) 2.6E-04  2.2444756E+00    50
   296      1  1.0E+00    297 (0.0E+00) 2.2E-04  2.2444756E+00    50
   297      1  1.0E+00    298 (0.0E+00) 1.9E-04  2.2444756E+00    50
   298      1  1.0E+00    299 (0.0E+00) 1.9E-04  2.2444755E+00    50           R
   299      1  1.0E+00    300 (0.0E+00) 4.8E-04  2.2444755E+00    50         s

 Major Minors     Step   nCon Feasible  Optimal  MeritFunction    nS Penalty
   300      1  1.0E+00    301 (0.0E+00) 5.4E-04  2.2444755E+00    50
   301      1  1.0E+00    302 (0.0E+00) 2.2E-04  2.2444755E+00    50
   302      1  1.0E+00    303 (0.0E+00) 2.1E-04  2.2444755E+00    50
   303      1  1.0E+00    304 (0.0E+00) 3.4E-04  2.2444755E+00    50
   304      1  1.0E+00    305 (0.0E+00) 3.1E-04  2.2444755E+00    50
   305      1  1.0E+00    306 (0.0E+00) 2.6E-04  2.2444755E+00    50
   306      1  1.0E+00    307 (0.0E+00) 2.0E-04  2.2444755E+00    50
   307      1  1.0E+00    308 (0.0E+00) 2.9E-04  2.2444754E+00    50
   308      1  1.0E+00    309 (0.0E+00) 3.0E-04  2.2444754E+00    50
   309      1  1.0E+00    310 (0.0E+00) 2.7E-04  2.2444754E+00    50           R

 Major Minors     Step   nCon Feasible  Optimal  MeritFunction    nS Penalty
   310      1  1.0E+00    311 (0.0E+00) 7.1E-04  2.2444754E+00    50         s
   311      1  1.0E+00    312 (0.0E+00) 4.8E-04  2.2444753E+00    50
   312      1  1.0E+00    313 (0.0E+00) 2.2E-04  2.2444753E+00    50
   313      1  1.0E+00    314 (0.0E+00) 2.2E-04  2.2444753E+00    50
   314      1  1.0E+00    315 (0.0E+00) 2.2E-04  2.2444753E+00    50
   315      1  1.0E+00    316 (0.0E+00) 1.8E-04  2.2444753E+00    50
   316      1  1.0E+00    317 (0.0E+00) 1.6E-04  2.2444752E+00    50
   317      1  1.0E+00    318 (0.0E+00) 1.7E-04  2.2444752E+00    50
   318      1  1.0E+00    319 (0.0E+00) 1.4E-04  2.2444752E+00    50
   319      1  1.0E+00    320 (0.0E+00) 1.5E-04  2.2444752E+00    50

 Major Minors     Step   nCon Feasible  Optimal  MeritFunction    nS Penalty
   320      1  1.0E+00    321 (0.0E+00) 2.0E-04  2.2444752E+00    50           R
   321      1  1.0E+00    322 (0.0E+00) 1.9E-04  2.2444752E+00    50         s
   322      1  2.1E-01    323 (0.0E+00) 2.7E-04  2.2444752E+00    50
   323      1  1.0E+00    324 (0.0E+00) 1.5E-04  2.2444752E+00    50
   324      1  1.0E+00    325 (0.0E+00) 2.2E-04  2.2444752E+00    50
   325      1  1.0E+00    326 (0.0E+00) 3.3E-04  2.2444752E+00    50
   326      1  1.0E+00    327 (0.0E+00) 3.0E-04  2.2444752E+00    50
   327      1  1.0E+00    328 (0.0E+00) 3.2E-04  2.2444752E+00    50
   328      1  1.0E+00    329 (0.0E+00) 1.8E-04  2.2444751E+00    50
   329      1  1.0E+00    330 (0.0E+00) 2.2E-04  2.2444751E+00    50

 Major Minors     Step   nCon Feasible  Optimal  MeritFunction    nS Penalty
   330      1  1.0E+00    331 (0.0E+00) 3.2E-04  2.2444751E+00    50
   331      1  1.0E+00    332 (0.0E+00) 3.6E-04  2.2444750E+00    50           R
   332      1  2.1E-01    333 (0.0E+00) 3.9E-04  2.2444750E+00    50         s
   333      1  1.0E+00    334 (0.0E+00) 3.1E-04  2.2444750E+00    50
   334      1  1.0E+00    335 (0.0E+00) 1.8E-04  2.2444749E+00    50
   335      1  1.0E+00    336 (0.0E+00) 1.8E-04  2.2444749E+00    50
   336      1  1.0E+00    337 (0.0E+00) 1.3E-04  2.2444749E+00    50
   337      1  1.0E+00    338 (0.0E+00) 1.7E-04  2.2444749E+00    50
   338      1  1.0E+00    339 (0.0E+00) 2.1E-04  2.2444749E+00    50
   339      1  1.0E+00    340 (0.0E+00) 2.1E-04  2.2444749E+00    50

 Major Minors     Step   nCon Feasible  Optimal  MeritFunction    nS Penalty
   340      1  1.0E+00    341 (0.0E+00) 1.7E-04  2.2444749E+00    50
   341      1  1.0E+00    342 (0.0E+00) 1.2E-04  2.2444749E+00    50
   342      1  1.0E+00    343 (0.0E+00) 1.3E-04  2.2444749E+00    50           R
   343      1  1.0E+00    344 (0.0E+00) 1.1E-04  2.2444749E+00    50         s
   344      1  1.0E+00    345 (0.0E+00) 2.3E-04  2.2444749E+00    50
   345      1  1.7E-01    346 (0.0E+00) 1.5E-04  2.2444749E+00    50
   346      1  1.0E+00    347 (0.0E+00) 1.3E-04  2.2444749E+00    50
   347      1  1.0E+00    348 (0.0E+00) 1.5E-04  2.2444749E+00    50
   348      1  1.0E+00    349 (0.0E+00) 1.6E-04  2.2444749E+00    50
   349      1  1.0E+00    350 (0.0E+00) 1.7E-04  2.2444749E+00    50

 Major Minors     Step   nCon Feasible  Optimal  MeritFunction    nS Penalty
   350      1  1.0E+00    351 (0.0E+00) 1.5E-04  2.2444749E+00    50
   351      1  1.0E+00    352 (0.0E+00) 1.3E-04  2.2444749E+00    50
   352      1  1.0E+00    353 (0.0E+00) 1.1E-04  2.2444749E+00    50
   353      1  1.0E+00    354 (0.0E+00) 9.5E-05  2.2444749E+00    50           R
   354      1  1.0E+00    355 (0.0E+00) 1.5E-04  2.2444749E+00    50         s
   355      1  5.6E-02    356 (0.0E+00) 2.9E-04  2.2444748E+00    50
   356      1  4.5E-01    357 (0.0E+00) 1.7E-04  2.2444748E+00    50
   357      1  4.6E-01    358 (0.0E+00) 2.4E-04  2.2444748E+00    50
   358      1  4.0E-01    359 (0.0E+00) 2.2E-04  2.2444748E+00    50
   359      1  1.0E+00    360 (0.0E+00) 1.5E-04  2.2444748E+00    50

 Major Minors     Step   nCon Feasible  Optimal  MeritFunction    nS Penalty
   360      1  1.0E+00    361 (0.0E+00) 1.4E-04  2.2444748E+00    50
   361      1  3.8E-01    362 (0.0E+00) 1.5E-04  2.2444748E+00    50
   362      1  1.0E+00    363 (0.0E+00) 9.6E-05  2.2444748E+00    50
   363      1  1.0E+00    364 (0.0E+00) 1.7E-04  2.2444748E+00    50
   364      1  1.0E+00    365 (0.0E+00) 4.5E-04  2.2444747E+00    50           R
   365      1  3.0E-01    366 (0.0E+00) 5.6E-04  2.2444747E+00    50         s
   366      1  3.7E-01    367 (0.0E+00) 6.3E-05  2.2444747E+00    50
   367      1  1.0E+00    368 (0.0E+00) 7.3E-05  2.2444747E+00    50
   368      1  1.0E+00    369 (0.0E+00) 6.9E-05  2.2444747E+00    50
   369      1  1.0E+00    370 (0.0E+00) 5.8E-05  2.2444747E+00    50

 Major Minors     Step   nCon Feasible  Optimal  MeritFunction    nS Penalty
   370      1  1.0E+00    371 (0.0E+00) 7.2E-05  2.2444747E+00    50
   371      1  1.0E+00    372 (0.0E+00) 6.7E-05  2.2444747E+00    50
   372      1  1.0E+00    373 (0.0E+00) 4.8E-05  2.2444747E+00    50
   373      1  1.0E+00    374 (0.0E+00) 6.3E-05  2.2444747E+00    50
   374      1  1.0E+00    375 (0.0E+00) 8.1E-05  2.2444747E+00    50
   375      1  1.0E+00    376 (0.0E+00) 8.6E-05  2.2444747E+00    50           R
   376      1  1.0E+00    377 (0.0E+00) 6.9E-05  2.2444747E+00    50         s
   377      1  1.0E+00    378 (0.0E+00) 1.4E-04  2.2444747E+00    50
   378      1  1.3E-01    379 (0.0E+00) 4.2E-05  2.2444747E+00    50
   379      1  1.0E+00    380 (0.0E+00) 7.6E-05  2.2444747E+00    50

 Major Minors     Step   nCon Feasible  Optimal  MeritFunction    nS Penalty
   380      1  1.0E+00    381 (0.0E+00) 6.2E-05  2.2444747E+00    50
   381      1  1.0E+00    382 (0.0E+00) 3.9E-05  2.2444747E+00    50
   382      1  1.0E+00    383 (0.0E+00) 6.5E-05  2.2444747E+00    50
   383      1  1.0E+00    384 (0.0E+00) 5.0E-05  2.2444747E+00    50
   384      1  1.0E+00    385 (0.0E+00) 5.5E-05  2.2444747E+00    50
   385      1  1.0E+00    386 (0.0E+00) 4.6E-05  2.2444747E+00    50
   386      1  1.0E+00    387 (0.0E+00) 6.5E-05  2.2444746E+00    50           R
   387      1  1.0E+00    388 (0.0E+00) 1.1E-04  2.2444746E+00    50         s
   388      1  2.9E-01    389 (0.0E+00) 7.8E-05  2.2444746E+00    50
   389      1  1.0E+00    390 (0.0E+00) 7.2E-05  2.2444746E+00    50

 Major Minors     Step   nCon Feasible  Optimal  MeritFunction    nS Penalty
   390      1  1.0E+00    391 (0.0E+00) 4.0E-05  2.2444746E+00    50
   391      1  1.0E+00    392 (0.0E+00) 4.5E-05  2.2444746E+00    50
   392      1  1.0E+00    393 (0.0E+00) 5.6E-05  2.2444746E+00    50
   393      1  1.0E+00    394 (0.0E+00) 5.7E-05  2.2444746E+00    50
   394      1  1.0E+00    395 (0.0E+00) 4.6E-05  2.2444746E+00    50
   395      1  1.0E+00    396 (0.0E+00) 3.9E-05  2.2444746E+00    50
   396      1  1.0E+00    397 (0.0E+00) 5.7E-05  2.2444746E+00    50
   397      1  1.0E+00    398 (0.0E+00) 7.0E-05  2.2444746E+00    50           R
   397      2  1.0E+00    398 (0.0E+00) 9.7E-05  2.2444746E+00    50           R   c
   398      1  1.0E+00    399 (0.0E+00) 1.2E-04  2.2444746E+00    50         s
   399      1  1.0E+00    400 (0.0E+00) 6.8E-05  2.2444746E+00    50

 Major Minors     Step   nCon Feasible  Optimal  MeritFunction    nS Penalty
   400      1  1.0E+00    401 (0.0E+00) 5.8E-05  2.2444746E+00    50
   401      1  1.0E+00    402 (0.0E+00) 3.3E-05  2.2444746E+00    50
   402      1  1.0E+00    403 (0.0E+00) 3.6E-05  2.2444746E+00    50
   403      1  1.0E+00    404 (0.0E+00) 4.4E-05  2.2444746E+00    50
   404      1  1.0E+00    405 (0.0E+00) 4.4E-05  2.2444746E+00    50
   405      1  1.0E+00    406 (0.0E+00) 3.9E-05  2.2444746E+00    50
   406      1  1.0E+00    407 (0.0E+00) 3.5E-05  2.2444746E+00    50
   407      1  1.0E+00    408 (0.0E+00) 4.0E-05  2.2444746E+00    50
   408      1  1.0E+00    409 (0.0E+00) 4.0E-05  2.2444746E+00    50           R
   409      1  1.0E+00    410 (0.0E+00) 5.3E-05  2.2444746E+00    50         s

 Major Minors     Step   nCon Feasible  Optimal  MeritFunction    nS Penalty
   410      1  1.3E-01    411 (0.0E+00) 9.3E-05  2.2444746E+00    50
   411      1  1.0E+00    412 (0.0E+00) 4.2E-05  2.2444746E+00    50
   412      1  1.0E+00    413 (0.0E+00) 7.6E-05  2.2444746E+00    50
   413      1  1.0E+00    414 (0.0E+00) 4.2E-05  2.2444746E+00    50
   414      1  1.0E+00    415 (0.0E+00) 5.1E-05  2.2444746E+00    50
   415      1  1.0E+00    416 (0.0E+00) 4.6E-05  2.2444746E+00    50
   416      1  1.0E+00    417 (0.0E+00) 3.5E-05  2.2444746E+00    50
   417      1  1.0E+00    418 (0.0E+00) 3.8E-05  2.2444746E+00    50
   418      1  1.0E+00    419 (0.0E+00) 5.7E-05  2.2444746E+00    50
   419      1  1.0E+00    420 (0.0E+00) 8.2E-05  2.2444746E+00    50           R

 Major Minors     Step   nCon Feasible  Optimal  MeritFunction    nS Penalty
   420      1  2.2E-01    421 (0.0E+00) 1.6E-04  2.2444746E+00    50         s
   421      1  1.0E+00    422 (0.0E+00) 1.2E-04  2.2444746E+00    50
   422      1  1.0E+00    423 (0.0E+00) 5.0E-05  2.2444746E+00    50
   423      1  1.0E+00    424 (0.0E+00) 4.1E-05  2.2444746E+00    50
   424      1  1.0E+00    425 (0.0E+00) 4.7E-05  2.2444746E+00    50
   425      1  1.0E+00    426 (0.0E+00) 4.8E-05  2.2444746E+00    50
   426      1  1.0E+00    427 (0.0E+00) 3.9E-05  2.2444746E+00    50
   427      1  1.0E+00    428 (0.0E+00) 3.1E-05  2.2444746E+00    50
   428      1  1.0E+00    429 (0.0E+00) 2.9E-05  2.2444746E+00    50
   429      1  1.0E+00    430 (0.0E+00) 2.6E-05  2.2444746E+00    50

 Major Minors     Step   nCon Feasible  Optimal  MeritFunction    nS Penalty
   430      1  1.0E+00    431 (0.0E+00) 2.7E-05  2.2444746E+00    50           R

 Major Minors     Step   nCon Feasible  Optimal  MeritFunction    nS Penalty
   430      2  1.0E+00    431 (0.0E+00) 4.2E-05  2.2444746E+00    50           R   c
   431      1  1.0E+00    432 (0.0E+00) 4.4E-05  2.2444746E+00    50         s
   432      1  2.2E-01    433 (0.0E+00) 7.7E-05  2.2444746E+00    50
   433      1  1.0E+00    434 (0.0E+00) 6.5E-05  2.2444746E+00    50
   434      1  1.0E+00    435 (0.0E+00) 3.2E-05  2.2444746E+00    50
   435      1  1.0E+00    436 (0.0E+00) 3.4E-05  2.2444746E+00    50
   436      1  1.0E+00    437 (0.0E+00) 3.3E-05  2.2444746E+00    50
   437      1  1.0E+00    438 (0.0E+00) 2.9E-05  2.2444746E+00    50
   438      1  1.0E+00    439 (0.0E+00) 4.1E-05  2.2444746E+00    50
   439      1  1.0E+00    440 (0.0E+00) 3.7E-05  2.2444746E+00    50

 Major Minors     Step   nCon Feasible  Optimal  MeritFunction    nS Penalty
   440      1  1.0E+00    441 (0.0E+00) 5.5E-05  2.2444746E+00    50
   441      1  1.0E+00    442 (0.0E+00) 3.7E-05  2.2444746E+00    50           R
   442      1  3.0E-01    443 (0.0E+00) 7.1E-05  2.2444746E+00    50         s
   442      2  1.0E+00    443 (0.0E+00) 9.1E-05  2.2444746E+00    50         s     c
   443      1  1.0E+00    444 (0.0E+00) 7.6E-05  2.2444746E+00    50
   444      1  1.0E+00    445 (0.0E+00) 4.3E-05  2.2444746E+00    50
   444      2  1.0E+00    445 (0.0E+00) 3.6E-05  2.2444746E+00    50               c
   445      1  1.0E+00    446 (0.0E+00) 3.9E-05  2.2444746E+00    50
   446      1  1.0E+00    447 (0.0E+00) 5.7E-05  2.2444746E+00    50
   446      2  1.0E+00    447 (0.0E+00) 3.8E-05  2.2444746E+00    50               c
   447      1  1.0E+00    448 (0.0E+00) 3.3E-05  2.2444746E+00    50
   448      1  1.0E+00    449 (0.0E+00) 3.3E-05  2.2444746E+00    50
   449      1  1.0E+00    450 (0.0E+00) 4.1E-05  2.2444746E+00    50
   449      2  1.0E+00    450 (0.0E+00) 4.6E-05  2.2444746E+00    50               c

 Major Minors     Step   nCon Feasible  Optimal  MeritFunction    nS Penalty
   450      1  1.0E+00    451 (0.0E+00) 3.5E-05  2.2444746E+00    50
   451      1  1.0E+00    452 (0.0E+00) 4.3E-05  2.2444746E+00    50
   452      1  1.0E+00    453 (0.0E+00) 4.1E-05  2.2444746E+00    50           R
   452      2  1.0E+00    453 (0.0E+00) 2.9E-05  2.2444746E+00    50           R   c
   453      1  1.0E+00    454 (0.0E+00) 2.4E-05  2.2444746E+00    50         s
   454      1  1.0E+00    455 (0.0E+00) 9.1E-05  2.2444746E+00    50
   455      1  1.0E+00    456 (0.0E+00) 6.7E-05  2.2444746E+00    50
   456      1  1.0E+00    457 (0.0E+00) 4.4E-05  2.2444746E+00    50
   457      1  1.0E+00    458 (0.0E+00) 2.9E-05  2.2444746E+00    50
   458      1  1.0E+00    459 (0.0E+00) 3.2E-05  2.2444746E+00    50
   459      1  1.0E+00    460 (0.0E+00) 3.2E-05  2.2444746E+00    50

 Major Minors     Step   nCon Feasible  Optimal  MeritFunction    nS Penalty
   460      1  1.0E+00    461 (0.0E+00) 2.4E-05  2.2444746E+00    50
   461      1  1.0E+00    462 (0.0E+00) 4.3E-05  2.2444746E+00    50
   462      1  1.0E+00    463 (0.0E+00) 6.5E-05  2.2444746E+00    50
   463      1  1.0E+00    464 (0.0E+00) 7.0E-05  2.2444746E+00    50           R
   464      1  2.2E-01    465 (0.0E+00) 7.7E-05  2.2444746E+00    50         s
   464      2  1.0E+00    465 (0.0E+00) 1.0E-04  2.2444746E+00    50         s     c
   465      1  1.0E+00    466 (0.0E+00) 9.9E-05  2.2444746E+00    50
   466      1  1.0E+00    467 (0.0E+00) 3.2E-05  2.2444746E+00    50
   466      2  1.0E+00    467 (0.0E+00) 5.8E-05  2.2444746E+00    50               c
   467      1  1.0E+00    468 (0.0E+00) 5.1E-05  2.2444746E+00    50
   468      1  1.0E+00    469 (0.0E+00) 6.3E-05  2.2444746E+00    50
   469      1  1.0E+00    470 (0.0E+00) 4.7E-05  2.2444746E+00    50

 Major Minors     Step   nCon Feasible  Optimal  MeritFunction    nS Penalty
   470      1  1.0E+00    471 (0.0E+00) 2.5E-05  2.2444746E+00    50

 Major Minors     Step   nCon Feasible  Optimal  MeritFunction    nS Penalty
   470      2  1.0E+00    471 (0.0E+00) 3.8E-05  2.2444746E+00    50               c
   471      1  1.0E+00    472 (0.0E+00) 3.8E-05  2.2444746E+00    50
   472      1  1.0E+00    473 (0.0E+00) 4.0E-05  2.2444746E+00    50
   473      1  1.0E+00    474 (0.0E+00) 3.0E-05  2.2444746E+00    50
   473      2             474 (0.0E+00) 3.2E-05  2.2444746E+00    50               c
   474      1  1.0E+00    475 (0.0E+00) 2.9E-05  2.2444746E+00    50           R
   474      1  1.0E+00    475 (0.0E+00) 2.9E-05  2.2444746E+00    50           R   c
   475      1  1.0E+00    476 (0.0E+00) 2.7E-05  2.2444746E+00    50         s
   476      1  2.5E-01    477 (0.0E+00) 7.4E-05  2.2444746E+00    50
   477      1  1.0E+00    478 (0.0E+00) 1.0E-04  2.2444746E+00    50
   478      1  1.0E+00    479 (0.0E+00) 4.1E-05  2.2444746E+00    50
   479      1  1.0E+00    480 (0.0E+00) 2.3E-05  2.2444746E+00    50

 Major Minors     Step   nCon Feasible  Optimal  MeritFunction    nS Penalty
   480      1  1.0E+00    481 (0.0E+00) 2.3E-05  2.2444746E+00    50
   481      1  1.0E+00    482 (0.0E+00) 2.4E-05  2.2444746E+00    50
   482      1  1.0E+00    483 (0.0E+00) 2.0E-05  2.2444746E+00    50
   483      1  1.0E+00    484 (0.0E+00) 4.9E-05  2.2444746E+00    50
   484      1  1.0E+00    485 (0.0E+00) 5.8E-05  2.2444746E+00    50
   485      1  1.0E+00    486 (0.0E+00) 6.1E-05  2.2444746E+00    50           R
   486      1  1.5E-01    487 (0.0E+00) 2.7E-05  2.2444746E+00    50         s
   486      2  1.0E+00    487 (0.0E+00) 4.5E-05  2.2444746E+00    50         s     c
   487      1  1.0E+00    488 (0.0E+00) 3.9E-05  2.2444746E+00    50
   488      1  1.0E+00    489 (0.0E+00) 3.8E-05  2.2444746E+00    50
   488      2  1.0E+00    489 (0.0E+00) 6.1E-05  2.2444746E+00    50               c
   489      1  1.0E+00    490 (0.0E+00) 5.9E-05  2.2444746E+00    50

 Major Minors     Step   nCon Feasible  Optimal  MeritFunction    nS Penalty
   490      1  1.0E+00    491 (0.0E+00) 3.6E-05  2.2444746E+00    50
   491      1  1.0E+00    492 (0.0E+00) 2.6E-05  2.2444746E+00    50
   491      2             492 (0.0E+00) 3.2E-05  2.2444746E+00    50               c
   492      1  1.0E+00    493 (0.0E+00) 2.7E-05  2.2444746E+00    50
   493      1  1.0E+00    494 (0.0E+00) 3.4E-05  2.2444746E+00    50
   493      2  1.0E+00    494 (0.0E+00) 2.3E-05  2.2444746E+00    50               c
   494      1  1.0E+00    495 (0.0E+00) 2.4E-05  2.2444746E+00    50
   494      1  1.0E+00    495 (0.0E+00) 2.4E-05  2.2444746E+00    50               c
   495      1  1.0E+00    496 (0.0E+00) 3.0E-05  2.2444746E+00    50
   495      1  1.0E+00    496 (0.0E+00) 3.0E-05  2.2444746E+00    50               c
   496      1  1.0E+00    497 (0.0E+00) 3.3E-05  2.2444746E+00    50           R
   496      1  1.0E+00    497 (0.0E+00) 3.3E-05  2.2444746E+00    50           R   c
   497      1  1.0E+00    498 (0.0E+00) 2.8E-05  2.2444746E+00    50         s
   498      1  1.0E+00    499 (0.0E+00) 6.5E-05  2.2444746E+00    50
   499      1  1.0E+00    500 (0.0E+00) 9.3E-05  2.2444746E+00    50
   499      2  1.0E+00    500 (0.0E+00) 7.3E-05  2.2444746E+00    50               c

 Major Minors     Step   nCon Feasible  Optimal  MeritFunction    nS Penalty
   500      1  1.0E+00    501 (0.0E+00) 3.2E-05  2.2444746E+00    50

 Major Minors     Step   nCon Feasible  Optimal  MeritFunction    nS Penalty
   500      1  1.0E+00    501 (0.0E+00) 3.2E-05  2.2444746E+00    50               c
   501      1  1.0E+00    502 (0.0E+00) 3.1E-05  2.2444746E+00    50
   502      1  1.0E+00    503 (0.0E+00) 5.0E-05  2.2444746E+00    50
   503      1  1.0E+00    504 (0.0E+00) 5.2E-05  2.2444746E+00    50
   503      2  1.0E+00    504 (0.0E+00) 7.2E-05  2.2444746E+00    50               c
   504      1  1.0E+00    505 (0.0E+00) 4.4E-05  2.2444746E+00    50
   504      1  1.0E+00    505 (0.0E+00) 4.4E-05  2.2444746E+00    50               c
   505      1  1.0E+00    506 (0.0E+00) 2.6E-05  2.2444746E+00    50
   506      1  1.0E+00    507 (0.0E+00) 7.7E-05  2.2444746E+00    50
   507      1  1.0E+00    508 (0.0E+00) 6.7E-05  2.2444746E+00    50           R
   508      1  2.1E-01    509 (0.0E+00) 2.6E-05  2.2444746E+00    50         s
   508      2  1.0E+00    509 (0.0E+00) 2.3E-05  2.2444746E+00    50         s     c
   509      1  1.0E+00    510 (0.0E+00) 1.9E-05  2.2444746E+00    50
   509      1  1.0E+00    510 (0.0E+00) 1.9E-05  2.2444746E+00    50               c

 Major Minors     Step   nCon Feasible  Optimal  MeritFunction    nS Penalty
   510      1  1.0E+00    511 (0.0E+00) 3.2E-05  2.2444746E+00    50

 Major Minors     Step   nCon Feasible  Optimal  MeritFunction    nS Penalty
   510      1  1.0E+00    511 (0.0E+00) 3.2E-05  2.2444746E+00    50               c
   511      1  1.0E+00    512 (0.0E+00) 3.2E-05  2.2444746E+00    50
   512      1  1.0E+00    513 (0.0E+00) 3.3E-05  2.2444746E+00    50
   512      2  1.0E+00    513 (0.0E+00) 2.4E-05  2.2444746E+00    50               c
   513      1  1.0E+00    514 (0.0E+00) 1.9E-05  2.2444746E+00    50
   514      1  1.0E+00    515 (0.0E+00) 3.6E-05  2.2444746E+00    50
   514      2             515 (0.0E+00) 1.7E-05  2.2444746E+00    50               c
   515      1  1.0E+00    516 (0.0E+00) 1.4E-05  2.2444746E+00    50               c
   516      1  1.0E+00    517 (0.0E+00) 2.7E-05  2.2444746E+00    50
   516      1  1.0E+00    517 (0.0E+00) 2.7E-05  2.2444746E+00    50               c
   517      1  1.0E+00    518 (0.0E+00) 2.6E-05  2.2444746E+00    50
   517      1  1.0E+00    518 (0.0E+00) 2.6E-05  2.2444746E+00    50               c
   518      1  1.0E+00    519 (0.0E+00) 1.8E-05  2.2444746E+00    50           R
   518      1  1.0E+00    519 (0.0E+00) 1.8E-05  2.2444746E+00    50           R   c
   519      1  1.0E+00    520 (0.0E+00) 2.1E-05  2.2444746E+00    50         s

 Major Minors     Step   nCon Feasible  Optimal  MeritFunction    nS Penalty
   520      1  4.0E-01    521 (0.0E+00) 6.3E-05  2.2444746E+00    50
   521      1  3.2E-01    522 (0.0E+00) 7.0E-05  2.2444746E+00    50
   522      1  1.0E+00    523 (0.0E+00) 3.9E-05  2.2444746E+00    50
   523      1  1.0E+00    524 (0.0E+00) 2.4E-05  2.2444746E+00    50
   524      1  4.8E-01    525 (0.0E+00) 2.6E-05  2.2444746E+00    50
   525      1  4.3E-01    526 (0.0E+00) 2.5E-05  2.2444746E+00    50
   525      2             526 (0.0E+00) 2.8E-05  2.2444746E+00    50               c
   526      1  1.0E+00    527 (0.0E+00) 2.9E-05  2.2444746E+00    50
   526      1  1.0E+00    527 (0.0E+00) 2.9E-05  2.2444746E+00    50               c
   527      1  1.0E+00    528 (0.0E+00) 2.0E-05  2.2444746E+00    50
   527      1  1.0E+00    528 (0.0E+00) 2.0E-05  2.2444746E+00    50               c
   528      1  1.0E+00    529 (0.0E+00) 1.9E-05  2.2444746E+00    50
   529      1  1.0E+00    530 (0.0E+00) 5.3E-05  2.2444746E+00    50           R

 Major Minors     Step   nCon Feasible  Optimal  MeritFunction    nS Penalty
   530      1  3.4E-01    531 (0.0E+00) 4.7E-05  2.2444746E+00    50         s

 Major Minors     Step   nCon Feasible  Optimal  MeritFunction    nS Penalty
   530      2  1.0E+00    531 (0.0E+00) 2.5E-05  2.2444746E+00    50         s     c
   531      1  1.0E+00    532 (0.0E+00) 1.5E-05  2.2444746E+00    50               c
   532      1  1.0E+00    533 (0.0E+00) 2.2E-05  2.2444746E+00    50
   532      1  1.0E+00    533 (0.0E+00) 2.2E-05  2.2444746E+00    50               c
   533      1  1.0E+00    534 (0.0E+00) 2.5E-05  2.2444746E+00    50
   533      1  1.0E+00    534 (0.0E+00) 2.5E-05  2.2444746E+00    50               c
   534      1  1.0E+00    535 (0.0E+00) 2.6E-05  2.2444746E+00    50
   534      1  1.0E+00    535 (0.0E+00) 2.6E-05  2.2444746E+00    50               c
   535      1  1.0E+00    536 (0.0E+00) 2.3E-05  2.2444746E+00    50
   535      1  1.0E+00    536 (0.0E+00) 2.3E-05  2.2444746E+00    50               c
   536      1  1.0E+00    537 (0.0E+00) 1.4E-05  2.2444746E+00    50               c
   537      1  1.0E+00    538 (0.0E+00) 2.2E-05  2.2444746E+00    50
   538      1  1.0E+00    539 (0.0E+00) 5.3E-05  2.2444746E+00    50
   538      2  1.0E+00    539 (0.0E+00) 3.1E-05  2.2444746E+00    50               c
   539      1  1.0E+00    540 (0.0E+00) 3.6E-05  2.2444746E+00    50

 Major Minors     Step   nCon Feasible  Optimal  MeritFunction    nS Penalty
   540      1  1.0E+00    541 (0.0E+00) 4.3E-05  2.2444746E+00    50           R

 Major Minors     Step   nCon Feasible  Optimal  MeritFunction    nS Penalty
   540      2  1.0E+00    541 (0.0E+00) 2.8E-05  2.2444746E+00    50           R   c
   541      1  1.0E+00    542 (0.0E+00) 2.9E-05  2.2444746E+00    50         s
   542      1  3.1E-01    543 (0.0E+00) 5.6E-05  2.2444746E+00    50
   543      1  1.0E+00    544 (0.0E+00) 6.2E-05  2.2444746E+00    50
   543      2  1.0E+00    544 (0.0E+00) 3.8E-05  2.2444746E+00    50               c
   544      1  1.0E+00    545 (0.0E+00) 1.8E-05  2.2444746E+00    50
   544      1  1.0E+00    545 (0.0E+00) 1.8E-05  2.2444746E+00    50               c
   545      1  1.0E+00    546 (0.0E+00) 2.1E-05  2.2444746E+00    50
   546      1  1.0E+00    547 (0.0E+00) 4.8E-05  2.2444746E+00    50
   547      1  1.0E+00    548 (0.0E+00) 5.7E-05  2.2444746E+00    50
   548      1  1.0E+00    549 (0.0E+00) 3.1E-05  2.2444746E+00    50
   549      1  1.0E+00    550 (0.0E+00) 2.1E-05  2.2444746E+00    50

 Major Minors     Step   nCon Feasible  Optimal  MeritFunction    nS Penalty
   550      1  1.0E+00    551 (0.0E+00) 2.5E-05  2.2444746E+00    50
   551      1  1.0E+00    552 (0.0E+00) 1.5E-05  2.2444746E+00    50           R
   551      2  1.0E+00    552 (0.0E+00) 3.7E-05  2.2444746E+00    50           R   c
   552      1  1.0E+00    553 (0.0E+00) 7.6E-05  2.2444746E+00    50         s
   553      1  3.4E-01    554 (0.0E+00) 2.9E-05  2.2444746E+00    50
   554      1  1.0E+00    555 (0.0E+00) 2.0E-05  2.2444746E+00    50
   555      1  1.0E+00    556 (0.0E+00) 1.6E-05  2.2444746E+00    50
   556      1  1.0E+00    557 (0.0E+00) 1.9E-05  2.2444746E+00    50
   557      1  1.0E+00    558 (0.0E+00) 1.7E-05  2.2444746E+00    50
   558      1  1.0E+00    559 (0.0E+00) 1.9E-05  2.2444746E+00    50
   558      2  1.0E+00    559 (0.0E+00) 3.0E-05  2.2444746E+00    50               c
   559      1  1.0E+00    560 (0.0E+00) 2.9E-05  2.2444746E+00    50

 Major Minors     Step   nCon Feasible  Optimal  MeritFunction    nS Penalty
   560      1  1.0E+00    561 (0.0E+00) 2.8E-05  2.2444746E+00    50

 Major Minors     Step   nCon Feasible  Optimal  MeritFunction    nS Penalty
   560      2  1.0E+00    561 (0.0E+00) 2.0E-05  2.2444746E+00    50               c
   561      1  1.0E+00    562 (0.0E+00) 1.7E-05  2.2444746E+00    50               c
   562      1  1.0E+00    563 (0.0E+00) 1.2E-05  2.2444746E+00    50           R   c
   563      1  1.0E+00    564 (0.0E+00) 2.2E-05  2.2444746E+00    50         s
   564      1  4.9E-01    565 (0.0E+00) 4.4E-05  2.2444746E+00    50
   565      1  3.0E-01    566 (0.0E+00) 5.5E-05  2.2444746E+00    50
   566      1  1.0E+00    567 (0.0E+00) 3.1E-05  2.2444746E+00    50
   567      1  4.8E-01    568 (0.0E+00) 2.7E-05  2.2444746E+00    50
   568      1  4.6E-01    569 (0.0E+00) 2.3E-05  2.2444746E+00    50
   568      2             569 (0.0E+00) 2.2E-05  2.2444746E+00    50               c
   569      1  1.0E+00    570 (0.0E+00) 2.4E-05  2.2444746E+00    50
   569      1  1.0E+00    570 (0.0E+00) 2.4E-05  2.2444746E+00    50               c

 Major Minors     Step   nCon Feasible  Optimal  MeritFunction    nS Penalty
   570      1  1.0E+00    571 (0.0E+00) 2.5E-05  2.2444746E+00    50
   571      1  1.0E+00    572 (0.0E+00) 3.3E-05  2.2444746E+00    50
   572      1  1.0E+00    573 (0.0E+00) 3.2E-05  2.2444746E+00    50
   573      1  1.0E+00    574 (0.0E+00) 2.0E-05  2.2444746E+00    50           R
   573      2  1.0E+00    574 (0.0E+00) 2.2E-05  2.2444746E+00    50           R   c
   574      1  1.0E+00    575 (0.0E+00) 1.9E-05  2.2444746E+00    50         s
   575      1  1.0E+00    576 (0.0E+00) 9.1E-05  2.2444746E+00    50
   576      1  2.3E-01    577 (0.0E+00) 2.7E-05  2.2444746E+00    50
   577      1  4.5E-01    578 (0.0E+00) 2.9E-05  2.2444746E+00    50
   577      2             578 (0.0E+00) 2.2E-05  2.2444746E+00    50               c
   578      1  1.0E+00    579 (0.0E+00) 2.0E-05  2.2444746E+00    50
   579      1  1.0E+00    580 (0.0E+00) 4.5E-05  2.2444746E+00    50
   579      2  1.0E+00    580 (0.0E+00) 2.2E-05  2.2444746E+00    50               c

 Major Minors     Step   nCon Feasible  Optimal  MeritFunction    nS Penalty
   580      1  1.0E+00    581 (0.0E+00) 1.7E-05  2.2444746E+00    50               c
   581      1  1.0E+00    582 (0.0E+00) 2.0E-05  2.2444746E+00    50
   582      1  1.0E+00    583 (0.0E+00) 3.9E-05  2.2444746E+00    50
   582      2  1.0E+00    583 (0.0E+00) 2.4E-05  2.2444746E+00    50               c
   583      1  1.0E+00    584 (0.0E+00) 1.4E-05  2.2444746E+00    50               c
   584      1  1.0E+00    585 (0.0E+00) 3.1E-05  2.2444746E+00    50           R
   585      1  2.0E-01    586 (0.0E+00) 3.3E-05  2.2444746E+00    50         s
   585      2             586 (0.0E+00) 1.4E-05  2.2444746E+00    50         s     c
   586      1  1.0E+00    587 (0.0E+00) 2.0E-05  2.2444746E+00    50
   586      1  1.0E+00    587 (0.0E+00) 2.0E-05  2.2444746E+00    50               c
   587      1  1.0E+00    588 (0.0E+00) 1.6E-05  2.2444746E+00    50               c
   588      1  1.0E+00    589 (0.0E+00) 1.2E-05  2.2444746E+00    50               c
   589      1  1.0E+00    590 (0.0E+00) 2.3E-05  2.2444746E+00    50
   589      1  1.0E+00    590 (0.0E+00) 2.3E-05  2.2444746E+00    50               c

 Major Minors     Step   nCon Feasible  Optimal  MeritFunction    nS Penalty
   590      1  1.0E+00    591 (0.0E+00) 2.1E-05  2.2444746E+00    50

 Major Minors     Step   nCon Feasible  Optimal  MeritFunction    nS Penalty
   590      1  1.0E+00    591 (0.0E+00) 2.1E-05  2.2444746E+00    50               c
   591      1  1.0E+00    592 (0.0E+00) 1.4E-05  2.2444746E+00    50               c
   592      1  1.0E+00    593 (0.0E+00) 9.8E-06  2.2444746E+00    50               c
   593      1  1.0E+00    594 (0.0E+00) 1.5E-05  2.2444746E+00    50               c
   594      1  1.0E+00    595 (0.0E+00) 1.7E-05  2.2444746E+00    50               c
   595      1  1.0E+00    596 (0.0E+00) 1.4E-05  2.2444746E+00    50           R   c
   596      1  1.0E+00    597 (0.0E+00) 1.3E-05  2.2444746E+00    50         s     c
   597      1  1.0E+00    598 (0.0E+00) 1.2E-05  2.2444746E+00    50               c
   598      1  1.0E+00    599 (0.0E+00) 1.1E-05  2.2444746E+00    50               c
   599      1  1.0E+00    600 (0.0E+00) 1.5E-05  2.2444746E+00    50               c

 Major Minors     Step   nCon Feasible  Optimal  MeritFunction    nS Penalty
   600      1  1.0E+00    601 (0.0E+00) 1.8E-05  2.2444746E+00    50

 Major Minors     Step   nCon Feasible  Optimal  MeritFunction    nS Penalty
   600      1  1.0E+00    601 (0.0E+00) 1.8E-05  2.2444746E+00    50               c
   601      1  1.0E+00    602 (0.0E+00) 1.5E-05  2.2444746E+00    50               c
   602      1  1.0E+00    603 (0.0E+00) 8.8E-06  2.2444746E+00    50               c
   603      1  1.0E+00    604 (0.0E+00) 1.4E-05  2.2444746E+00    50               c
   604      1  1.0E+00    605 (0.0E+00) 1.9E-05  2.2444746E+00    50
   604      1  1.0E+00    605 (0.0E+00) 1.9E-05  2.2444746E+00    50               c
   605      1  1.0E+00    606 (0.0E+00) 2.2E-05  2.2444746E+00    50
   606      1  1.0E+00    607 (0.0E+00) 4.7E-05  2.2444746E+00    50           R
   606      2             607 (0.0E+00) 2.0E-05  2.2444746E+00    50           R   c
   607      1  4.8E-01    608 (0.0E+00) 1.4E-05  2.2444746E+00    50         s     c
   608      1  1.0E+00    609 (0.0E+00) 1.1E-05  2.2444746E+00    50               c
   609      1  1.0E+00    610 (0.0E+00) 1.1E-05  2.2444746E+00    50               c

 Major Minors     Step   nCon Feasible  Optimal  MeritFunction    nS Penalty
   610      1  1.0E+00    611 (0.0E+00) 1.3E-05  2.2444746E+00    50               c
   611      1  1.0E+00    612 (0.0E+00) 1.4E-05  2.2444746E+00    50               c
   612      1  1.0E+00    613 (0.0E+00) 1.1E-05  2.2444746E+00    50               c
   613      1  1.0E+00    614 (0.0E+00) 7.6E-06  2.2444746E+00    50               c
   614      1  1.0E+00    615 (0.0E+00) 1.2E-05  2.2444746E+00    50               c
   615      1  1.0E+00    616 (0.0E+00) 1.6E-05  2.2444746E+00    50               c
   616      1  1.0E+00    617 (0.0E+00) 1.6E-05  2.2444746E+00    50               c
   617      1  1.0E+00    618 (0.0E+00) 1.3E-05  2.2444746E+00    50           R   c
   618      1  1.0E+00    619 (0.0E+00) 1.1E-05  2.2444746E+00    50         s     c
   619      1  4.8E-01    620 (0.0E+00) 2.1E-05  2.2444746E+00    50

 Major Minors     Step   nCon Feasible  Optimal  MeritFunction    nS Penalty
   620      1  3.6E-01    621 (0.0E+00) 3.7E-05  2.2444746E+00    50

 Major Minors     Step   nCon Feasible  Optimal  MeritFunction    nS Penalty
   620      2             621 (0.0E+00) 1.3E-05  2.2444746E+00    50               c
   621      1  1.0E+00    622 (0.0E+00) 1.8E-05  2.2444746E+00    50
   622      1  1.0E+00    623 (0.0E+00) 4.0E-05  2.2444746E+00    50
   623      1  3.2E-01    624 (0.0E+00) 3.0E-05  2.2444746E+00    50
   623      2  1.0E+00    624 (0.0E+00) 1.4E-05  2.2444746E+00    50               c
   624      1  1.0E+00    625 (0.0E+00) 1.2E-05  2.2444746E+00    50               c
   625      1  1.0E+00    626 (0.0E+00) 1.4E-05  2.2444746E+00    50               c
   626      1  1.0E+00    627 (0.0E+00) 1.8E-05  2.2444746E+00    50
   627      1  1.0E+00    628 (0.0E+00) 3.7E-05  2.2444746E+00    50
   628      1  1.0E+00    629 (0.0E+00) 4.1E-05  2.2444746E+00    50           R
   629      1  3.3E-01    630 (0.0E+00) 3.3E-05  2.2444746E+00    50         s
   629      2  1.0E+00    630 (0.0E+00) 3.4E-05  2.2444746E+00    50         s     c

 Major Minors     Step   nCon Feasible  Optimal  MeritFunction    nS Penalty
   630      1  1.0E+00    631 (0.0E+00) 1.9E-05  2.2444746E+00    50

 Major Minors     Step   nCon Feasible  Optimal  MeritFunction    nS Penalty
   630      1  1.0E+00    631 (0.0E+00) 1.9E-05  2.2444746E+00    50               c
   631      1  1.0E+00    632 (0.0E+00) 1.4E-05  2.2444746E+00    50               c
   632      1  1.0E+00    633 (0.0E+00) 1.1E-05  2.2444746E+00    50               c
   633      1  1.0E+00    634 (0.0E+00) 1.3E-05  2.2444746E+00    50               c
   634      1  1.0E+00    635 (0.0E+00) 1.3E-05  2.2444746E+00    50               c
   635      1  1.0E+00    636 (0.0E+00) 1.1E-05  2.2444746E+00    50               c
   636      1  1.0E+00    637 (0.0E+00) 8.3E-06  2.2444746E+00    50               c
   637      1  1.0E+00    638 (0.0E+00) 8.0E-06  2.2444746E+00    50               c
   638      1  1.0E+00    639 (0.0E+00) 8.8E-06  2.2444746E+00    50               c
   639      1  1.0E+00    640 (0.0E+00) 7.3E-06  2.2444746E+00    50           R   c

 Major Minors     Step   nCon Feasible  Optimal  MeritFunction    nS Penalty
   640      1  1.0E+00    641 (0.0E+00) 7.7E-06  2.2444746E+00    50         s     c
   641      1  4.8E-01    642 (0.0E+00) 1.0E-05  2.2444746E+00    50               c
   642      1  1.0E+00    643 (0.0E+00) 1.5E-05  2.2444746E+00    50               c
   643      1  1.0E+00    644 (0.0E+00) 1.0E-05  2.2444746E+00    50               c
   644      1  1.0E+00    645 (0.0E+00) 7.1E-06  2.2444746E+00    50               c
   645      1  1.0E+00    646 (0.0E+00) 1.2E-05  2.2444746E+00    50               c
   646      1  1.0E+00    647 (0.0E+00) 1.4E-05  2.2444746E+00    50               c
   647      1  1.0E+00    648 (0.0E+00) 1.1E-05  2.2444746E+00    50               c
   648      1  1.0E+00    649 (0.0E+00) 5.6E-06  2.2444746E+00    50               c
   649      1  1.0E+00    650 (0.0E+00) 9.4E-06  2.2444746E+00    50               c

 Major Minors     Step   nCon Feasible  Optimal  MeritFunction    nS Penalty
   650      1  1.0E+00    651 (0.0E+00) 1.2E-05  2.2444746E+00    50           R   c
   651      1  3.6E-01    652 (0.0E+00) 9.8E-06  2.2444746E+00    50         s     c
   652      1  1.0E+00    653 (0.0E+00) 9.5E-06  2.2444746E+00    50               c
   653      1  1.0E+00    654 (0.0E+00) 7.8E-06  2.2444746E+00    50               c
   654      1  1.0E+00    655 (0.0E+00) 7.7E-06  2.2444746E+00    50               c
   655      1  1.0E+00    656 (0.0E+00) 8.3E-06  2.2444746E+00    50               c
   656      1  1.0E+00    657 (0.0E+00) 9.1E-06  2.2444746E+00    50               c
   657      1  1.0E+00    658 (0.0E+00) 9.6E-06  2.2444746E+00    50               c
   658      1  1.0E+00    659 (0.0E+00) 9.3E-06  2.2444746E+00    50               c
   659      1  1.0E+00    660 (0.0E+00) 7.9E-06  2.2444746E+00    50               c

 Major Minors     Step   nCon Feasible  Optimal  MeritFunction    nS Penalty
   660      1  1.0E+00    661 (0.0E+00) 5.9E-06  2.2444746E+00    50               c
   661      1  1.0E+00    662 (0.0E+00) 5.8E-06  2.2444746E+00    50           R   c
   662      1  1.0E+00    663 (0.0E+00) 5.5E-06  2.2444746E+00    50         s     c
   663      1  1.0E+00    664 (0.0E+00) 5.8E-06  2.2444746E+00    50               c
   664      1  3.2E-01    665 (0.0E+00) 1.2E-05  2.2444746E+00    50               c
   665      1  4.7E-01    666 (0.0E+00) 6.8E-06  2.2444746E+00    50               c
   666      1  1.0E+00    667 (0.0E+00) 5.8E-06  2.2444746E+00    50               c
   667      1  1.0E+00    668 (0.0E+00) 7.2E-06  2.2444746E+00    50               c
   668      1  1.0E+00    669 (0.0E+00) 6.6E-06  2.2444746E+00    50               c
   669      1  1.0E+00    670 (0.0E+00) 6.1E-06  2.2444746E+00    50               c

 Major Minors     Step   nCon Feasible  Optimal  MeritFunction    nS Penalty
   670      1  1.0E+00    671 (0.0E+00) 6.0E-06  2.2444746E+00    50               c
   671      1  1.0E+00    672 (0.0E+00) 6.0E-06  2.2444746E+00    50               c
   672      1  1.0E+00    673 (0.0E+00) 5.7E-06  2.2444746E+00    50           R   c
   673      1  1.0E+00    674 (0.0E+00) 1.7E-05  2.2444746E+00    50         s     c
   674      1  2.1E-01    675 (0.0E+00) 1.3E-05  2.2444746E+00    50               c
   675      1  1.0E+00    676 (0.0E+00) 6.9E-06  2.2444746E+00    50               c
   676      1  1.0E+00    677 (0.0E+00) 1.4E-05  2.2444746E+00    50               c
   677      1  1.0E+00    678 (0.0E+00) 7.3E-06  2.2444746E+00    50               c
   678      1  1.0E+00    679 (0.0E+00) 4.8E-06  2.2444746E+00    50               c
   679      1  1.0E+00    680 (0.0E+00) 6.0E-06  2.2444746E+00    50               c

 Major Minors     Step   nCon Feasible  Optimal  MeritFunction    nS Penalty
   680      1  1.0E+00    681 (0.0E+00) 5.0E-06  2.2444746E+00    50               c
   681      1  1.0E+00    682 (0.0E+00) 3.7E-06  2.2444746E+00    50               c
   682      1  1.0E+00    683 (0.0E+00) 2.9E-06  2.2444746E+00    50               c
   683      1  1.0E+00    684 (0.0E+00) 3.1E-06  2.2444746E+00    50           R   c
   684      1  1.0E+00    685 (0.0E+00) 6.1E-06  2.2444746E+00    50         s     c
   685      1  2.2E-01    686 (0.0E+00) 4.3E-06  2.2444746E+00    50               c
   686      1  1.0E+00    687 (0.0E+00) 3.2E-06  2.2444746E+00    50               c
   687      1  1.0E+00    688 (0.0E+00) 3.2E-06  2.2444746E+00    50               c
   688      1  1.0E+00    689 (0.0E+00) 4.1E-06  2.2444746E+00    50               c
   689      1  1.0E+00    690 (0.0E+00) 4.6E-06  2.2444746E+00    50               c

 Major Minors     Step   nCon Feasible  Optimal  MeritFunction    nS Penalty
   690      1  1.0E+00    691 (0.0E+00) 4.3E-06  2.2444746E+00    50               c
   691      1  1.0E+00    692 (0.0E+00) 4.1E-06  2.2444746E+00    50               c
   692      1  1.0E+00    693 (0.0E+00) 4.2E-06  2.2444746E+00    50               c
   693      1  1.0E+00    694 (0.0E+00) 3.6E-06  2.2444746E+00    50               c
   694      1  1.0E+00    695 (0.0E+00) 3.7E-06  2.2444746E+00    50           R   c
   695      1  1.0E+00    696 (0.0E+00) 1.1E-05  2.2444746E+00    50         s     c
   696      1  2.3E-01    697 (0.0E+00) 5.6E-06  2.2444746E+00    50               c
   697      1  1.0E+00    698 (0.0E+00) 3.6E-06  2.2444746E+00    50               c
   698      1  1.0E+00    699 (0.0E+00) 2.8E-06  2.2444746E+00    50               c
   699      1  1.0E+00    700 (0.0E+00) 2.9E-06  2.2444746E+00    50               c

 Major Minors     Step   nCon Feasible  Optimal  MeritFunction    nS Penalty
   700      1  1.0E+00    701 (0.0E+00) 3.3E-06  2.2444746E+00    50               c
   701      1  1.0E+00    702 (0.0E+00) 4.7E-06  2.2444746E+00    50               c
   702      1  1.0E+00    703 (0.0E+00) 3.0E-06  2.2444746E+00    50               c
   703      1  1.0E+00    704 (0.0E+00) 2.7E-06  2.2444746E+00    50               c
   704      1  1.0E+00    705 (0.0E+00) 2.9E-06  2.2444746E+00    50               c
   705      1  1.0E+00    706 (0.0E+00) 3.1E-06  2.2444746E+00    50           R   c
   706      1  1.0E+00    707 (0.0E+00) 2.5E-06  2.2444746E+00    50         s     c
   707      1  6.4E-02    708 (0.0E+00) 6.4E-06  2.2444746E+00    50               c
   708      1  2.9E-01    709 (0.0E+00) 2.8E-06  2.2444746E+00    50               c
   709      1  1.0E+00    710 (0.0E+00) 5.6E-06  2.2444746E+00    50               c

 Major Minors     Step   nCon Feasible  Optimal  MeritFunction    nS Penalty
   710      1  3.6E-01    711 (0.0E+00) 4.4E-06  2.2444746E+00    50               c
   711      1  1.0E+00    712 (0.0E+00) 4.7E-06  2.2444746E+00    50               c
   712      1  1.0E+00    713 (0.0E+00) 4.7E-06  2.2444746E+00    50               c
   713      1  1.0E+00    714 (0.0E+00) 4.0E-06  2.2444746E+00    50               c
   714      1  1.0E+00    715 (0.0E+00) 3.7E-06  2.2444746E+00    50               c
   715      1  1.0E+00    716 (0.0E+00) 4.3E-06  2.2444746E+00    50               c
   716      1  1.0E+00    717 (0.0E+00) 4.1E-06  2.2444746E+00    50           R   c
   717      1  1.0E+00    718 (0.0E+00) 9.8E-06  2.2444746E+00    50         s     c
   718      1  2.1E-01    719 (0.0E+00) 3.4E-06  2.2444746E+00    50               c
   719      1  1.0E+00    720 (0.0E+00) 3.7E-06  2.2444746E+00    50               c

 Major Minors     Step   nCon Feasible  Optimal  MeritFunction    nS Penalty
   720      1  1.0E+00    721 (0.0E+00) 2.3E-06  2.2444746E+00    50               c
   721      1  1.0E+00    722 (0.0E+00) 2.4E-06  2.2444746E+00    50               c
   722      1  1.0E+00    723 (0.0E+00) 3.0E-06  2.2444746E+00    50               c
   723      1  1.0E+00    724 (0.0E+00) 2.7E-06  2.2444746E+00    50               c
   724      1  1.0E+00    725 (0.0E+00) 2.2E-06  2.2444746E+00    50               c
   725      1  1.0E+00    726 (0.0E+00)(1.6E-06) 2.2444746E+00    50               c
 
 SNOPTA EXIT   0 -- finished successfully
 SNOPTA INFO   1 -- optimality conditions satisfied

 Problem name
 No. of iterations                 814   Objective value      2.2444745945E+00
 No. of major iterations           725   Linear objective     0.0000000000E+00
 Penalty parameter           0.000E+00   Nonlinear objective  2.2444745945E+00
 No. of calls to funobj         212544   No. of calls to funcon         212544
 Calls with modes 1,2 (known g)    726   Calls with modes 1,2 (known g)    726
 Calls for forward differencing 107868   Calls for forward differencing 107868
 Calls for central differencing 103020   Calls for central differencing 103020
 No. of superbasics                 50   No. of basic nonlinears             0
 No. of degenerate steps             0   Percentage                        .00
 Max x       (scaled)      106 1.1E+00   Max pi      (scaled)        1 0.0E+00
 Max x                     106 1.1E+00   Max pi                      1 0.0E+00
 Max Prim inf(scaled)        0 0.0E+00   Max Dual inf(scaled)        5 3.1E-06
 Max Primal infeas           0 0.0E+00   Max Dual infeas             5 3.1E-06
 Nonlinear constraint violn    0.0E+00

 Solution not printed
