
 
 ===>  WARNING - variable      103 has no Jacobian entries.
 ===>  WARNING - variable      104 has no Jacobian entries.
 ===>  WARNING - variable      105 has no Jacobian entries.
 

 Nonlinear constraints       3     Linear constraints       0
 Nonlinear variables       102     Linear variables         3
 Jacobian  variables       102     Objective variables    102
 Total constraints           3     Total variables        105
 

 
 The user has defined       0   out of     408   first  derivatives
 

        Minor   QPmult   nInf   SumInf   rgNorm    QPobjective    nS
          100 -3.5E-01                  2.7E-48 -2.0479318E+02    26

 Major Minors     Step   nCon Feasible  Optimal  MeritFunction    nS Penalty
     0    100               1 (0.0E+00) 6.6E+00  3.9408750E+02    26           r
     1      6  1.9E-01      2 (0.0E+00) 5.3E+00  2.4923313E+02    21         n rl
     2     42  2.3E-01      3 (0.0E+00) 4.0E+00  1.4028135E+02    62         s  l
     3     70  3.2E-01      4 (0.0E+00) 5.6E+00  8.8451363E+01    41
     4     99  1.0E+00      5 (0.0E+00) 2.4E+01  3.8634792E+01    91
     5      4  1.0E+00      6 (0.0E+00) 5.8E+00  6.4109861E+00    94
     6      4  1.0E+00      7 (0.0E+00) 4.1E-02  3.1844305E+00    91
     7      3  1.0E+00      8 (0.0E+00) 2.4E-01  3.0803786E+00    89
     8      8  1.0E+00      9 (0.0E+00) 2.7E-01  2.9945322E+00    82
     9      7  1.0E+00     10 (0.0E+00) 2.0E-01  2.8885509E+00    78

 Major Minors     Step   nCon Feasible  Optimal  MeritFunction    nS Penalty
    10      4  1.0E+00     11 (0.0E+00) 7.8E-02  2.8450191E+00    75
    11      3  1.0E+00     12 (0.0E+00) 1.7E-02  2.8162179E+00    73
    12      1  1.0E+00     13 (0.0E+00) 1.6E-02  2.7986779E+00    73           R
    13     12  1.0E+00     14 (0.0E+00) 1.9E-01  2.7958739E+00    82         s
    14      9  1.0E+00     15 (0.0E+00) 6.7E-02  2.7870605E+00    78
    15      4  1.0E+00     16 (0.0E+00) 5.9E-02  2.7805088E+00    75
    16      2  1.0E+00     17 (0.0E+00) 4.4E-02  2.7562005E+00    74
    17      4  1.0E+00     18 (0.0E+00) 3.9E-02  2.7451559E+00    71
    18      1  1.0E+00     19 (0.0E+00) 3.9E-02  2.7254428E+00    71
    19      4  1.0E+00     20 (0.0E+00) 3.2E-02  2.7174695E+00    72

 Major Minors     Step   nCon Feasible  Optimal  MeritFunction    nS Penalty
    20      2  1.0E+00     21 (0.0E+00) 2.3E-02  2.7142894E+00    71
    21      2  1.0E+00     22 (0.0E+00) 1.9E-02  2.7123106E+00    70
    22      2  1.0E+00     23 (0.0E+00) 3.1E-02  2.7098433E+00    69
    23      2  1.0E+00     24 (0.0E+00) 3.5E-02  2.7069300E+00    70           R
    24      9  1.0E+00     25 (0.0E+00) 5.7E-02  2.7057143E+00    76         s
    25      9  1.7E-01     26 (0.0E+00) 2.8E-02  2.7046608E+00    70
    26      1  1.0E+00     27 (0.0E+00) 1.7E-02  2.7026361E+00    70
    27      2  1.0E+00     28 (0.0E+00) 2.0E-02  2.7004398E+00    71
    28      2  1.0E+00     29 (0.0E+00) 4.0E-02  2.6961924E+00    70
    29      3  1.0E+00     30 (0.0E+00) 3.4E-02  2.6937410E+00    70

 Major Minors     Step   nCon Feasible  Optimal  MeritFunction    nS Penalty
    30      2  1.0E+00     31 (0.0E+00) 1.2E-02  2.6921746E+00    69
    31      2  1.0E+00     32 (0.0E+00) 1.3E-02  2.6911268E+00    70
    32      1  1.0E+00     33 (0.0E+00) 2.0E-02  2.6892922E+00    70
    33      1  1.0E+00     34 (0.0E+00) 2.4E-02  2.6871514E+00    70
    34      1  1.0E+00     35 (0.0E+00) 1.8E-02  2.6854073E+00    70           R
    35      2  1.9E-01     36 (0.0E+00) 1.4E-02  2.6852352E+00    71         s
    36      1  1.0E+00     37 (0.0E+00) 1.2E-02  2.6851081E+00    71
    37      1  1.0E+00     38 (0.0E+00) 7.5E-03  2.6842650E+00    71
    38      1  1.0E+00     39 (0.0E+00) 7.9E-03  2.6841913E+00    71
    39      1  1.0E+00     40 (0.0E+00) 9.5E-03  2.6832631E+00    71

 Major Minors     Step   nCon Feasible  Optimal  MeritFunction    nS Penalty
    40      2  1.0E+00     41 (0.0E+00) 7.1E-03  2.6829814E+00    70
    41      1  1.0E+00     42 (0.0E+00) 3.4E-03  2.6828804E+00    70
    42      2  1.0E+00     43 (0.0E+00) 2.9E-03  2.6828350E+00    71
    43      2  1.0E+00     44 (0.0E+00) 5.1E-03  2.6827675E+00    70
    44      2  1.0E+00     45 (0.0E+00) 1.0E-02  2.6826094E+00    69
    45      1  1.0E+00     46 (0.0E+00) 1.3E-02  2.6823259E+00    69           R
    46      2  1.0E+00     47 (0.0E+00) 4.2E-03  2.6822861E+00    70         s
    47      1  1.0E+00     48 (0.0E+00) 3.7E-03  2.6820776E+00    70
    48      1  1.0E+00     49 (0.0E+00) 5.1E-03  2.6820388E+00    70
    49      1  1.0E+00     50 (0.0E+00) 1.3E-02  2.6816646E+00    70

 Major Minors     Step   nCon Feasible  Optimal  MeritFunction    nS Penalty
    50      1  1.0E+00     51 (0.0E+00) 1.2E-02  2.6815216E+00    70
    51      1  1.0E+00     52 (0.0E+00) 4.8E-03  2.6813912E+00    70
    52      1  1.0E+00     53 (0.0E+00) 4.0E-03  2.6812934E+00    70
    53      2  1.0E+00     54 (0.0E+00) 1.8E-02  2.6811241E+00    69
    54      2  1.0E+00     55 (0.0E+00) 2.7E-02  2.6808848E+00    68
    55      2  1.0E+00     56 (0.0E+00) 2.1E-02  2.6805700E+00    69
    56      2  1.0E+00     57 (0.0E+00) 6.3E-03  2.6803854E+00    70           R
    57      1  1.0E+00     58 (0.0E+00) 3.5E-03  2.6803691E+00    70         s
    58      1  1.8E-01     59 (0.0E+00) 6.0E-03  2.6803567E+00    70
    59      1  1.0E+00     60 (0.0E+00) 2.5E-03  2.6803304E+00    70

 Major Minors     Step   nCon Feasible  Optimal  MeritFunction    nS Penalty
    60      2  1.0E+00     61 (0.0E+00) 3.5E-03  2.6803101E+00    69
    61      1  1.0E+00     62 (0.0E+00) 1.9E-03  2.6802929E+00    69
    62      1  1.0E+00     63 (0.0E+00) 8.1E-04  2.6802880E+00    69
    63      2  1.0E+00     64 (0.0E+00) 2.5E-03  2.6802824E+00    68
    64      2  1.0E+00     65 (0.0E+00) 2.8E-03  2.6802777E+00    69
    65      1  1.0E+00     66 (0.0E+00) 1.4E-03  2.6802744E+00    69
    66      2  1.0E+00     67 (0.0E+00) 3.9E-04  2.6802732E+00    68
    67      1  1.0E+00     68 (0.0E+00) 1.0E-03  2.6802712E+00    68           R
    68      2  2.8E-01     69 (0.0E+00) 4.6E-04  2.6802709E+00    69         s
    69      1  1.0E+00     70 (0.0E+00) 5.9E-04  2.6802705E+00    69

 Major Minors     Step   nCon Feasible  Optimal  MeritFunction    nS Penalty
    70      1  1.0E+00     71 (0.0E+00) 1.1E-03  2.6802695E+00    69
    71      1  1.0E+00     72 (0.0E+00) 1.1E-03  2.6802692E+00    69
    72      1  1.0E+00     73 (0.0E+00) 8.2E-04  2.6802680E+00    69
    73      1  1.0E+00     74 (0.0E+00) 4.3E-04  2.6802675E+00    69
    74      1  1.0E+00     75 (0.0E+00) 2.4E-04  2.6802672E+00    69
    75      1  1.0E+00     76 (0.0E+00) 2.2E-04  2.6802669E+00    69
    76      1  1.0E+00     77 (0.0E+00) 3.6E-04  2.6802665E+00    69
    77      1  1.0E+00     78 (0.0E+00) 4.9E-04  2.6802659E+00    69
    78      1  1.0E+00     79 (0.0E+00) 4.8E-04  2.6802654E+00    69           R
    79      1  1.0E+00     80 (0.0E+00) 5.9E-04  2.6802652E+00    69         s

 Major Minors     Step   nCon Feasible  Optimal  MeritFunction    nS Penalty
    80      1  4.3E-01     81 (0.0E+00) 6.0E-04  2.6802650E+00    69
    81      1  1.0E+00     82 (0.0E+00) 1.5E-04  2.6802648E+00    69
    82      2  1.0E+00     83 (0.0E+00) 3.0E-04  2.6802647E+00    68
    83      1  1.0E+00     84 (0.0E+00) 3.2E-04  2.6802645E+00    68
    84      1  1.0E+00     85 (0.0E+00) 1.9E-04  2.6802643E+00    68
    85      1  1.0E+00     86 (0.0E+00) 1.1E-04  2.6802642E+00    68
    86      1  1.0E+00     87 (0.0E+00) 3.4E-04  2.6802641E+00    68
    87      2  1.0E+00     88 (0.0E+00) 4.2E-04  2.6802640E+00    69
    88      2  1.0E+00     89 (0.0E+00) 2.9E-04  2.6802639E+00    68
    89      1  1.0E+00     90 (0.0E+00) 1.0E-04  2.6802638E+00    68           R

 Major Minors     Step   nCon Feasible  Optimal  MeritFunction    nS Penalty
    90      2  1.0E+00     91 (0.0E+00) 4.6E-04  2.6802638E+00    69         s
    91      2  1.0E+00     92 (0.0E+00) 4.4E-05  2.6802638E+00    68
    92      1  1.0E+00     93 (0.0E+00) 9.3E-05  2.6802638E+00    68
    93      1  1.0E+00     94 (0.0E+00) 1.5E-04  2.6802637E+00    68
    94      1  1.0E+00     95 (0.0E+00) 1.2E-04  2.6802637E+00    68
    95      1  1.0E+00     96 (0.0E+00) 9.2E-05  2.6802637E+00    68
    96      1  1.0E+00     97 (0.0E+00) 2.1E-04  2.6802637E+00    68
    97      1  1.0E+00     98 (0.0E+00) 2.5E-04  2.6802636E+00    68
    98      1  1.0E+00     99 (0.0E+00) 1.6E-04  2.6802636E+00    68
    99      1  1.0E+00    100 (0.0E+00) 7.2E-05  2.6802636E+00    68

 Major Minors     Step   nCon Feasible  Optimal  MeritFunction    nS Penalty
   100      1  1.0E+00    101 (0.0E+00) 7.0E-05  2.6802636E+00    68           R
   101      1  1.0E+00    102 (0.0E+00) 6.9E-05  2.6802636E+00    68         s
   102      1  2.4E-01    103 (0.0E+00) 1.0E-04  2.6802636E+00    68
   103      1  1.0E+00    104 (0.0E+00) 8.2E-05  2.6802636E+00    68
   104      1  1.0E+00    105 (0.0E+00) 1.1E-04  2.6802636E+00    68
   105      1  1.0E+00    106 (0.0E+00) 8.2E-05  2.6802636E+00    68
   106      1  1.0E+00    107 (0.0E+00) 3.8E-05  2.6802636E+00    68
   107      1  1.0E+00    108 (0.0E+00) 5.3E-05  2.6802636E+00    68
   108      1  1.0E+00    109 (0.0E+00) 7.6E-05  2.6802636E+00    68
   109      1  1.0E+00    110 (0.0E+00) 5.9E-05  2.6802635E+00    68

 Major Minors     Step   nCon Feasible  Optimal  MeritFunction    nS Penalty
   110      1  1.0E+00    111 (0.0E+00) 2.3E-05  2.6802635E+00    68
   111      1  1.0E+00    112 (0.0E+00) 3.4E-05  2.6802635E+00    68           R
   112      1  2.6E-01    113 (0.0E+00) 2.5E-05  2.6802635E+00    68         s
   113      1  1.0E+00    114 (0.0E+00) 2.3E-05  2.6802635E+00    68
   114      1  1.0E+00    115 (0.0E+00) 1.8E-05  2.6802635E+00    68
   115      1  1.0E+00    116 (0.0E+00) 1.6E-05  2.6802635E+00    68
   116      1  1.0E+00    117 (0.0E+00) 1.3E-05  2.6802635E+00    68
   117      1  1.0E+00    118 (0.0E+00) 1.4E-05  2.6802635E+00    68
   118      1  1.0E+00    119 (0.0E+00) 1.1E-05  2.6802635E+00    68
   119      1  1.0E+00    120 (0.0E+00) 1.2E-05  2.6802635E+00    68

 Major Minors     Step   nCon Feasible  Optimal  MeritFunction    nS Penalty
   120      1  1.0E+00    121 (0.0E+00) 1.6E-05  2.6802635E+00    68
   121      1  1.0E+00    122 (0.0E+00) 3.4E-05  2.6802635E+00    68
   122      1  1.0E+00    123 (0.0E+00) 4.7E-05  2.6802635E+00    68           R
   122      2  1.0E+00    123 (0.0E+00) 4.1E-05  2.6802635E+00    68           R   c
   123      1  1.0E+00    124 (0.0E+00) 2.8E-05  2.6802635E+00    68         s
   124      1  1.0E+00    125 (0.0E+00) 6.2E-05  2.6802635E+00    68
   125      1  2.1E-01    126 (0.0E+00) 6.5E-06  2.6802635E+00    68
   126      1  1.0E+00    127 (0.0E+00) 1.3E-05  2.6802635E+00    68
   127      1  1.0E+00    128 (0.0E+00) 1.9E-05  2.6802635E+00    68
   128      1  1.0E+00    129 (0.0E+00) 1.9E-05  2.6802635E+00    68
   129      1  1.0E+00    130 (0.0E+00) 1.6E-05  2.6802635E+00    68

 Major Minors     Step   nCon Feasible  Optimal  MeritFunction    nS Penalty
   130      1  1.0E+00    131 (0.0E+00) 2.3E-05  2.6802635E+00    68
   131      1  1.0E+00    132 (0.0E+00) 2.6E-05  2.6802635E+00    68
   132      1  1.0E+00    133 (0.0E+00) 2.2E-05  2.6802635E+00    68
   133      1  1.0E+00    134 (0.0E+00) 1.3E-05  2.6802635E+00    68           R
   134      1  2.0E-01    135 (0.0E+00) 1.3E-05  2.6802635E+00    68         s
   134      2  1.0E+00    135 (0.0E+00) 1.3E-05  2.6802635E+00    68         s     c
   135      1  1.0E+00    136 (0.0E+00) 9.8E-06  2.6802635E+00    68               c
   136      1  1.0E+00    137 (0.0E+00) 1.1E-05  2.6802635E+00    68               c
   137      1  1.0E+00    138 (0.0E+00) 1.3E-05  2.6802635E+00    68               c
   138      1  1.0E+00    139 (0.0E+00) 2.2E-05  2.6802635E+00    68
   139      1  1.0E+00    140 (0.0E+00) 2.0E-05  2.6802635E+00    68

 Major Minors     Step   nCon Feasible  Optimal  MeritFunction    nS Penalty
   140      1  1.0E+00    141 (0.0E+00) 4.8E-06  2.6802635E+00    68

 Major Minors     Step   nCon Feasible  Optimal  MeritFunction    nS Penalty
   140      2  1.0E+00    141 (0.0E+00) 3.6E-06  2.6802635E+00    68               c
   141      1  1.0E+00    142 (0.0E+00) 4.6E-06  2.6802635E+00    68               c
   142      1  1.0E+00    143 (0.0E+00) 6.9E-06  2.6802635E+00    68               c
   143      1  1.0E+00    144 (0.0E+00) 7.2E-06  2.6802635E+00    68               c
   144      1  1.0E+00    145 (0.0E+00) 6.4E-06  2.6802635E+00    68           R   c
   145      1  1.0E+00    146 (0.0E+00) 4.9E-06  2.6802635E+00    68         s     c
   146      1  2.7E-01    147 (0.0E+00) 8.0E-06  2.6802635E+00    68               c
   147      1  1.0E+00    148 (0.0E+00) 4.6E-06  2.6802635E+00    68               c
   148      1  1.0E+00    149 (0.0E+00) 5.6E-06  2.6802635E+00    68               c
   149      1  1.0E+00    150 (0.0E+00) 5.7E-06  2.6802635E+00    68               c

 Major Minors     Step   nCon Feasible  Optimal  MeritFunction    nS Penalty
   150      1  1.0E+00    151 (0.0E+00) 4.8E-06  2.6802635E+00    68               c
   151      1  1.0E+00    152 (0.0E+00) 4.0E-06  2.6802635E+00    68               c
   152      1  1.0E+00    153 (0.0E+00) 6.4E-06  2.6802635E+00    68               c
   153      1  1.0E+00    154 (0.0E+00) 7.4E-06  2.6802635E+00    68               c
   154      1  1.0E+00    155 (0.0E+00) 5.1E-06  2.6802635E+00    68               c
   155      1  1.0E+00    156 (0.0E+00) 4.9E-06  2.6802635E+00    68           R   c
   156      1  1.0E+00    157 (0.0E+00) 4.9E-06  2.6802635E+00    68         s     c
   157      1  6.6E-02    158 (0.0E+00) 1.2E-05  2.6802635E+00    68               c
   158      1  1.0E+00    159 (0.0E+00) 2.4E-06  2.6802635E+00    68               c
   159      1  1.0E+00    160 (0.0E+00) 6.1E-06  2.6802635E+00    68               c

 Major Minors     Step   nCon Feasible  Optimal  MeritFunction    nS Penalty
   160      1  1.0E+00    161 (0.0E+00) 2.4E-06  2.6802635E+00    68               c
   161      1  1.0E+00    162 (0.0E+00)(1.9E-06) 2.6802635E+00    68               c
 
 SNOPTA EXIT   0 -- finished successfully
 SNOPTA INFO   1 -- optimality conditions satisfied

 Problem name
 No. of iterations                 578   Objective value      2.6802635225E+00
 No. of major iterations           161   Linear objective     0.0000000000E+00
 Penalty parameter           0.000E+00   Nonlinear objective  2.6802635225E+00
 No. of calls to funobj          20144   No. of calls to funcon          20144
 Calls with modes 1,2 (known g)    162   Calls with modes 1,2 (known g)    162
 Calls for forward differencing  13872   Calls for forward differencing  13872
 Calls for central differencing   5916   Calls for central differencing   5916
 No. of superbasics                 68   No. of basic nonlinears             0
 No. of degenerate steps             0   Percentage                        .00
 Max x       (scaled)        5 6.0E-01   Max pi      (scaled)        1 0.0E+00
 Max x                       5 6.0E-01   Max pi                      1 0.0E+00
 Max Prim inf(scaled)        0 0.0E+00   Max Dual inf(scaled)       74 4.4E-06
 Max Primal infeas           0 0.0E+00   Max Dual infeas            74 4.4E-06
 Nonlinear constraint violn    0.0E+00

 Solution not printed
