 

 Nonlinear constraints     306     Linear constraints       0
 Nonlinear variables       505     Linear variables         0
 Jacobian  variables       505     Objective variables    505
 Total constraints         306     Total variables        505
 

 
 The user has defined       0   out of  155035   first  derivatives
 

        Minor   QPmult   nInf   SumInf   rgNorm    QPobjective
          100  7.5E+00                           2.9007326E+02
          200                           1.1E-15  2.6221873E+02     5
          300  1.9E-01                  7.6E-15  2.5775826E+02    93

 Major Minors     Step   nCon Feasible  Optimal  MeritFunction    nS Penalty
     0    333               1 (3.8E-11) 9.3E-02  3.9683333E+02   125           r  T
     1     82  1.0E-01      2  6.7E-06  1.0E-01  3.6921697E+02   184         n rl

        Minor   QPmult   nInf   SumInf   rgNorm    QPobjective    nS
          100                           1.1E+01  3.3780907E+01    84

 Major Minors     Step   nCon Feasible  Optimal  MeritFunction    nS Penalty
     2    151  9.4E-02      3  3.5E-05  1.3E-01  3.4422664E+02    50         s  l

        Minor   QPmult   nInf   SumInf   rgNorm    QPobjective    nS
          100  7.2E-02                  8.7E-14  6.2071830E+00    69

 Major Minors     Step   nCon Feasible  Optimal  MeritFunction    nS Penalty
     3    155  1.0E+00      4  1.3E-02  5.4E-02 -5.2657140E-01   122
     4     87  1.0E+00      5  8.0E-03  3.0E-02  6.6348024E+00    84 9.7E+00
     5     62  1.0E+00      6  6.1E-03  5.0E-02  4.4882532E+00   117 9.7E+00
     6     38  1.0E+00      7  1.7E-03  2.4E-02  3.4964174E+00   116 9.7E+00
     7     53  1.0E+00      8  6.3E-04  2.7E-02  3.1378799E+00   114 9.7E+00
     8     27  1.0E+00      9  2.2E-04  3.1E-02  3.1110864E+00   124 9.7E+00
     9     29  1.0E+00     10  1.4E-04  1.3E-02  2.8551767E+00   126 9.7E+00

 Major Minors     Step   nCon Feasible  Optimal  MeritFunction    nS Penalty
    10     19  4.4E-01     11  7.6E-05  6.6E-03  2.7738532E+00   132 9.7E+00
    11      5  1.0E+00     12  1.4E-04  9.7E-03  2.7431758E+00   132 9.7E+00
    12     11  1.0E+00     13  5.6E-05  7.6E-03  2.7114519E+00   134 9.7E+00   R
    13      5  3.5E-01     14  3.7E-05  2.3E-03  2.6853563E+00   138 9.7E+00 s
    14      1  1.0E+00     15  1.9E-06  1.2E-03  2.6802821E+00   138 9.7E+00
    15      2  1.0E+00     16  5.2E-06  1.3E-03  2.6737321E+00   137 9.7E+00
    16      2  1.0E+00     17  6.6E-06  2.9E-03  2.6643100E+00   136 9.7E+00
    17      2  1.0E+00     18  3.7E-06  2.6E-03  2.6521964E+00   135 9.7E+00
    18      3  1.0E+00     19  6.7E-06  1.2E-03  2.6448304E+00   137 9.7E+00
    19      5  1.0E+00     20  5.3E-06  7.6E-04  2.6405389E+00   135 9.7E+00

 Major Minors     Step   nCon Feasible  Optimal  MeritFunction    nS Penalty
    20      2  1.0E+00     21  1.7E-06  1.0E-03  2.6389016E+00   134 9.7E+00
    21      5  1.0E+00     22  5.3E-06  9.3E-04  2.6363529E+00   136 9.7E+00
    22      1  1.0E+00     23  2.1E-06  5.4E-04  2.6351502E+00   136 9.7E+00
    23      1  1.0E+00     24  2.9E-06  5.6E-04  2.6340051E+00   136 9.7E+00   R
    24      1  1.0E+00     25 (2.8E-07) 5.1E-04  2.6335446E+00   136 9.7E+00 s
    25      1  1.0E+00     26  1.1E-05  3.1E-03  2.6330901E+00   136 9.7E+00
    26      1  1.0E+00     27  1.9E-06  2.8E-03  2.6324982E+00   136 9.7E+00
    27      1  1.0E+00     28  1.0E-06  9.5E-04  2.6315831E+00   136 9.7E+00
    28      1  1.0E+00     29 (8.4E-07) 1.7E-03  2.6314795E+00   136 9.7E+00
    29      1  1.0E+00     30  1.5E-06  8.8E-04  2.6307570E+00   136 9.7E+00

 Major Minors     Step   nCon Feasible  Optimal  MeritFunction    nS Penalty
    30      1  1.0E+00     31  1.4E-06  1.1E-03  2.6304100E+00   136 9.7E+00
    31      1  1.0E+00     32 (5.6E-07) 2.4E-03  2.6303988E+00   136 9.7E+00
    32      1  1.0E+00     33 (5.2E-07) 6.2E-04  2.6298819E+00   136 9.7E+00
    33      1  4.8E-01     34 (2.6E-07) 5.1E-04  2.6296768E+00   136 9.7E+00
    34      1  1.0E+00     35 (7.4E-07) 5.2E-04  2.6295897E+00   136 9.7E+00   R
    35      1  3.7E-01     36 (4.8E-07) 1.7E-04  2.6294424E+00   136 9.7E+00 s
    36      1  1.0E+00     37 (1.1E-08) 1.0E-04  2.6294067E+00   136 9.7E+00
    37      1  1.0E+00     38 (2.2E-08) 1.8E-04  2.6293556E+00   136 9.7E+00
    38      1  1.0E+00     39 (2.7E-07) 3.7E-04  2.6292374E+00   136 9.7E+00
    39      1  1.0E+00     40 (3.2E-07) 3.1E-04  2.6291472E+00   136 9.7E+00

 Major Minors     Step   nCon Feasible  Optimal  MeritFunction    nS Penalty
    40      1  1.0E+00     41 (9.7E-08) 1.0E-04  2.6290998E+00   136 9.7E+00
    41      1  1.0E+00     42 (2.8E-08) 1.0E-04  2.6290786E+00   136 9.7E+00
    42      1  1.0E+00     43 (1.0E-07) 1.7E-04  2.6290536E+00   136 9.7E+00
    43      1  1.0E+00     44 (4.5E-07) 2.5E-04  2.6290111E+00   136 9.7E+00
    44      1  1.0E+00     45 (9.5E-07) 2.1E-04  2.6289569E+00   136 9.7E+00
    45      1  1.0E+00     46 (6.4E-07) 1.1E-04  2.6289094E+00   136 9.7E+00   R
    46      1  1.0E+00     47 (1.2E-08) 7.2E-05  2.6288891E+00   136 9.7E+00 s
    47      1  1.0E+00     48 (4.6E-07) 1.8E-04  2.6288691E+00   136 9.7E+00
    48      1  1.0E+00     49 (1.1E-08) 1.2E-04  2.6288536E+00   136 9.7E+00
    49      1  1.0E+00     50 (3.0E-08) 1.1E-04  2.6288478E+00   136 9.7E+00

 Major Minors     Step   nCon Feasible  Optimal  MeritFunction    nS Penalty
    50      1  1.0E+00     51 (2.5E-08) 9.5E-05  2.6288410E+00   136 9.7E+00
    51      1  1.0E+00     52 (6.4E-08) 9.8E-05  2.6288316E+00   136 9.7E+00
    52      1  1.0E+00     53 (2.3E-07) 1.1E-04  2.6288213E+00   136 9.7E+00
    53      1  1.0E+00     54 (1.8E-07) 9.9E-05  2.6288077E+00   136 9.7E+00
    54      1  1.0E+00     55 (4.0E-07) 1.2E-04  2.6288027E+00   136 9.7E+00
    55      1  1.0E+00     56 (3.5E-09) 7.2E-05  2.6287937E+00   136 9.7E+00
    56      1  1.0E+00     57 (7.1E-08) 2.0E-04  2.6287888E+00   136 9.7E+00   R
    57      1  4.2E-01     58 (4.1E-08) 3.1E-05  2.6287806E+00   136 9.7E+00 s
    58      1  1.0E+00     59 (6.4E-10) 2.0E-05  2.6287791E+00   136 9.7E+00
    59      1  1.0E+00     60 (1.8E-08) 9.1E-05  2.6287748E+00   136 9.7E+00

 Major Minors     Step   nCon Feasible  Optimal  MeritFunction    nS Penalty
    60      1  1.0E+00     61 (2.4E-08) 9.0E-05  2.6287711E+00   136 9.7E+00
    61      1  1.0E+00     62 (2.5E-08) 4.3E-05  2.6287677E+00   136 9.7E+00
    62      1  1.0E+00     63 (2.8E-09) 1.9E-05  2.6287658E+00   136 9.7E+00
    63      1  1.0E+00     64 (1.4E-08) 2.9E-05  2.6287643E+00   136 9.7E+00
    64      1  1.0E+00     65 (2.7E-08) 4.4E-05  2.6287626E+00   136 9.7E+00
    65      1  1.0E+00     66 (5.2E-08) 3.7E-05  2.6287605E+00   136 9.7E+00
    66      1  1.0E+00     67 (6.4E-08) 2.1E-05  2.6287579E+00   136 9.7E+00
    67      1  1.0E+00     68 (4.7E-08) 3.9E-05  2.6287545E+00   136 9.7E+00   R
    68      1  1.0E+00     69 (1.9E-09) 2.9E-05  2.6287527E+00   136 9.7E+00 s
    69      1  1.0E+00     70 (9.5E-08) 9.7E-05  2.6287523E+00   136 9.7E+00

 Major Minors     Step   nCon Feasible  Optimal  MeritFunction    nS Penalty
    70      1  1.0E+00     71 (1.1E-09) 1.2E-04  2.6287507E+00   136 9.7E+00
    71      1  1.0E+00     72 (5.5E-09) 1.6E-04  2.6287503E+00   136 9.7E+00
    72      1  1.0E+00     73 (8.9E-10) 8.4E-05  2.6287489E+00   136 9.7E+00
    73      1  1.0E+00     74 (1.4E-08) 1.9E-04  2.6287488E+00   136 9.7E+00
    74      1  1.0E+00     75 (3.1E-09) 7.7E-05  2.6287464E+00   136 9.7E+00
    75      1  3.9E-01     76 (2.9E-09) 7.7E-05  2.6287451E+00   136 9.7E+00
    76      1  1.0E+00     77 (1.3E-09) 4.4E-05  2.6287442E+00   136 9.7E+00
    77      1  1.0E+00     78 (7.1E-09) 1.0E-04  2.6287431E+00   136 9.7E+00
    78      1  1.0E+00     79 (1.2E-08) 8.9E-05  2.6287410E+00   136 9.7E+00   R
    79      1  3.2E-01     80 (7.3E-09) 2.5E-05  2.6287391E+00   136 9.7E+00 s

 Major Minors     Step   nCon Feasible  Optimal  MeritFunction    nS Penalty
    80      1  1.0E+00     81 (1.4E-10) 9.5E-06  2.6287387E+00   136 9.7E+00
    81      1  1.0E+00     82 (6.9E-10) 3.7E-05  2.6287380E+00   136 9.7E+00
    82      1  1.0E+00     83 (5.7E-09) 7.0E-05  2.6287370E+00   136 9.7E+00
    83      1  1.0E+00     84 (2.6E-08) 1.1E-04  2.6287348E+00   136 9.7E+00
    84      1  1.0E+00     85 (3.8E-08) 1.1E-04  2.6287321E+00   136 9.7E+00
    85      1  1.0E+00     86 (7.3E-09) 5.8E-05  2.6287293E+00   136 9.7E+00
    86      1  1.0E+00     87 (3.1E-08) 3.3E-05  2.6287269E+00   136 9.7E+00
    87      1  1.0E+00     88 (5.7E-08) 6.3E-05  2.6287243E+00   136 9.7E+00
    88      1  1.0E+00     89 (1.2E-07) 8.5E-05  2.6287205E+00   136 9.7E+00
    89      1  1.0E+00     90 (2.0E-07) 7.4E-05  2.6287149E+00   136 9.7E+00   R

 Major Minors     Step   nCon Feasible  Optimal  MeritFunction    nS Penalty
    90      1  1.0E+00     91 (2.0E-09) 2.8E-05  2.6287114E+00   136 9.7E+00 s
    91      1  1.0E+00     92 (2.6E-08) 8.7E-05  2.6287085E+00   136 9.7E+00
    92      1  1.0E+00     93 (1.6E-09) 4.4E-05  2.6287071E+00   136 9.7E+00
    93      1  1.0E+00     94 (5.0E-09) 3.8E-05  2.6287062E+00   136 9.7E+00
    94      1  1.0E+00     95 (1.0E-08) 2.1E-05  2.6287049E+00   136 9.7E+00
    95      1  1.0E+00     96 (6.9E-09) 3.4E-05  2.6287043E+00   136 9.7E+00
    96      1  1.0E+00     97 (5.8E-09) 2.3E-05  2.6287039E+00   136 9.7E+00
    97      1  1.0E+00     98 (7.1E-10) 1.4E-05  2.6287035E+00   136 9.7E+00
    98      1  1.0E+00     99 (2.4E-08) 3.0E-05  2.6287023E+00   136 9.7E+00
    99      1  1.0E+00    100 (2.7E-08) 5.6E-05  2.6287004E+00   136 9.7E+00

 Major Minors     Step   nCon Feasible  Optimal  MeritFunction    nS Penalty
   100      1  1.0E+00    101 (3.8E-08) 5.7E-05  2.6286988E+00   136 9.7E+00   R
   101      1  1.0E+00    102 (2.2E-09) 6.4E-05  2.6286986E+00   136 9.7E+00 s
   102      1  1.0E+00    103 (3.2E-11) 1.4E-05  2.6286978E+00   136 9.7E+00
   103      1  1.0E+00    104 (4.4E-10) 1.2E-05  2.6286976E+00   136 9.7E+00
   104      1  1.0E+00    105 (1.1E-08) 1.4E-05  2.6286969E+00   136 9.7E+00
   105      1  1.0E+00    106 (1.7E-09) 1.0E-05  2.6286967E+00   136 9.7E+00
   106      1  1.0E+00    107 (6.8E-10) 3.4E-06  2.6286966E+00   136 9.7E+00
   107      1  1.0E+00    108 (3.2E-09) 6.0E-06  2.6286964E+00   136 9.7E+00
   108      1  1.0E+00    109 (5.2E-09) 7.4E-06  2.6286963E+00   136 9.7E+00
   109      1  1.0E+00    110 (3.0E-09) 4.7E-06  2.6286962E+00   136 9.7E+00

 Major Minors     Step   nCon Feasible  Optimal  MeritFunction    nS Penalty
   110      1  1.0E+00    111 (9.2E-10) 3.1E-06  2.6286961E+00   136 9.7E+00
   111      1  1.0E+00    112 (1.4E-09) 8.6E-06  2.6286961E+00   136 9.7E+00   R
   112      1  1.0E+00    113 (2.7E-10) 2.9E-06  2.6286960E+00   136 9.7E+00 s
   113      1  1.0E+00    114 (5.9E-09) 5.1E-06  2.6286959E+00   136 9.7E+00
   114      1  1.0E+00    115 (1.9E-09) 7.6E-06  2.6286958E+00   136 9.7E+00
   115      1  1.0E+00    116 (8.0E-10) 4.5E-06  2.6286957E+00   136 9.7E+00
   116      1  1.0E+00    117 (1.7E-08) 1.3E-05  2.6286956E+00   136 9.7E+00
   117      1  1.0E+00    118 (7.1E-09) 1.3E-05  2.6286956E+00   136 9.7E+00
   118      1  1.0E+00    119 (1.2E-09) 6.0E-06  2.6286955E+00   136 9.7E+00
   119      1  1.0E+00    120 (3.2E-09) 6.5E-06  2.6286955E+00   136 9.7E+00

 Major Minors     Step   nCon Feasible  Optimal  MeritFunction    nS Penalty
   120      1  1.0E+00    121 (1.4E-09) 6.5E-06  2.6286955E+00   136 9.7E+00
   121      1  1.0E+00    122 (1.6E-09) 6.4E-06  2.6286954E+00   136 9.7E+00
   122      1  1.0E+00    123 (3.5E-10) 3.0E-06  2.6286954E+00   136 9.7E+00   R
   123      1  1.0E+00    124 (2.4E-11) 4.8E-06  2.6286954E+00   136 9.7E+00 s
   124      1  1.0E+00    125 (3.6E-13)(9.1E-07) 2.6286954E+00   136 9.7E+00       c
   124      2  1.0E+00    125 (3.6E-13)(9.2E-07) 2.6286954E+00   136 9.7E+00       c
 
 SNOPTA EXIT   0 -- finished successfully
 SNOPTA INFO   1 -- optimality conditions satisfied

 Problem name
 No. of iterations                1183   Objective value      2.6286954129E+00
 No. of major iterations           124   Linear objective     0.0000000000E+00
 Penalty parameter           9.656E+00   Nonlinear objective  2.6286954129E+00
 No. of calls to funobj          64395   No. of calls to funcon          64395
 Calls with modes 1,2 (known g)    125   Calls with modes 1,2 (known g)    125
 Calls for forward differencing  63125   Calls for forward differencing  63125
 Calls for central differencing   1010   Calls for central differencing   1010
 No. of superbasics                136   No. of basic nonlinears           306
 No. of degenerate steps            67   Percentage                       5.66
 Max x                     101 1.0E+01   Max pi                    306 5.2E+00
 Max Primal infeas           0 0.0E+00   Max Dual infeas           384 5.6E-06
 Nonlinear constraint violn    1.9E-11

 Solution not printed
