
 
 ===>  WARNING - variable      203 has no Jacobian entries.
 ===>  WARNING - variable      204 has no Jacobian entries.
 ===>  WARNING - variable      205 has no Jacobian entries.
 

 Nonlinear constraints       3     Linear constraints       0
 Nonlinear variables       202     Linear variables         3
 Jacobian  variables       202     Objective variables    202
 Total constraints           3     Total variables        205
 

 
 The user has defined       0   out of     808   first  derivatives
 

        Minor   QPmult   nInf   SumInf   rgNorm    QPobjective    nS
          100 -4.0E-02                          -2.6876365E+02    18

 Major Minors     Step   nCon Feasible  Optimal  MeritFunction    nS Penalty
     0    100               1 (0.0E+00) 6.5E+00  3.8590000E+02    18           r
     1      5  2.6E-01      2 (0.0E+00) 4.7E+00  2.0018843E+02    14         n rl
     2     49  3.5E-01      3 (0.0E+00) 3.0E+00  7.8971458E+01    62         s  l
     3     69  2.2E-01      4 (0.0E+00) 2.8E+00  5.7261845E+01    44
     4     57  1.0E+00      5 (0.0E+00) 7.4E+00  7.9098833E+00    92
     5      1  1.0E+00      6 (0.0E+00) 2.1E+00  3.8122566E+00    92
     6      2  1.0E+00      7 (0.0E+00) 6.5E-02  3.1904396E+00    91
     7      6  1.0E+00      8 (0.0E+00) 2.4E-01  3.1146116E+00    86
     8      8  1.0E+00      9 (0.0E+00) 3.4E-01  2.9952967E+00    79
     9      3  1.0E+00     10 (0.0E+00) 1.7E-01  2.9577913E+00    77

 Major Minors     Step   nCon Feasible  Optimal  MeritFunction    nS Penalty
    10      4  1.0E+00     11 (0.0E+00) 1.4E-02  2.9343600E+00    74
    11      4  1.0E+00     12 (0.0E+00) 2.6E-02  2.9217676E+00    71
    12      2  1.0E+00     13 (0.0E+00) 2.5E-02  2.9062636E+00    72           R
    13      3  3.5E-01     14 (0.0E+00) 5.7E-02  2.9055434E+00    72         s
    14      2  1.0E+00     15 (0.0E+00) 6.2E-02  2.9042407E+00    73
    15      1  1.0E+00     16 (0.0E+00) 9.1E-02  2.8988264E+00    73
    16      2  1.0E+00     17 (0.0E+00) 9.2E-02  2.8968840E+00    72
    17      1  1.0E+00     18 (0.0E+00) 8.2E-02  2.8882475E+00    72
    18      3  1.0E+00     19 (0.0E+00) 7.2E-02  2.8779193E+00    72
    19      1  1.0E+00     20 (0.0E+00) 4.2E-02  2.8656982E+00    72

 Major Minors     Step   nCon Feasible  Optimal  MeritFunction    nS Penalty
    20      1  1.0E+00     21 (0.0E+00) 1.3E-02  2.8624534E+00    72
    21      3  1.0E+00     22 (0.0E+00) 1.4E-02  2.8616558E+00    70
    22      1  1.0E+00     23 (0.0E+00) 1.8E-02  2.8593609E+00    70
    23      2  1.0E+00     24 (0.0E+00) 2.3E-02  2.8556823E+00    71           R
    24      3  1.0E+00     25 (0.0E+00) 3.5E-02  2.8551985E+00    71         s
    25      4  1.0E+00     26 (0.0E+00) 2.6E-02  2.8545355E+00    72
    26      2  1.0E+00     27 (0.0E+00) 4.4E-02  2.8514730E+00    71
    27      4  1.0E+00     28 (0.0E+00) 5.3E-02  2.8508518E+00    69
    28      2  1.0E+00     29 (0.0E+00) 4.5E-02  2.8479988E+00    70
    29      2  1.0E+00     30 (0.0E+00) 2.3E-02  2.8464103E+00    71

 Major Minors     Step   nCon Feasible  Optimal  MeritFunction    nS Penalty
    30      2  1.0E+00     31 (0.0E+00) 1.6E-02  2.8461542E+00    70
    31      1  1.0E+00     32 (0.0E+00) 8.4E-03  2.8453978E+00    70
    32      1  1.0E+00     33 (0.0E+00) 1.5E-02  2.8448541E+00    70
    33      1  1.0E+00     34 (0.0E+00) 2.3E-02  2.8439124E+00    70
    34      2  1.0E+00     35 (0.0E+00) 2.4E-02  2.8432373E+00    71           R
    35      9  1.0E+00     36 (0.0E+00) 1.8E-02  2.8429298E+00    75         s
    36      8  2.2E-01     37 (0.0E+00) 4.0E-02  2.8419096E+00    70
    37      1  1.0E+00     38 (0.0E+00) 1.6E-02  2.8410286E+00    70
    38      2  1.0E+00     39 (0.0E+00) 2.8E-02  2.8404717E+00    69
    39      1  1.0E+00     40 (0.0E+00) 3.1E-02  2.8385691E+00    69

 Major Minors     Step   nCon Feasible  Optimal  MeritFunction    nS Penalty
    40      1  1.0E+00     41 (0.0E+00) 1.2E-02  2.8370945E+00    69
    41      1  1.0E+00     42 (0.0E+00) 1.1E-02  2.8362884E+00    69
    42      1  1.0E+00     43 (0.0E+00) 1.8E-02  2.8346566E+00    69
    43      1  1.0E+00     44 (0.0E+00) 3.2E-02  2.8323991E+00    69
    44      1  1.0E+00     45 (0.0E+00) 3.8E-02  2.8302309E+00    69
    45      2  1.0E+00     46 (0.0E+00) 2.1E-02  2.8292300E+00    70           R
    46      2  2.0E-01     47 (0.0E+00) 1.1E-02  2.8291485E+00    69         s
    47      1  1.0E+00     48 (0.0E+00) 1.0E-02  2.8291060E+00    69
    48      1  1.0E+00     49 (0.0E+00) 5.7E-03  2.8287655E+00    69
    49      1  1.0E+00     50 (0.0E+00) 4.2E-03  2.8287313E+00    69

 Major Minors     Step   nCon Feasible  Optimal  MeritFunction    nS Penalty
    50      1  1.0E+00     51 (0.0E+00) 2.8E-03  2.8286346E+00    69
    51      2  1.0E+00     52 (0.0E+00) 3.9E-03  2.8285025E+00    68
    52      1  1.0E+00     53 (0.0E+00) 4.5E-03  2.8283848E+00    68
    53      1  1.0E+00     54 (0.0E+00) 3.8E-03  2.8283208E+00    68
    54      1  1.0E+00     55 (0.0E+00) 3.2E-03  2.8283041E+00    68
    55      1  1.0E+00     56 (0.0E+00) 4.1E-03  2.8282708E+00    68
    56      2  1.0E+00     57 (0.0E+00) 5.5E-03  2.8282174E+00    69           R
    57      1  1.0E+00     58 (0.0E+00) 6.0E-03  2.8282013E+00    69         s
    58      1  1.0E+00     59 (0.0E+00) 4.4E-03  2.8281145E+00    69
    59      1  1.0E+00     60 (0.0E+00) 2.0E-03  2.8280819E+00    69

 Major Minors     Step   nCon Feasible  Optimal  MeritFunction    nS Penalty
    60      1  1.0E+00     61 (0.0E+00) 5.3E-03  2.8280465E+00    69
    61      1  1.0E+00     62 (0.0E+00) 1.2E-02  2.8279636E+00    69
    62      2  1.0E+00     63 (0.0E+00) 1.4E-02  2.8278788E+00    68
    63      1  1.0E+00     64 (0.0E+00) 9.6E-03  2.8278142E+00    68
    64      1  1.0E+00     65 (0.0E+00) 3.5E-03  2.8277737E+00    68
    65      1  1.0E+00     66 (0.0E+00) 3.9E-03  2.8277242E+00    68
    66      1  1.0E+00     67 (0.0E+00) 6.5E-03  2.8276464E+00    68
    67      1  1.0E+00     68 (0.0E+00) 8.8E-03  2.8275394E+00    68           R
    68      2  1.0E+00     69 (0.0E+00) 5.9E-03  2.8275160E+00    69         s
    69      1  1.0E+00     70 (0.0E+00) 2.5E-03  2.8274685E+00    69

 Major Minors     Step   nCon Feasible  Optimal  MeritFunction    nS Penalty
    70      1  1.0E+00     71 (0.0E+00) 1.0E-03  2.8274540E+00    69
    71      2  1.0E+00     72 (0.0E+00) 1.1E-03  2.8274491E+00    68
    72      1  1.0E+00     73 (0.0E+00) 1.2E-03  2.8274294E+00    68
    73      1  1.0E+00     74 (0.0E+00) 1.1E-03  2.8274132E+00    68
    74      1  1.0E+00     75 (0.0E+00) 7.6E-04  2.8274057E+00    68
    75      1  1.0E+00     76 (0.0E+00) 6.4E-04  2.8274013E+00    68
    76      1  1.0E+00     77 (0.0E+00) 1.2E-03  2.8273967E+00    68
    77      1  1.0E+00     78 (0.0E+00) 2.1E-03  2.8273889E+00    68
    78      2  1.0E+00     79 (0.0E+00) 2.8E-03  2.8273782E+00    69           R
    79      1  1.0E+00     80 (0.0E+00) 4.6E-03  2.8273753E+00    69         s

 Major Minors     Step   nCon Feasible  Optimal  MeritFunction    nS Penalty
    80      1  1.0E+00     81 (0.0E+00) 2.4E-03  2.8273701E+00    69
    81      2  1.0E+00     82 (0.0E+00) 6.2E-04  2.8273648E+00    68
    82      1  1.0E+00     83 (0.0E+00) 5.2E-04  2.8273636E+00    68
    83      1  1.0E+00     84 (0.0E+00) 8.0E-04  2.8273573E+00    68
    84      1  1.0E+00     85 (0.0E+00) 1.8E-03  2.8273511E+00    68
    85      1  1.0E+00     86 (0.0E+00) 2.5E-03  2.8273464E+00    68
    86      1  1.0E+00     87 (0.0E+00) 2.4E-03  2.8273436E+00    68
    87      1  1.0E+00     88 (0.0E+00) 1.7E-03  2.8273418E+00    68
    88      1  1.0E+00     89 (0.0E+00) 6.5E-04  2.8273401E+00    68
    89      1  1.0E+00     90 (0.0E+00) 6.4E-04  2.8273386E+00    68           R

 Major Minors     Step   nCon Feasible  Optimal  MeritFunction    nS Penalty
    90      1  1.0E+00     91 (0.0E+00) 5.8E-04  2.8273380E+00    68         s
    91      2  1.8E-01     92 (0.0E+00) 2.9E-03  2.8273368E+00    69
    92      2  4.0E-01     93 (0.0E+00) 3.3E-04  2.8273316E+00    68
    93      1  1.0E+00     94 (0.0E+00) 5.4E-04  2.8273303E+00    68
    94      1  1.0E+00     95 (0.0E+00) 4.7E-04  2.8273292E+00    68
    95      1  1.0E+00     96 (0.0E+00) 2.4E-04  2.8273286E+00    68
    96      1  1.0E+00     97 (0.0E+00) 3.8E-04  2.8273280E+00    68
    97      1  1.0E+00     98 (0.0E+00) 2.8E-04  2.8273278E+00    68
    98      1  1.0E+00     99 (0.0E+00) 9.5E-05  2.8273276E+00    68
    99      1  1.0E+00    100 (0.0E+00) 1.5E-04  2.8273275E+00    68

 Major Minors     Step   nCon Feasible  Optimal  MeritFunction    nS Penalty
   100      1  1.0E+00    101 (0.0E+00) 1.8E-04  2.8273273E+00    68           R
   101      1  1.0E+00    102 (0.0E+00) 1.3E-04  2.8273272E+00    68         s
   102      1  1.3E-01    103 (0.0E+00) 3.6E-04  2.8273272E+00    68
   103      1  5.0E-01    104 (0.0E+00) 1.0E-04  2.8273271E+00    68
   104      1  1.0E+00    105 (0.0E+00) 8.4E-05  2.8273270E+00    68
   105      1  1.0E+00    106 (0.0E+00) 6.8E-05  2.8273270E+00    68
   106      1  1.0E+00    107 (0.0E+00) 4.0E-05  2.8273270E+00    68
   107      1  1.0E+00    108 (0.0E+00) 4.9E-05  2.8273270E+00    68
   108      1  1.0E+00    109 (0.0E+00) 2.4E-05  2.8273270E+00    68
   109      1  1.0E+00    110 (0.0E+00) 2.4E-05  2.8273269E+00    68

 Major Minors     Step   nCon Feasible  Optimal  MeritFunction    nS Penalty
   110      1  1.0E+00    111 (0.0E+00) 2.6E-05  2.8273269E+00    68
   111      1  1.0E+00    112 (0.0E+00) 2.4E-05  2.8273269E+00    68           R
   112      1  1.0E+00    113 (0.0E+00) 3.1E-05  2.8273269E+00    68         s
   113      1  1.4E-01    114 (0.0E+00) 4.0E-05  2.8273269E+00    68
   114      1  8.9E-02    115 (0.0E+00) 2.8E-05  2.8273269E+00    68
   115      1  1.0E+00    116 (0.0E+00) 2.0E-05  2.8273269E+00    68
   116      1  1.0E+00    117 (0.0E+00) 2.4E-05  2.8273269E+00    68
   117      1  1.0E+00    118 (0.0E+00) 4.5E-05  2.8273269E+00    68
   118      1  1.0E+00    119 (0.0E+00) 2.9E-05  2.8273269E+00    68
   119      1  4.5E-01    120 (0.0E+00) 1.9E-05  2.8273269E+00    68

 Major Minors     Step   nCon Feasible  Optimal  MeritFunction    nS Penalty
   120      1  1.0E+00    121 (0.0E+00) 2.2E-05  2.8273269E+00    68
   121      1  1.0E+00    122 (0.0E+00) 1.4E-05  2.8273269E+00    68
   122      1  1.0E+00    123 (0.0E+00) 5.5E-06  2.8273269E+00    68           R
   123      1  1.0E+00    124 (0.0E+00) 2.3E-05  2.8273269E+00    68         s
   124      1  1.1E-01    125 (0.0E+00) 9.6E-06  2.8273269E+00    68
   125      1  1.0E+00    126 (0.0E+00) 4.4E-06  2.8273269E+00    68
   125      2  1.0E+00    126 (0.0E+00) 3.6E-06  2.8273269E+00    68               c
   126      1  1.0E+00    127 (0.0E+00) 4.5E-06  2.8273269E+00    68               c
   127      1  1.0E+00    128 (0.0E+00) 3.1E-06  2.8273269E+00    68               c
   128      1  1.0E+00    129 (0.0E+00) 5.6E-06  2.8273269E+00    68               c
   129      1  1.0E+00    130 (0.0E+00) 2.4E-06  2.8273269E+00    68               c

 Major Minors     Step   nCon Feasible  Optimal  MeritFunction    nS Penalty
   130      1  1.0E+00    131 (0.0E+00)(1.7E-06) 2.8273269E+00    68               c
 
 SNOPTA EXIT   0 -- finished successfully
 SNOPTA INFO   1 -- optimality conditions satisfied

 Problem name
 No. of iterations                 478   Objective value      2.8273269354E+00
 No. of major iterations           130   Linear objective     0.0000000000E+00
 Penalty parameter           0.000E+00   Nonlinear objective  2.8273269354E+00
 No. of calls to funobj          28159   No. of calls to funcon          28159
 Calls with modes 1,2 (known g)    131   Calls with modes 1,2 (known g)    131
 Calls for forward differencing  25452   Calls for forward differencing  25452
 Calls for central differencing   2424   Calls for central differencing   2424
 No. of superbasics                 68   No. of basic nonlinears             0
 No. of degenerate steps             1   Percentage                        .21
 Max x       (scaled)        9 6.0E-01   Max pi      (scaled)        1 0.0E+00
 Max x                       9 6.0E-01   Max pi                      1 0.0E+00
 Max Prim inf(scaled)        0 0.0E+00   Max Dual inf(scaled)        5 4.0E-06
 Max Primal infeas           0 0.0E+00   Max Dual infeas             5 4.0E-06
 Nonlinear constraint violn    0.0E+00

 Solution not printed
