 

 Nonlinear constraints     306     Linear constraints       0
 Nonlinear variables       505     Linear variables         0
 Jacobian  variables       505     Objective variables    505
 Total constraints         306     Total variables        505
 

 
 The user has defined       0   out of  155035   first  derivatives
 

        Minor   QPmult   nInf   SumInf   rgNorm    QPobjective
          100  4.3E+01                           6.0916667E+01
          200  1.1E-01                  4.0E-16  2.7559540E+01     3
          300 -2.4E-02                  3.6E-16  2.6802359E+01   103

 Major Minors     Step   nCon Feasible  Optimal  MeritFunction    nS Penalty
     0    353               1 (7.6E-11) 4.3E-02  6.0916667E+01   155           r  T
     1     81  9.6E-02      2 (2.0E-07) 4.2E-02  5.4544974E+01   143         n rl
     2     64  9.2E-02      3  4.7E-05  4.7E-02  4.8818029E+01    91         s  l
     3     25  1.0E+00      4  6.3E-03  1.1E-02  2.6083575E+00    85
     4     26  1.0E+00      5  3.7E-03  7.4E-03  3.2469958E+00    78 9.7E+00
     5     16  1.0E+00      6  2.6E-03  9.2E-03  2.8826795E+00    81 9.7E+00
     6     25  1.0E+00      7  5.8E-04  7.0E-03  2.7279653E+00    85 9.7E+00
     7     18  1.0E+00      8  3.4E-04  5.3E-03  2.6776916E+00    90 9.7E+00
     8      9  1.0E+00      9  1.6E-04  2.8E-03  2.6483010E+00    90 9.7E+00
     9     10  1.0E+00     10  1.3E-04  1.5E-03  2.6347902E+00    93 9.7E+00

 Major Minors     Step   nCon Feasible  Optimal  MeritFunction    nS Penalty
    10     14  1.0E+00     11  5.6E-05  1.3E-03  2.6265634E+00    98 9.7E+00
    11     10  1.0E+00     12  4.3E-05  1.3E-03  2.6211080E+00    97 9.7E+00
    12      9  1.0E+00     13  4.2E-05  1.8E-03  2.6190379E+00    97 9.7E+00   R
    13      6  4.4E-01     14  2.3E-05  4.2E-04  2.6170864E+00   102 9.7E+00 s
    14      3  1.0E+00     15 (2.1E-07) 2.6E-04  2.6167009E+00   100 9.7E+00
    15      2  1.0E+00     16 (4.1E-07) 3.6E-04  2.6162227E+00    99 9.7E+00
    16      3  1.0E+00     17 (9.7E-07) 4.1E-04  2.6153830E+00    97 9.7E+00
    17      1  1.0E+00     18  5.9E-06  4.9E-04  2.6144041E+00    97 9.7E+00
    18      2  1.0E+00     19 (9.8E-07) 4.1E-04  2.6140828E+00    98 9.7E+00
    19      3  1.0E+00     20 (6.2E-07) 1.6E-04  2.6139340E+00   100 9.7E+00

 Major Minors     Step   nCon Feasible  Optimal  MeritFunction    nS Penalty
    20      1  1.0E+00     21 (5.8E-07) 1.8E-04  2.6138520E+00   100 9.7E+00
    21      1  1.0E+00     22  2.5E-06  1.8E-04  2.6137001E+00   100 9.7E+00
    22      1  1.0E+00     23  1.7E-06  1.6E-04  2.6135637E+00   100 9.7E+00
    23      1  1.0E+00     24 (2.0E-07) 1.0E-04  2.6134444E+00   100 9.7E+00   R
    24      2  1.0E+00     25 (1.0E-07) 9.2E-05  2.6134011E+00    99 9.7E+00 s
    25      2  1.0E+00     26  2.5E-06  5.0E-04  2.6133602E+00    98 9.7E+00
    26      3  1.0E+00     27 (3.1E-07) 5.0E-04  2.6133272E+00   100 9.7E+00
    27      2  1.0E+00     28 (2.0E-07) 2.6E-04  2.6132817E+00    99 9.7E+00
    28      1  4.7E-01     29 (1.8E-07) 8.0E-05  2.6132579E+00    99 9.7E+00
    29      4  1.0E+00     30 (1.1E-07) 1.3E-04  2.6132275E+00    98 9.7E+00

 Major Minors     Step   nCon Feasible  Optimal  MeritFunction    nS Penalty
    30      2  1.0E+00     31 (5.0E-07) 1.6E-04  2.6131785E+00    99 9.7E+00
    31      2  1.0E+00     32 (1.6E-07) 2.2E-04  2.6131498E+00   100 9.7E+00
    32      2  1.0E+00     33 (2.8E-07) 1.3E-04  2.6131319E+00    99 9.7E+00
    33      2  1.0E+00     34 (1.1E-07) 9.9E-05  2.6131164E+00   100 9.7E+00
    34      2  1.0E+00     35 (1.4E-07) 1.1E-04  2.6131036E+00    99 9.7E+00   R
    35      1  4.5E-01     36 (8.0E-08) 2.9E-05  2.6130940E+00    99 9.7E+00 s
    36      1  1.0E+00     37 (4.8E-09) 2.0E-05  2.6130915E+00    99 9.7E+00
    37      2  1.0E+00     38 (5.2E-08) 4.7E-05  2.6130846E+00   100 9.7E+00
    38      1  1.0E+00     39 (3.8E-08) 7.2E-05  2.6130765E+00   100 9.7E+00
    39      1  1.0E+00     40 (1.2E-08) 6.4E-05  2.6130697E+00   100 9.7E+00

 Major Minors     Step   nCon Feasible  Optimal  MeritFunction    nS Penalty
    40      1  1.0E+00     41 (9.6E-08) 4.8E-05  2.6130655E+00   100 9.7E+00
    41      1  1.0E+00     42 (5.8E-08) 3.5E-05  2.6130623E+00   100 9.7E+00
    42      2  1.0E+00     43 (8.2E-08) 5.1E-05  2.6130583E+00    99 9.7E+00
    43      1  1.0E+00     44 (4.5E-08) 4.9E-05  2.6130537E+00    99 9.7E+00
    44      1  1.0E+00     45 (1.1E-07) 5.2E-05  2.6130495E+00    99 9.7E+00
    45      1  1.0E+00     46 (1.9E-07) 3.0E-05  2.6130457E+00    99 9.7E+00   R
    46      1  1.0E+00     47 (8.3E-10) 2.7E-05  2.6130438E+00    99 9.7E+00 s
    47      1  1.0E+00     48 (3.5E-08) 1.2E-04  2.6130428E+00    99 9.7E+00
    48      1  1.0E+00     49 (8.3E-09) 1.2E-04  2.6130406E+00    99 9.7E+00
    49      1  1.0E+00     50 (1.4E-08) 1.1E-04  2.6130390E+00    99 9.7E+00

 Major Minors     Step   nCon Feasible  Optimal  MeritFunction    nS Penalty
    50      1  1.0E+00     51 (2.0E-08) 8.7E-05  2.6130382E+00    99 9.7E+00
    51      1  1.0E+00     52 (3.0E-08) 4.4E-05  2.6130359E+00    99 9.7E+00
    52      1  1.0E+00     53 (3.6E-08) 6.0E-05  2.6130352E+00    99 9.7E+00
    53      1  1.0E+00     54 (1.1E-08) 6.4E-05  2.6130345E+00    99 9.7E+00
    54      1  1.0E+00     55 (3.4E-08) 4.0E-05  2.6130331E+00    99 9.7E+00
    55      1  1.0E+00     56 (7.9E-09) 2.6E-05  2.6130321E+00    99 9.7E+00
    56      1  1.0E+00     57 (2.9E-08) 4.0E-05  2.6130309E+00    99 9.7E+00   R
    57      1  4.2E-01     58 (1.7E-08) 1.2E-05  2.6130300E+00    99 9.7E+00 s
    58      1  1.0E+00     59 (2.7E-10) 1.2E-05  2.6130297E+00    99 9.7E+00
    59      1  1.0E+00     60 (1.5E-09) 1.9E-05  2.6130292E+00    99 9.7E+00

 Major Minors     Step   nCon Feasible  Optimal  MeritFunction    nS Penalty
    60      1  1.0E+00     61 (7.6E-09) 3.3E-05  2.6130282E+00    99 9.7E+00
    61      1  1.0E+00     62 (3.3E-09) 3.0E-05  2.6130270E+00    99 9.7E+00
    62      1  1.0E+00     63 (1.7E-08) 1.5E-05  2.6130257E+00    99 9.7E+00
    63      1  1.0E+00     64 (2.7E-08) 1.4E-05  2.6130245E+00    99 9.7E+00
    64      1  1.0E+00     65 (1.7E-08) 1.5E-05  2.6130234E+00    99 9.7E+00
    65      1  1.0E+00     66 (2.3E-09) 1.6E-05  2.6130220E+00    99 9.7E+00
    66      1  1.0E+00     67 (2.4E-08) 2.2E-05  2.6130199E+00    99 9.7E+00
    67      1  1.0E+00     68 (1.3E-07) 2.7E-05  2.6130167E+00    99 9.7E+00   R
    68      1  1.0E+00     69 (2.4E-09) 2.9E-05  2.6130148E+00    99 9.7E+00 s
    69      1  5.0E-01     70 (6.5E-09) 4.8E-05  2.6130136E+00    99 9.7E+00

 Major Minors     Step   nCon Feasible  Optimal  MeritFunction    nS Penalty
    70      1  1.0E+00     71 (1.2E-08) 1.4E-05  2.6130128E+00    99 9.7E+00
    71      1  1.0E+00     72 (7.6E-09) 3.1E-05  2.6130123E+00    99 9.7E+00
    72      1  1.0E+00     73 (1.3E-09) 2.7E-05  2.6130114E+00    99 9.7E+00
    73      1  1.0E+00     74 (5.9E-09) 2.9E-05  2.6130106E+00    99 9.7E+00
    74      1  1.0E+00     75 (4.9E-08) 3.9E-05  2.6130101E+00    99 9.7E+00
    75      1  1.0E+00     76 (3.5E-08) 1.9E-05  2.6130095E+00    99 9.7E+00
    76      1  1.0E+00     77 (1.3E-09) 3.4E-05  2.6130092E+00    99 9.7E+00
    77      1  1.0E+00     78 (7.7E-09) 1.2E-05  2.6130086E+00    99 9.7E+00
    78      1  1.0E+00     79 (1.8E-08) 4.1E-05  2.6130080E+00    99 9.7E+00   R
    79      1  4.5E-01     80 (9.6E-09) 1.3E-05  2.6130075E+00    99 9.7E+00 s

 Major Minors     Step   nCon Feasible  Optimal  MeritFunction    nS Penalty
    80      1  1.0E+00     81 (2.8E-10) 7.8E-06  2.6130074E+00    99 9.7E+00
    81      1  1.0E+00     82 (2.0E-09) 2.0E-05  2.6130071E+00    99 9.7E+00
    82      1  1.0E+00     83 (2.4E-10) 2.9E-05  2.6130067E+00    99 9.7E+00
    83      1  1.0E+00     84 (8.0E-09) 2.4E-05  2.6130062E+00    99 9.7E+00
    84      1  1.0E+00     85 (1.7E-08) 6.3E-06  2.6130057E+00    99 9.7E+00
    85      1  1.0E+00     86 (1.2E-08) 7.6E-06  2.6130054E+00    99 9.7E+00
    86      1  1.0E+00     87 (2.1E-09) 1.2E-05  2.6130052E+00    99 9.7E+00
    87      1  1.0E+00     88 (2.9E-09) 1.6E-05  2.6130049E+00    99 9.7E+00
    88      1  1.0E+00     89 (1.6E-08) 1.2E-05  2.6130046E+00    99 9.7E+00
    89      1  1.0E+00     90 (2.0E-08) 6.5E-06  2.6130043E+00    99 9.7E+00   R

 Major Minors     Step   nCon Feasible  Optimal  MeritFunction    nS Penalty
    90      1  1.0E+00     91 (5.9E-11) 9.6E-06  2.6130042E+00    99 9.7E+00 s
    91      1  4.9E-01     92 (1.4E-09) 8.9E-06  2.6130040E+00    99 9.7E+00
    92      1  4.5E-01     93 (3.5E-09) 4.2E-06  2.6130038E+00    99 9.7E+00
    93      1  4.6E-01     94 (1.8E-09) 3.4E-06  2.6130038E+00    99 9.7E+00
    94      1  1.0E+00     95 (1.3E-09) 5.4E-06  2.6130038E+00    99 9.7E+00
    95      1  1.0E+00     96 (1.5E-09) 6.4E-06  2.6130038E+00    99 9.7E+00
    96      1  1.0E+00     97 (2.3E-10) 8.8E-06  2.6130037E+00    99 9.7E+00
    97      1  1.0E+00     98 (8.5E-10) 6.9E-06  2.6130037E+00    99 9.7E+00
    98      1  4.6E-01     99 (3.8E-10) 3.6E-06  2.6130037E+00    99 9.7E+00
    99      1  1.0E+00    100 (4.2E-09) 5.1E-06  2.6130037E+00    99 9.7E+00

 Major Minors     Step   nCon Feasible  Optimal  MeritFunction    nS Penalty
   100      1  1.0E+00    101 (6.7E-10) 5.3E-06  2.6130037E+00    99 9.7E+00   R
   101      1  3.5E-01    102 (4.7E-10) 2.1E-06  2.6130037E+00    99 9.7E+00 s
   102      1  1.0E+00    103 (4.5E-12)(1.4E-06) 2.6130037E+00    99 9.7E+00       c
   102      2  1.0E+00    103 (4.5E-12)(1.4E-06) 2.6130037E+00    99 9.7E+00       c
 
 SNOPTA EXIT   0 -- finished successfully
 SNOPTA INFO   1 -- optimality conditions satisfied

 Problem name
 No. of iterations                 779   Objective value      2.6130036510E+00
 No. of major iterations           102   Linear objective     0.0000000000E+00
 Penalty parameter           9.672E+00   Nonlinear objective  2.6130036510E+00
 No. of calls to funobj          53244   No. of calls to funcon          53244
 Calls with modes 1,2 (known g)    103   Calls with modes 1,2 (known g)    103
 Calls for forward differencing  52015   Calls for forward differencing  52015
 Calls for central differencing   1010   Calls for central differencing   1010
 No. of superbasics                 99   No. of basic nonlinears           306
 No. of degenerate steps            94   Percentage                      12.07
 Max x                     102 6.0E+00   Max pi                    306 5.1E+00
 Max Primal infeas           0 0.0E+00   Max Dual infeas           479 8.4E-06
 Nonlinear constraint violn    1.9E-10

 Solution not printed
