 

 Nonlinear constraints     156     Linear constraints       0
 Nonlinear variables       255     Linear variables         0
 Jacobian  variables       255     Objective variables    255
 Total constraints         156     Total variables        255
 

 
 The user has defined       0   out of   40035   first  derivatives
 

        Minor   QPmult   nInf   SumInf   rgNorm    QPobjective    nS
          100  2.6E+01                  6.9E-14  2.7607090E+02     1
          200 -1.6E-01                  4.4E-13  2.5672416E+02    74

 Major Minors     Step   nCon Feasible  Optimal  MeritFunction    nS Penalty
     0    226               1 (3.2E-12) 1.9E-01  3.9683333E+02    99           r  T
     1      9  1.4E-01      2 (5.7E-08) 2.1E-01  3.5905905E+02    93         n rl
     2     70  1.3E-01      3  1.1E-04  2.3E-01  3.2511412E+02    26         s  l
     3     74  1.0E+00      4  2.0E-02  1.0E-01  1.3184629E+01    59
     4     49  1.0E+00      5  1.2E-02  6.2E-02  5.8159762E+00    47
     5     27  1.0E+00      6  7.8E-03  7.2E-02  4.5844100E+00    63 3.4E-02
     6     27  1.0E+00      7  2.2E-03  2.6E-02  3.4076593E+00    60 3.4E-02
     7     26  1.0E+00      8  9.2E-04  5.6E-02  3.1605403E+00    53 3.4E-02
     8     14  1.0E+00      9  4.0E-04  5.6E-02  3.0488216E+00    62 3.4E-02
     9     16  1.0E+00     10  3.2E-04  2.6E-02  2.8329127E+00    66 3.4E-02

 Major Minors     Step   nCon Feasible  Optimal  MeritFunction    nS Penalty
    10      7  4.8E-01     11  1.7E-04  9.8E-03  2.7689384E+00    66 3.4E-02
    11      8  1.0E+00     12  1.9E-04  1.3E-02  2.7369739E+00    64 3.4E-02
    12      6  1.0E+00     13  8.5E-05  1.7E-02  2.7063173E+00    67 3.4E-02   R
    13      1  4.1E-01     14  5.0E-05  4.0E-03  2.6820239E+00    67 3.4E-02 s
    14      1  1.0E+00     15  2.6E-06  2.2E-03  2.6770725E+00    67 3.4E-02
    15      2  1.0E+00     16  4.6E-06  2.4E-03  2.6695627E+00    68 3.4E-02
    16      1  1.0E+00     17  1.4E-05  6.1E-03  2.6580089E+00    68 3.4E-02
    17      1  1.0E+00     18  9.7E-06  4.4E-03  2.6477495E+00    68 3.4E-02
    18      2  1.0E+00     19  1.1E-05  2.1E-03  2.6417715E+00    67 3.4E-02
    19      2  1.0E+00     20  7.0E-06  1.2E-03  2.6390040E+00    68 3.4E-02

 Major Minors     Step   nCon Feasible  Optimal  MeritFunction    nS Penalty
    20      1  1.0E+00     21  4.3E-06  1.6E-03  2.6372171E+00    68 3.4E-02
    21      1  1.0E+00     22  1.8E-06  1.3E-03  2.6357021E+00    68 3.4E-02
    22      1  1.0E+00     23  3.6E-06  1.2E-03  2.6342676E+00    68 3.4E-02
    23      1  1.0E+00     24  7.2E-06  8.7E-04  2.6332581E+00    68 3.4E-02   R
    24      2  1.0E+00     25 (2.5E-07) 8.9E-04  2.6328262E+00    67 3.4E-02 s
    25      1  1.0E+00     26  5.3E-06  2.7E-03  2.6322399E+00    67 3.4E-02
    26      2  1.0E+00     27  5.3E-06  2.8E-03  2.6316685E+00    68 3.4E-02
    27      2  1.0E+00     28  1.2E-06  1.9E-03  2.6310598E+00    67 3.4E-02
    28      1  1.0E+00     29  1.0E-06  2.3E-03  2.6308354E+00    67 3.4E-02
    29      2  1.0E+00     30  1.2E-06  1.3E-03  2.6302651E+00    68 3.4E-02

 Major Minors     Step   nCon Feasible  Optimal  MeritFunction    nS Penalty
    30      1  1.0E+00     31  1.2E-06  1.8E-03  2.6300960E+00    68 3.4E-02
    31      2  1.0E+00     32 (4.6E-07) 1.4E-03  2.6297659E+00    67 3.4E-02
    32      1  1.0E+00     33 (5.8E-07) 9.2E-04  2.6296307E+00    67 3.4E-02
    33      1  1.0E+00     34 (3.1E-07) 1.4E-03  2.6295051E+00    67 3.4E-02
    34      2  1.0E+00     35 (5.5E-07) 9.2E-04  2.6293858E+00    68 3.4E-02   R
    35      1  4.2E-01     36 (2.2E-07) 2.4E-04  2.6292724E+00    68 3.4E-02 s
    36      2  1.0E+00     37 (2.9E-08) 8.6E-05  2.6292488E+00    67 3.4E-02
    37      1  1.0E+00     38 (3.7E-07) 2.0E-04  2.6291886E+00    67 3.4E-02
    38      1  1.0E+00     39 (6.3E-07) 2.5E-04  2.6291286E+00    67 3.4E-02
    39      2  1.0E+00     40 (3.0E-07) 2.0E-04  2.6290813E+00    68 3.4E-02

 Major Minors     Step   nCon Feasible  Optimal  MeritFunction    nS Penalty
    40      1  1.0E+00     41 (1.8E-07) 1.3E-04  2.6290509E+00    68 3.4E-02
    41      1  1.0E+00     42 (3.9E-07) 2.4E-04  2.6290252E+00    68 3.4E-02
    42      1  1.0E+00     43 (4.9E-07) 2.5E-04  2.6290006E+00    68 3.4E-02
    43      1  1.0E+00     44 (3.5E-07) 1.7E-04  2.6289787E+00    68 3.4E-02
    44      1  1.0E+00     45 (6.1E-08) 1.4E-04  2.6289605E+00    68 3.4E-02
    45      1  1.0E+00     46 (1.8E-07) 1.9E-04  2.6289432E+00    68 3.4E-02   R
    46      1  1.0E+00     47 (7.8E-09) 9.8E-05  2.6289343E+00    68 3.4E-02 s
    47      1  1.0E+00     48 (3.2E-07) 1.5E-04  2.6289144E+00    68 3.4E-02
    48      2  1.0E+00     49 (2.8E-08) 2.5E-04  2.6289114E+00    67 3.4E-02
    49      2  1.0E+00     50 (2.2E-08) 1.5E-04  2.6288998E+00    68 3.4E-02

 Major Minors     Step   nCon Feasible  Optimal  MeritFunction    nS Penalty
    50      1  1.0E+00     51 (1.0E-07) 1.9E-04  2.6288936E+00    68 3.4E-02
    51      2  1.0E+00     52 (1.3E-07) 1.6E-04  2.6288815E+00    67 3.4E-02
    52      1  1.0E+00     53 (9.7E-08) 2.3E-04  2.6288714E+00    67 3.4E-02
    53      2  1.0E+00     54 (2.3E-07) 2.3E-04  2.6288605E+00    68 3.4E-02
    54      1  1.0E+00     55 (1.6E-08) 1.3E-04  2.6288473E+00    68 3.4E-02
    55      1  1.0E+00     56 (1.1E-07) 1.5E-04  2.6288242E+00    68 3.4E-02
    56      1  1.0E+00     57  1.3E-06  5.5E-04  2.6287897E+00    68 3.4E-02   R
    57      1  5.0E-01     58 (6.6E-07) 1.3E-04  2.6287666E+00    68 3.4E-02 s
    58      1  1.0E+00     59 (4.2E-09) 1.0E-04  2.6287610E+00    68 3.4E-02
    59      1  1.0E+00     60 (6.5E-08) 6.3E-05  2.6287507E+00    68 3.4E-02

 Major Minors     Step   nCon Feasible  Optimal  MeritFunction    nS Penalty
    60      1  1.0E+00     61 (4.5E-08) 7.4E-05  2.6287455E+00    68 3.4E-02
    61      1  1.0E+00     62 (2.1E-08) 4.8E-05  2.6287414E+00    68 3.4E-02
    62      1  1.0E+00     63 (1.5E-08) 6.7E-05  2.6287367E+00    68 3.4E-02
    63      1  1.0E+00     64 (9.7E-08) 9.4E-05  2.6287313E+00    68 3.4E-02
    64      1  1.0E+00     65 (1.3E-07) 6.6E-05  2.6287267E+00    68 3.4E-02
    65      1  1.0E+00     66 (4.6E-08) 3.0E-05  2.6287237E+00    68 3.4E-02
    66      1  1.0E+00     67 (1.3E-08) 3.9E-05  2.6287216E+00    68 3.4E-02
    67      1  1.0E+00     68 (5.9E-08) 4.4E-05  2.6287195E+00    68 3.4E-02   R
    68      1  1.0E+00     69 (4.1E-09) 3.9E-05  2.6287183E+00    68 3.4E-02 s
    69      1  1.0E+00     70 (9.4E-08) 6.0E-05  2.6287148E+00    68 3.4E-02

 Major Minors     Step   nCon Feasible  Optimal  MeritFunction    nS Penalty
    70      1  1.0E+00     71 (3.1E-08) 1.1E-04  2.6287120E+00    68 3.4E-02
    71      1  1.0E+00     72 (7.8E-08) 1.2E-04  2.6287097E+00    68 3.4E-02
    72      1  1.0E+00     73 (9.1E-08) 1.2E-04  2.6287058E+00    68 3.4E-02
    73      1  1.0E+00     74 (1.3E-07) 1.0E-04  2.6287031E+00    68 3.4E-02
    74      1  1.0E+00     75 (1.3E-07) 6.2E-05  2.6287009E+00    68 3.4E-02
    75      1  1.0E+00     76 (6.1E-08) 1.1E-04  2.6286997E+00    68 3.4E-02
    76      1  1.0E+00     77 (2.1E-08) 6.4E-05  2.6286979E+00    68 3.4E-02
    77      1  1.0E+00     78 (2.3E-08) 7.3E-05  2.6286961E+00    68 3.4E-02
    78      1  1.0E+00     79 (6.7E-08) 1.0E-04  2.6286953E+00    68 3.4E-02   R
    79      1  1.0E+00     80 (3.1E-09) 9.5E-05  2.6286953E+00    68 3.4E-02 s

 Major Minors     Step   nCon Feasible  Optimal  MeritFunction    nS Penalty
    80      1  1.0E+00     81 (1.3E-10) 1.6E-05  2.6286945E+00    68 3.4E-02
    81      1  1.0E+00     82 (4.9E-11) 6.6E-06  2.6286945E+00    68 3.4E-02
    82      1  1.0E+00     83 (1.4E-09) 2.0E-05  2.6286942E+00    68 3.4E-02
    83      1  1.0E+00     84 (3.3E-10) 8.7E-06  2.6286941E+00    68 3.4E-02
    84      1  1.0E+00     85 (5.0E-10) 5.6E-06  2.6286940E+00    68 3.4E-02
    85      1  1.0E+00     86 (3.4E-10) 3.3E-06  2.6286940E+00    68 3.4E-02
    86      1  1.0E+00     87 (5.1E-11) 3.7E-06  2.6286939E+00    68 3.4E-02
    87      1  1.0E+00     88 (7.4E-11) 2.2E-06  2.6286939E+00    68 3.4E-02
    88      1  1.0E+00     89 (1.1E-10) 2.3E-06  2.6286939E+00    68 3.4E-02
    89      1  1.0E+00     90 (2.7E-10) 6.8E-06  2.6286939E+00    68 3.4E-02   R

 Major Minors     Step   nCon Feasible  Optimal  MeritFunction    nS Penalty
    90      1  1.0E+00     91 (4.5E-11) 2.1E-06  2.6286939E+00    68 3.4E-02 s
    91      1  1.0E+00     92 (1.4E-10) 3.3E-06  2.6286939E+00    68 3.4E-02
    92      1  1.0E+00     93 (1.9E-11) 5.0E-06  2.6286939E+00    68 3.4E-02
    93      1  1.0E+00     94 (1.1E-10)(1.4E-06) 2.6286939E+00    68 3.4E-02       c
    93      2  1.0E+00     94 (1.1E-10)(1.6E-06) 2.6286939E+00    68 3.4E-02       c
 
 SNOPTA EXIT   0 -- finished successfully
 SNOPTA INFO   1 -- optimality conditions satisfied

 Problem name
 No. of iterations                 656   Objective value      2.6286938829E+00
 No. of major iterations            93   Linear objective     0.0000000000E+00
 Penalty parameter           3.391E-02   Nonlinear objective  2.6286938829E+00
 No. of calls to funobj          24673   No. of calls to funcon          24673
 Calls with modes 1,2 (known g)     94   Calls with modes 1,2 (known g)     94
 Calls for forward differencing  23970   Calls for forward differencing  23970
 Calls for central differencing    510   Calls for central differencing    510
 No. of superbasics                 68   No. of basic nonlinears           156
 No. of degenerate steps            66   Percentage                      10.06
 Max x                      51 1.0E+01   Max pi                    156 5.2E+00
 Max Primal infeas           0 0.0E+00   Max Dual infeas           246 1.3E-05
 Nonlinear constraint violn    4.0E-09

 Solution not printed
