
 
 ===>  WARNING - variable      103 has no Jacobian entries.
 ===>  WARNING - variable      104 has no Jacobian entries.
 ===>  WARNING - variable      105 has no Jacobian entries.
 

 Nonlinear constraints       3     Linear constraints       0
 Nonlinear variables       102     Linear variables         3
 Jacobian  variables       102     Objective variables    102
 Total constraints           3     Total variables        105
 

 
 The user has defined       0   out of     408   first  derivatives
 

        Minor   QPmult   nInf   SumInf   rgNorm    QPobjective    nS
          100 -2.5E-01                          -2.0344601E+02    26

 Major Minors     Step   nCon Feasible  Optimal  MeritFunction    nS Penalty
     0    100               1 (0.0E+00) 6.5E+00  3.9135000E+02    26           r
     1      6  1.9E-01      2 (0.0E+00) 5.2E+00  2.4724101E+02    21         n rl
     2     42  2.4E-01      3 (0.0E+00) 4.0E+00  1.3894060E+02    62         s  l
     3     70  3.2E-01      4 (0.0E+00) 5.5E+00  8.7202421E+01    41
     4     99  1.0E+00      5 (0.0E+00) 2.4E+01  3.8442594E+01    91
     5      4  1.0E+00      6 (0.0E+00) 5.6E+00  6.3316577E+00    94
     6      4  1.0E+00      7 (0.0E+00) 4.7E-02  3.2342241E+00    91
     7      3  1.0E+00      8 (0.0E+00) 2.4E-01  3.1329277E+00    89
     8     10  1.0E+00      9 (0.0E+00) 2.8E-01  3.0440118E+00    80
     9      5  1.0E+00     10 (0.0E+00) 2.0E-01  2.9408020E+00    78

 Major Minors     Step   nCon Feasible  Optimal  MeritFunction    nS Penalty
    10      4  1.0E+00     11 (0.0E+00) 7.6E-02  2.8960562E+00    75
    11      3  1.0E+00     12 (0.0E+00) 1.7E-02  2.8674018E+00    73
    12      2  1.0E+00     13 (0.0E+00) 1.6E-02  2.8500676E+00    72           R
    13     11  1.0E+00     14 (0.0E+00) 1.9E-01  2.8473663E+00    82         s
    14      9  1.0E+00     15 (0.0E+00) 7.4E-02  2.8380124E+00    78
    15      5  1.0E+00     16 (0.0E+00) 6.2E-02  2.8315463E+00    74
    16      1  1.0E+00     17 (0.0E+00) 3.3E-02  2.8050383E+00    74
    17      3  1.0E+00     18 (0.0E+00) 3.9E-02  2.7926809E+00    72
    18      3  1.0E+00     19 (0.0E+00) 4.3E-02  2.7772147E+00    70
    19      4  1.0E+00     20 (0.0E+00) 3.4E-02  2.7685759E+00    71

 Major Minors     Step   nCon Feasible  Optimal  MeritFunction    nS Penalty
    20      1  1.0E+00     21 (0.0E+00) 2.1E-02  2.7644073E+00    71
    21      2  1.0E+00     22 (0.0E+00) 1.9E-02  2.7626960E+00    70
    22      2  1.0E+00     23 (0.0E+00) 2.8E-02  2.7599635E+00    69
    23      2  1.0E+00     24 (0.0E+00) 3.7E-02  2.7566199E+00    70           R
    24      7  1.0E+00     25 (0.0E+00) 5.1E-02  2.7552703E+00    74         s
    25      7  1.4E-01     26 (0.0E+00) 3.6E-02  2.7542304E+00    70
    26      1  1.0E+00     27 (0.0E+00) 1.9E-02  2.7514219E+00    70
    27      3  1.0E+00     28 (0.0E+00) 2.0E-02  2.7492035E+00    68
    28      1  1.0E+00     29 (0.0E+00) 2.9E-02  2.7437626E+00    68
    29      3  1.0E+00     30 (0.0E+00) 1.9E-02  2.7422563E+00    70

 Major Minors     Step   nCon Feasible  Optimal  MeritFunction    nS Penalty
    30      1  1.0E+00     31 (0.0E+00) 8.9E-03  2.7410411E+00    70
    31      1  1.0E+00     32 (0.0E+00) 1.7E-02  2.7396608E+00    70
    32      1  1.0E+00     33 (0.0E+00) 2.6E-02  2.7373642E+00    70
    33      1  1.0E+00     34 (0.0E+00) 2.3E-02  2.7353407E+00    70
    34      1  1.0E+00     35 (0.0E+00) 1.3E-02  2.7340219E+00    70           R
    35      3  4.1E-01     36 (0.0E+00) 2.3E-02  2.7338988E+00    72         s
    36      2  1.0E+00     37 (0.0E+00) 1.3E-02  2.7333723E+00    71
    37      1  1.0E+00     38 (0.0E+00) 1.3E-02  2.7321900E+00    71
    38      2  1.0E+00     39 (0.0E+00) 1.2E-02  2.7319952E+00    70
    39      2  1.0E+00     40 (0.0E+00) 5.4E-03  2.7316592E+00    71

 Major Minors     Step   nCon Feasible  Optimal  MeritFunction    nS Penalty
    40      1  1.0E+00     41 (0.0E+00) 5.9E-03  2.7315346E+00    71
    41      2  1.0E+00     42 (0.0E+00) 1.5E-02  2.7314001E+00    70
    42      1  1.0E+00     43 (0.0E+00) 1.7E-02  2.7312183E+00    70
    43      1  1.0E+00     44 (0.0E+00) 1.5E-02  2.7309099E+00    70
    44      2  1.0E+00     45 (0.0E+00) 9.7E-03  2.7307780E+00    69
    45      1  1.0E+00     46 (0.0E+00) 2.6E-03  2.7306174E+00    69           R
    46      3  1.0E+00     47 (0.0E+00) 2.6E-03  2.7305640E+00    69         s
    47      4  1.0E+00     48 (0.0E+00) 6.1E-02  2.7305470E+00    72
    48      4  1.4E-01     49 (0.0E+00) 2.0E-02  2.7303085E+00    69
    49      1  1.0E+00     50 (0.0E+00) 4.5E-03  2.7300621E+00    69

 Major Minors     Step   nCon Feasible  Optimal  MeritFunction    nS Penalty
    50      1  1.0E+00     51 (0.0E+00) 8.8E-03  2.7299007E+00    69
    51      1  1.0E+00     52 (0.0E+00) 9.7E-03  2.7295283E+00    69
    52      1  1.0E+00     53 (0.0E+00) 6.0E-03  2.7293682E+00    69
    53      1  1.0E+00     54 (0.0E+00) 1.3E-03  2.7292607E+00    69
    54      2  1.0E+00     55 (0.0E+00) 7.3E-03  2.7291731E+00    68
    55      1  1.0E+00     56 (0.0E+00) 7.5E-03  2.7291020E+00    68
    56      2  1.0E+00     57 (0.0E+00) 2.6E-03  2.7290709E+00    69           R
    57      2  1.2E-01     58 (0.0E+00) 1.2E-03  2.7290699E+00    68         s
    58      1  1.0E+00     59 (0.0E+00) 1.1E-03  2.7290692E+00    68
    59      1  1.0E+00     60 (0.0E+00) 9.9E-04  2.7290661E+00    68

 Major Minors     Step   nCon Feasible  Optimal  MeritFunction    nS Penalty
    60      1  1.0E+00     61 (0.0E+00) 9.3E-04  2.7290654E+00    68
    61      1  1.0E+00     62 (0.0E+00) 7.6E-04  2.7290646E+00    68
    62      1  1.0E+00     63 (0.0E+00) 3.8E-04  2.7290632E+00    68
    63      1  1.0E+00     64 (0.0E+00) 1.7E-04  2.7290623E+00    68
    64      1  1.0E+00     65 (0.0E+00) 3.9E-04  2.7290620E+00    68
    65      1  1.0E+00     66 (0.0E+00) 4.5E-04  2.7290619E+00    68
    66      1  1.0E+00     67 (0.0E+00) 5.5E-04  2.7290618E+00    68
    67      1  1.0E+00     68 (0.0E+00) 6.3E-04  2.7290615E+00    68           R
    68      1  1.0E+00     69 (0.0E+00) 6.5E-04  2.7290614E+00    68         s
    69      1  1.0E+00     70 (0.0E+00) 3.5E-04  2.7290612E+00    68

 Major Minors     Step   nCon Feasible  Optimal  MeritFunction    nS Penalty
    70      1  1.0E+00     71 (0.0E+00) 1.7E-04  2.7290611E+00    68
    71      1  1.0E+00     72 (0.0E+00) 3.6E-04  2.7290609E+00    68
    72      1  1.0E+00     73 (0.0E+00) 6.5E-04  2.7290605E+00    68
    73      1  1.0E+00     74 (0.0E+00) 7.8E-04  2.7290599E+00    68
    74      1  1.0E+00     75 (0.0E+00) 5.8E-04  2.7290594E+00    68
    75      1  1.0E+00     76 (0.0E+00) 2.5E-04  2.7290592E+00    68
    76      1  1.0E+00     77 (0.0E+00) 2.0E-04  2.7290591E+00    68
    77      1  1.0E+00     78 (0.0E+00) 3.8E-04  2.7290590E+00    68
    78      1  1.0E+00     79 (0.0E+00) 5.9E-04  2.7290588E+00    68           R
    79      1  1.0E+00     80 (0.0E+00) 3.1E-04  2.7290588E+00    68         s

 Major Minors     Step   nCon Feasible  Optimal  MeritFunction    nS Penalty
    80      1  1.0E+00     81 (0.0E+00) 1.1E-04  2.7290587E+00    68
    81      1  1.0E+00     82 (0.0E+00) 7.3E-05  2.7290587E+00    68
    82      1  1.0E+00     83 (0.0E+00) 7.3E-05  2.7290586E+00    68
    83      1  1.0E+00     84 (0.0E+00) 1.0E-04  2.7290586E+00    68
    84      1  1.0E+00     85 (0.0E+00) 1.5E-04  2.7290585E+00    68
    85      1  1.0E+00     86 (0.0E+00) 1.6E-04  2.7290585E+00    68
    86      1  1.0E+00     87 (0.0E+00) 1.5E-04  2.7290585E+00    68
    87      1  1.0E+00     88 (0.0E+00) 1.5E-04  2.7290585E+00    68
    88      1  1.0E+00     89 (0.0E+00) 1.3E-04  2.7290584E+00    68
    89      1  1.0E+00     90 (0.0E+00) 7.7E-05  2.7290584E+00    68           R

 Major Minors     Step   nCon Feasible  Optimal  MeritFunction    nS Penalty
    90      1  1.0E+00     91 (0.0E+00) 1.7E-04  2.7290584E+00    68         s
    91      1  4.4E-01     92 (0.0E+00) 1.1E-04  2.7290584E+00    68
    92      1  1.0E+00     93 (0.0E+00) 4.7E-05  2.7290584E+00    68
    93      1  1.0E+00     94 (0.0E+00) 1.5E-04  2.7290584E+00    68
    94      1  1.0E+00     95 (0.0E+00) 1.8E-04  2.7290584E+00    68
    95      1  1.0E+00     96 (0.0E+00) 1.1E-04  2.7290583E+00    68
    96      1  1.0E+00     97 (0.0E+00) 3.1E-05  2.7290583E+00    68
    97      1  1.0E+00     98 (0.0E+00) 7.9E-05  2.7290583E+00    68
    98      1  1.0E+00     99 (0.0E+00) 1.4E-04  2.7290583E+00    68
    99      1  1.0E+00    100 (0.0E+00) 1.2E-04  2.7290583E+00    68

 Major Minors     Step   nCon Feasible  Optimal  MeritFunction    nS Penalty
   100      1  1.0E+00    101 (0.0E+00) 5.4E-05  2.7290583E+00    68           R
   101      1  3.6E-01    102 (0.0E+00) 9.7E-05  2.7290583E+00    68         s
   102      1  1.0E+00    103 (0.0E+00) 9.4E-05  2.7290583E+00    68
   103      1  1.0E+00    104 (0.0E+00) 4.9E-05  2.7290583E+00    68
   104      1  1.0E+00    105 (0.0E+00) 3.9E-05  2.7290583E+00    68
   105      1  1.0E+00    106 (0.0E+00) 2.3E-05  2.7290583E+00    68
   106      1  1.0E+00    107 (0.0E+00) 2.3E-05  2.7290583E+00    68
   107      1  1.0E+00    108 (0.0E+00) 2.7E-05  2.7290583E+00    68
   108      1  1.0E+00    109 (0.0E+00) 2.7E-05  2.7290583E+00    68
   109      1  1.0E+00    110 (0.0E+00) 2.2E-05  2.7290583E+00    68

 Major Minors     Step   nCon Feasible  Optimal  MeritFunction    nS Penalty
   110      1  1.0E+00    111 (0.0E+00) 1.9E-05  2.7290583E+00    68
   111      1  1.0E+00    112 (0.0E+00) 1.9E-05  2.7290583E+00    68           R
   111      2  1.0E+00    112 (0.0E+00) 1.8E-05  2.7290583E+00    68           R   c
   112      1  1.0E+00    113 (0.0E+00) 1.8E-05  2.7290583E+00    68         s     c
   113      1  1.0E+00    114 (0.0E+00) 1.1E-04  2.7290583E+00    68
   114      1  4.5E-02    115 (0.0E+00) 4.2E-05  2.7290583E+00    68
   115      1  1.0E+00    116 (0.0E+00) 1.8E-05  2.7290583E+00    68
   116      1  1.0E+00    117 (0.0E+00) 3.5E-05  2.7290583E+00    68
   117      1  1.0E+00    118 (0.0E+00) 1.5E-05  2.7290583E+00    68
   118      1  1.0E+00    119 (0.0E+00) 2.3E-05  2.7290583E+00    68
   119      1  1.0E+00    120 (0.0E+00) 1.1E-05  2.7290583E+00    68

 Major Minors     Step   nCon Feasible  Optimal  MeritFunction    nS Penalty
   120      1  1.0E+00    121 (0.0E+00) 7.0E-06  2.7290583E+00    68
   121      1  1.0E+00    122 (0.0E+00) 5.1E-06  2.7290583E+00    68
   122      1  1.0E+00    123 (0.0E+00) 4.7E-06  2.7290583E+00    68           R
   123      1  4.4E-01    124 (0.0E+00) 8.9E-06  2.7290583E+00    68         s
   124      1  1.9E-01    125 (0.0E+00) 2.5E-06  2.7290583E+00    68
   124      2  1.0E+00    125 (0.0E+00) 5.0E-06  2.7290583E+00    68               c
   125      1  1.0E+00    126 (0.0E+00) 2.8E-06  2.7290583E+00    68               c
   126      1  1.0E+00    127 (0.0E+00) 3.0E-06  2.7290583E+00    68               c
   127      1  1.0E+00    128 (0.0E+00) 6.9E-06  2.7290583E+00    68               c
   128      1  1.0E+00    129 (0.0E+00) 7.7E-06  2.7290583E+00    68               c
   129      1  1.0E+00    130 (0.0E+00) 5.4E-06  2.7290583E+00    68               c

 Major Minors     Step   nCon Feasible  Optimal  MeritFunction    nS Penalty
   130      1  1.0E+00    131 (0.0E+00) 2.4E-06  2.7290583E+00    68               c
   131      1  1.0E+00    132 (0.0E+00) 2.2E-06  2.7290583E+00    68               c
   132      1  1.0E+00    133 (0.0E+00)(2.0E-06) 2.7290583E+00    68               c
 
 SNOPTA EXIT   0 -- finished successfully
 SNOPTA INFO   1 -- optimality conditions satisfied

 Problem name
 No. of iterations                 540   Objective value      2.7290582647E+00
 No. of major iterations           132   Linear objective     0.0000000000E+00
 Penalty parameter           0.000E+00   Nonlinear objective  2.7290582647E+00
 No. of calls to funobj          15282   No. of calls to funcon          15282
 Calls with modes 1,2 (known g)    133   Calls with modes 1,2 (known g)    133
 Calls for forward differencing  12546   Calls for forward differencing  12546
 Calls for central differencing   2448   Calls for central differencing   2448
 No. of superbasics                 68   No. of basic nonlinears             0
 No. of degenerate steps             0   Percentage                        .00
 Max x       (scaled)        5 6.0E-01   Max pi      (scaled)        1 0.0E+00
 Max x                       5 6.0E-01   Max pi                      1 0.0E+00
 Max Prim inf(scaled)        0 0.0E+00   Max Dual inf(scaled)        4 8.9E-06
 Max Primal infeas           0 0.0E+00   Max Dual infeas             4 8.9E-06
 Nonlinear constraint violn    0.0E+00

 Solution not printed
